0.0 0.0
0.0200400801603 0.0
0.0400801603206 0.0
0.060120240481 0.0
0.0801603206413 0.0
0.100200400802 0.0
0.120240480962 0.0
0.140280561122 0.0
0.160320641283 0.0
0.180360721443 0.0
0.200400801603 0.0
0.220440881764 0.0
0.240480961924 0.0
0.260521042084 0.0
0.280561122244 3.29719389858e-12
0.300601202405 3.88604550916e-12
0.320641282565 4.54887593288e-12
0.340681362725 5.32503578726e-12
0.360721442886 5.99423740757e-12
0.380761523046 6.65119841107e-12
0.400801603206 7.30815941458e-12
0.420841683367 7.97061916657e-12
0.440881763527 8.63727094188e-12
0.460921843687 9.30392271719e-12
0.480961923848 9.96394351106e-12
0.501002004008 1.06026792371e-11
0.521042084168 1.12414149632e-11
0.541082164329 1.18801506893e-11
0.561122244489 1.25143113874e-11
0.581162324649 1.31480065645e-11
0.60120240481 1.37817017417e-11
0.62124248497 1.44060857941e-11
0.64128256513 1.5023664973e-11
0.661322645291 1.56412441519e-11
0.681362725451 1.62363385196e-11
0.701402805611 1.67632050227e-11
0.721442885772 1.72900715259e-11
0.741482965932 1.78169380291e-11
0.761523046092 1.83186054491e-11
0.781563126253 1.88180213815e-11
0.801603206413 1.93174373138e-11
0.821643286573 1.97374414564e-11
0.841683366733 2.01018244832e-11
0.861723446894 2.046620751e-11
0.881763527054 2.07853282638e-11
0.901803607214 2.09744147123e-11
0.921843687375 2.11635011608e-11
0.941883767535 2.13525876092e-11
0.961923847695 2.14665866123e-11
0.981963927856 2.15747873918e-11
1.00200400802 2.16829881712e-11
1.02204408818 2.18270318645e-11
1.04208416834 2.19951277943e-11
1.0621242485 2.2163223724e-11
1.08216432866 2.23220909522e-11
1.10220440882 2.24558206078e-11
1.12224448898 2.25895502635e-11
1.14228456914 2.27232799191e-11
1.1623246493 2.27571915892e-11
1.18236472946 2.27845793232e-11
1.20240480962 2.28119670571e-11
1.22244488978 2.28315359043e-11
1.24248496994 2.28460797487e-11
1.2625250501 2.28606235931e-11
1.28256513026 2.28806088253e-11
1.30260521042 2.29146645936e-11
1.32264529058 2.29487203619e-11
1.34268537074 2.29827761303e-11
1.3627254509 2.3055867325e-11
1.38276553106 2.31310568845e-11
1.40280561122 2.3206246444e-11
1.42284569138 2.32511960464e-11
1.44288577154 2.32775404726e-11
1.4629258517 2.33038848989e-11
1.48296593186 2.33345726895e-11
1.50300601202 2.33759351191e-11
1.52304609218 2.34172975486e-11
1.54308617234 2.34586599781e-11
1.56312625251 2.34460308166e-11
1.58316633267 2.34311122775e-11
1.60320641283 2.34161937384e-11
1.62324649299 2.3402335253e-11
1.64328657315 2.33891008513e-11
1.66332665331 2.33758664497e-11
1.68336673347 2.33760238132e-11
1.70340681363 2.34074962815e-11
1.72344689379 2.34389687499e-11
1.74348697395 2.34704412183e-11
1.76352705411 2.33612188816e-11
1.78356713427 2.32475939803e-11
1.80360721443 2.3133969079e-11
1.82364729459 2.3066989824e-11
1.84368737475 2.30262749813e-11
1.86372745491 2.29855601386e-11
1.88376753507 2.29863371108e-11
1.90380761523 2.3079517999e-11
1.92384769539 2.31726988872e-11
1.94388777555 2.32658797754e-11
1.96392785571 2.3193954538e-11
1.98396793587 2.31186586486e-11
2.00400801603 2.30433627593e-11
2.02404809619 2.29748806467e-11
2.04408817635 2.29100657944e-11
2.06412825651 2.28452509421e-11
2.08416833667 2.27816541203e-11
2.10420841683 2.27206430333e-11
2.12424849699 2.26596319464e-11
2.14428857715 2.25986208594e-11
2.16432865731 2.25256093947e-11
2.18436873747 2.24524807395e-11
2.20440881764 2.23793520844e-11
2.2244488978 2.22697127976e-11
2.24448897796 2.21413019191e-11
2.26452905812 2.20128910406e-11
2.28456913828 2.18787649922e-11
2.30460921844 2.17330643674e-11
2.3246492986 2.15873637426e-11
2.34468937876 2.14417078442e-11
2.36472945892 2.13633257869e-11
2.38476953908 2.12849437297e-11
2.40480961924 2.12065616724e-11
2.4248496994 2.11208856423e-11
2.44488977956 2.10316296566e-11
2.46492985972 2.09423736709e-11
2.48496993988 2.08185887246e-11
2.50501002004 2.06280415435e-11
2.5250501002 2.04374943623e-11
2.54509018036 2.0248509671e-11
2.56513026052 2.02000081515e-11
2.58517034068 2.0151506632e-11
2.60521042084 2.01030051125e-11
2.625250501 1.9977743104e-11
2.64529058116 1.98165427668e-11
2.66533066132 1.96553424296e-11
2.68537074148 1.94966006619e-11
2.70541082164 1.93424003371e-11
2.7254509018 1.91882000124e-11
2.74549098196 1.90349282902e-11
2.76553106212 1.89242519383e-11
2.78557114228 1.88135755863e-11
2.80561122244 1.87028992344e-11
2.82565130261 1.849473595e-11
2.84569138277 1.82430699122e-11
2.86573146293 1.79914038743e-11
2.88577154309 1.77905690097e-11
2.90581162325 1.76794918083e-11
2.92585170341 1.7568414607e-11
2.94589178357 1.74552039127e-11
2.96593186373 1.72767623397e-11
2.98597194389 1.70983207667e-11
3.00601202405 1.69198791937e-11
3.02605210421 1.67368145345e-11
3.04609218437 1.655178533e-11
3.06613226453 1.63667561256e-11
3.08617234469 1.6187951102e-11
3.10621242485 1.60196583081e-11
3.12625250501 1.58513655142e-11
3.14629258517 1.56841284111e-11
3.16633266533 1.55409672527e-11
3.18637274549 1.53978060942e-11
3.20641282565 1.52546449358e-11
3.22645290581 1.50637285105e-11
3.24649298597 1.48535064893e-11
3.26653306613 1.46432844681e-11
3.28657314629 1.44218571239e-11
3.30661322645 1.41823194568e-11
3.32665330661 1.39427817898e-11
3.34669338677 1.37071738711e-11
3.36673346693 1.35427145543e-11
3.38677354709 1.33782552374e-11
3.40681362725 1.32137959206e-11
3.42685370741 1.30366932018e-11
3.44689378758 1.28547332477e-11
3.46693386774 1.26727732936e-11
3.4869739479 1.24950987393e-11
3.50701402806 1.23240551758e-11
3.52705410822 1.21530116123e-11
3.54709418838 1.19801319341e-11
3.56713426854 1.17797937212e-11
3.5871743487 1.15794555084e-11
3.60721442886 1.13791172955e-11
3.62725450902 1.11913843559e-11
3.64729458918 1.10082479132e-11
3.66733466934 1.08251114704e-11
3.6873747495 1.06499997188e-11
3.70741482966 1.04867805464e-11
3.72745490982 1.03235613741e-11
3.74749498998 1.01609965098e-11
3.76753507014 1.00067388681e-11
3.7875751503 9.85248122634e-12
3.80761523046 9.69822358458e-12
3.82765531062 9.51628835897e-12
3.84769539078 9.32478585222e-12
3.86773547094 9.13328334547e-12
3.8877755511 8.955412052e-12
3.90781563126 8.79689600179e-12
3.92785571142 8.63837995158e-12
3.94789579158 8.4812980243e-12
3.96793587174 8.33998831729e-12
3.9879759519 8.19867861028e-12
4.00801603206 8.05736890327e-12
4.02805611222 7.89869361763e-12
4.04809619238 7.73433614327e-12
4.06813627255 7.56997866891e-12
4.08817635271 7.41917839138e-12
4.10821643287 7.28682773323e-12
4.12825651303 7.15447707508e-12
4.14829659319 7.02150255743e-12
4.16833667335 6.88249271092e-12
4.18837675351 6.74348286441e-12
4.20841683367 6.6044730179e-12
4.22845691383 6.47743350032e-12
4.24849699399 6.35409581135e-12
4.26853707415 6.23075812237e-12
4.28857715431 6.10370767057e-12
4.30861723447 5.97181340859e-12
4.32865731463 5.83991914662e-12
4.34869739479 5.70978667735e-12
4.36873747495 5.59482954962e-12
4.38877755511 5.47987242189e-12
4.40881763527 5.36491529417e-12
4.42885771543 5.25973705579e-12
4.44889779559 5.15741200809e-12
4.46893787575 5.05508696038e-12
4.48897795591 4.95170577747e-12
4.50901803607 4.84700334911e-12
4.52905811623 4.74230092074e-12
4.54909819639 4.6382239196e-12
4.56913827655 4.53899066192e-12
4.58917835671 4.43975740423e-12
4.60921843687 4.34052414654e-12
4.62925851703 4.24260285108e-12
4.64929859719 4.14504201865e-12
4.66933867735 4.04748118622e-12
4.68937875752 3.95599515699e-12
4.70941883768 3.87179791371e-12
4.72945891784 3.78760067043e-12
4.749498998 3.70238593658e-12
4.76953907816 3.61002856769e-12
4.78957915832 3.51767119881e-12
4.80961923848 3.42531382992e-12
4.82965931864 3.34290910999e-12
4.8496993988 3.26307390895e-12
4.86973947896 3.18323870792e-12
4.88977955912 3.10544418016e-12
4.90981963928 3.02999833343e-12
4.92985971944 2.9545524867e-12
4.9498997996 2.88027148969e-12
4.96993987976 2.81345249367e-12
4.98997995992 2.74663349765e-12
5.01002004008 2.68125707711e-12
5.03006012024 2.61721929601e-12
5.0501002004 2.55318151492e-12
5.07014028056 2.49305517497e-12
5.09018036072 2.43300947304e-12
5.11022044088 2.3729637711e-12
5.13026052104 2.31291806916e-12
5.1503006012 2.25287236722e-12
5.17034068136 2.19773138085e-12
5.19038076152 2.14290678573e-12
5.21042084168 2.08808219061e-12
5.23046092184 2.03325759549e-12
5.250501002 1.97843300036e-12
5.27054108216 1.92930900928e-12
5.29058116232 1.88082544663e-12
5.31062124248 1.83234188397e-12
5.33066132265 1.78385832131e-12
5.35070140281 1.73537475866e-12
5.37074148297 1.68848376135e-12
5.39078156313 1.64185503081e-12
5.41082164329 1.59522630027e-12
5.43086172345 1.54859756973e-12
5.45090180361 1.5019688392e-12
5.47094188377 1.46049139114e-12
5.49098196393 1.42015849799e-12
5.51102204409 1.37982560483e-12
5.53106212425 1.33949271168e-12
5.55110220441 1.29915981853e-12
5.57114228457 1.26073766956e-12
5.59118236473 1.22286151756e-12
5.61122244489 1.18498536555e-12
5.63126252505 1.14710921355e-12
5.65130260521 1.10923306154e-12
5.67134268537 1.07489570785e-12
5.69138276553 1.04181885961e-12
5.71142284569 1.00874201137e-12
5.73146292585 9.75665163126e-13
5.75150300601 9.42588314887e-13
5.77154308617 9.10815489249e-13
5.79158316633 8.79609662434e-13
5.81162324649 8.48403835619e-13
5.83166332665 8.17198008804e-13
5.85170340681 7.85992181989e-13
5.87174348697 7.56407782632e-13
5.89178356713 7.27671541104e-13
5.91182364729 6.98935299575e-13
5.93186372745 6.70199058047e-13
5.95190380762 6.41462816518e-13
5.97194388778 6.15771520958e-13
5.99198396794 5.91977093154e-13
6.0120240481 5.68182665351e-13
6.03206412826 5.44388237548e-13
6.05210420842 5.20593809744e-13
6.07214428858 4.98083521507e-13
6.09218436874 4.76519429656e-13
6.1122244489 4.54955337804e-13
6.13226452906 4.33391245953e-13
6.15230460922 4.11827154102e-13
6.17234468938 3.91020575632e-13
6.19238476954 3.70871440291e-13
6.2124248497 3.50722304951e-13
6.23246492986 3.30573169611e-13
6.25250501002 3.1042403427e-13
6.27254509018 2.91896031202e-13
6.29258517034 2.75022158018e-13
6.3126252505 2.58148284833e-13
6.33266533066 2.41274411649e-13
6.35270541082 2.24400538464e-13
6.37274549098 2.08662019598e-13
6.39278557114 1.94285826206e-13
6.4128256513 1.79909632814e-13
6.43286573146 1.65533439422e-13
6.45290581162 1.5115724603e-13
6.47294589178 1.3849110289e-13
6.49298597194 1.28243824067e-13
6.5130260521 1.17996545245e-13
6.53306613226 1.07749266422e-13
6.55310621242 9.75019875997e-14
6.57314629259 8.84642825193e-14
6.59318637275 8.14536184337e-14
6.61322645291 7.44429543481e-14
6.63326653307 6.74322902626e-14
6.65330661323 6.0421626177e-14
6.67334669339 5.36548185326e-14
6.69338677355 4.73757602777e-14
6.71342685371 4.10967020227e-14
6.73346693387 3.48176437678e-14
6.75350701403 2.85385855128e-14
6.77354709419 2.29291760156e-14
6.79358717435 1.89362505472e-14
6.81362725451 1.49433250789e-14
6.83366733467 1.09503996105e-14
6.85370741483 6.95747414218e-15
6.87374749499 3.79793964622e-15
6.89378757515 3.10532806509e-15
6.91382765531 2.41271648396e-15
6.93386773547 1.72010490284e-15
6.95390781563 1.02749332171e-15
6.97394789579 4.66520985742e-16
6.99398797595 3.94498841411e-16
7.01402805611 3.2247669708e-16
7.03406813627 2.50454552749e-16
7.05410821643 1.78432408418e-16
7.07414829659 1.14746766289e-16
7.09418837675 9.1271490226e-17
7.11422845691 6.77962141627e-17
7.13426853707 4.43209380993e-17
7.15430861723 2.0845662036e-17
7.17434869739 4.41391559945e-19
7.19438877756 3.51478215141e-19
7.21442885772 2.61564870337e-19
7.23446893788 1.71651525533e-19
7.25450901804 8.17381807285e-20
7.2745490982 0.0
7.29458917836 0.0
7.31462925852 0.0
7.33466933868 0.0
7.35470941884 0.0
7.374749499 0.0
7.39478957916 0.0
7.41482965932 0.0
7.43486973948 0.0
7.45490981964 0.0
7.4749498998 0.0
7.49498997996 0.0
7.51503006012 0.0
7.53507014028 0.0
7.55511022044 0.0
7.5751503006 0.0
7.59519038076 0.0
7.61523046092 0.0
7.63527054108 0.0
7.65531062124 0.0
7.6753507014 0.0
7.69539078156 0.0
7.71543086172 0.0
7.73547094188 0.0
7.75551102204 0.0
7.7755511022 0.0
7.79559118236 0.0
7.81563126253 0.0
7.83567134269 0.0
7.85571142285 0.0
7.87575150301 0.0
7.89579158317 0.0
7.91583166333 0.0
7.93587174349 0.0
7.95591182365 0.0
7.97595190381 0.0
7.99599198397 0.0
8.01603206413 0.0
8.03607214429 0.0
8.05611222445 0.0
8.07615230461 0.0
8.09619238477 0.0
8.11623246493 0.0
8.13627254509 0.0
8.15631262525 0.0
8.17635270541 0.0
8.19639278557 0.0
8.21643286573 0.0
8.23647294589 0.0
8.25651302605 0.0
8.27655310621 0.0
8.29659318637 0.0
8.31663326653 0.0
8.33667334669 0.0
8.35671342685 0.0
8.37675350701 0.0
8.39679358717 0.0
8.41683366733 0.0
8.43687374749 0.0
8.45691382766 0.0
8.47695390782 0.0
8.49699398798 0.0
8.51703406814 0.0
8.5370741483 0.0
8.55711422846 0.0
8.57715430862 0.0
8.59719438878 0.0
8.61723446894 0.0
8.6372745491 0.0
8.65731462926 0.0
8.67735470942 0.0
8.69739478958 0.0
8.71743486974 0.0
8.7374749499 0.0
8.75751503006 0.0
8.77755511022 0.0
8.79759519038 0.0
8.81763527054 0.0
8.8376753507 0.0
8.85771543086 0.0
8.87775551102 0.0
8.89779559118 0.0
8.91783567134 0.0
8.9378757515 0.0
8.95791583166 0.0
8.97795591182 0.0
8.99799599198 0.0
9.01803607214 0.0
9.0380761523 0.0
9.05811623246 0.0
9.07815631263 0.0
9.09819639279 0.0
9.11823647295 0.0
9.13827655311 0.0
9.15831663327 0.0
9.17835671343 0.0
9.19839679359 0.0
9.21843687375 0.0
9.23847695391 0.0
9.25851703407 0.0
9.27855711423 0.0
9.29859719439 0.0
9.31863727455 0.0
9.33867735471 0.0
9.35871743487 0.0
9.37875751503 0.0
9.39879759519 0.0
9.41883767535 0.0
9.43887775551 0.0
9.45891783567 0.0
9.47895791583 0.0
9.49899799599 0.0
9.51903807615 0.0
9.53907815631 0.0
9.55911823647 0.0
9.57915831663 0.0
9.59919839679 0.0
9.61923847695 0.0
9.63927855711 0.0
9.65931863727 0.0
9.67935871743 0.0
9.6993987976 0.0
9.71943887776 0.0
9.73947895792 0.0
9.75951903808 0.0
9.77955911824 0.0
9.7995991984 0.0
9.81963927856 0.0
9.83967935872 0.0
9.85971943888 0.0
9.87975951904 0.0
9.8997995992 0.0
9.91983967936 0.0
9.93987975952 0.0
9.95991983968 0.0
9.97995991984 0.0
10.0 0.0
