0.0 0.0
0.0200400801603 0.0
0.0400801603206 0.0
0.060120240481 0.0
0.0801603206413 0.0
0.100200400802 0.0
0.120240480962 0.0
0.140280561122 0.0
0.160320641283 0.0
0.180360721443 0.0
0.200400801603 0.0
0.220440881764 0.0
0.240480961924 0.0
0.260521042084 0.0
0.280561122244 0.0
0.300601202405 0.0
0.320641282565 0.0
0.340681362725 0.0
0.360721442886 0.0
0.380761523046 0.0
0.400801603206 1.34337519612e-12
0.420841683367 1.46514758076e-12
0.440881763527 1.58769053701e-12
0.460921843687 1.71023349326e-12
0.480961923848 1.83155755218e-12
0.501002004008 1.948969021e-12
0.521042084168 2.06638048983e-12
0.541082164329 2.18379195866e-12
0.561122244489 2.30036245252e-12
0.581162324649 2.416847375e-12
0.60120240481 2.53333229748e-12
0.62124248497 2.64810566261e-12
0.64128256513 2.76162816581e-12
0.661322645291 2.87515066901e-12
0.681362725451 2.98454004704e-12
0.701402805611 3.08138787861e-12
0.721442885772 3.17823571017e-12
0.741482965932 3.27508354174e-12
0.761523046092 3.36729931462e-12
0.781563126253 3.45910122232e-12
0.801603206413 3.55090313003e-12
0.821643286573 3.62810767846e-12
0.841683366733 3.69508803456e-12
0.861723446894 3.76206839066e-12
0.881763527054 3.82072870183e-12
0.901803607214 3.85548629678e-12
0.921843687375 3.89024389174e-12
0.941883767535 3.92500148669e-12
0.961923847695 3.94595661704e-12
0.981963927856 3.96584592638e-12
1.00200400802 3.98573523572e-12
1.02204408818 4.01221313718e-12
1.04208416834 4.04311228561e-12
1.0621242485 4.07401143405e-12
1.08216432866 4.10321417604e-12
1.10220440882 4.12779616614e-12
1.12224448898 4.15237815624e-12
1.14228456914 4.17696014634e-12
1.1623246493 4.18319374005e-12
1.18236472946 4.18822811332e-12
1.20240480962 4.1932624866e-12
1.22244488978 4.19685960352e-12
1.24248496994 4.19953303177e-12
1.2625250501 4.20220646002e-12
1.28256513026 4.20588011622e-12
1.30260521042 4.21214019785e-12
1.32264529058 4.21840027948e-12
1.34268537074 4.2246603611e-12
1.3627254509 4.23809587782e-12
1.38276553106 4.2519171129e-12
1.40280561122 4.26573834799e-12
1.42284569138 4.27400091828e-12
1.44288577154 4.27884351226e-12
1.4629258517 4.28368610624e-12
1.48296593186 4.28932709112e-12
1.50300601202 4.29693027254e-12
1.52304609218 4.30453345396e-12
1.54308617234 4.31213663537e-12
1.56312625251 4.30981516135e-12
1.58316633267 4.30707285727e-12
1.60320641283 4.30433055318e-12
1.62324649299 4.30178310662e-12
1.64328657315 4.29935037823e-12
1.66332665331 4.29691764983e-12
1.68336673347 4.29694657616e-12
1.70340681363 4.30273179936e-12
1.72344689379 4.30851702256e-12
1.74348697395 4.31430224576e-12
1.76352705411 4.29422515524e-12
1.78356713427 4.27333879174e-12
1.80360721443 4.25245242825e-12
1.82364729459 4.24014039935e-12
1.84368737475 4.2326562564e-12
1.86372745491 4.22517211345e-12
1.88376753507 4.22531493534e-12
1.90380761523 4.2424433102e-12
1.92384769539 4.25957168506e-12
1.94388777555 4.27670005992e-12
1.96392785571 4.26347886775e-12
1.98396793587 4.24963808728e-12
2.00400801603 4.23579730681e-12
2.02404809619 4.22320902484e-12
2.04408817635 4.2112948533e-12
2.06412825651 4.19938068175e-12
2.08416833667 4.1876904068e-12
2.10420841683 4.17647543785e-12
2.12424849699 4.1652604689e-12
2.14428857715 4.15404549995e-12
2.16432865731 4.14062463907e-12
2.18436873747 4.12718223643e-12
2.20440881764 4.11373983378e-12
2.2244488978 4.09358610012e-12
2.24448897796 4.06998179988e-12
2.26452905812 4.04637749963e-12
2.28456913828 4.02172264519e-12
2.30460921844 3.99494016901e-12
2.3246492986 3.96815769283e-12
2.34468937876 3.9413834382e-12
2.36472945892 3.92697536284e-12
2.38476953908 3.91256728749e-12
2.40480961924 3.89815921213e-12
2.4248496994 3.88241036934e-12
2.44488977956 3.86600346434e-12
2.46492985972 3.84959655933e-12
2.48496993988 3.82684259118e-12
2.50501002004 3.79181648648e-12
2.5250501002 3.75679038178e-12
2.54509018036 3.72205149168e-12
2.56513026052 3.71313601316e-12
2.58517034068 3.70422053464e-12
2.60521042084 3.69530505612e-12
2.625250501 3.67227957656e-12
2.64529058116 3.64264796587e-12
2.66533066132 3.61301635518e-12
2.68537074148 3.58383667515e-12
2.70541082164 3.55549179654e-12
2.7254509018 3.52714691793e-12
2.74549098196 3.49897273367e-12
2.76553106212 3.47862836822e-12
2.78557114228 3.45828400276e-12
2.80561122244 3.4379396373e-12
2.82565130261 3.39967536621e-12
2.84569138277 3.35341448247e-12
2.86573146293 3.30715359874e-12
2.88577154309 3.27023642708e-12
2.90581162325 3.24981837806e-12
2.92585170341 3.22940032904e-12
2.94589178357 3.20859010448e-12
2.96593186373 3.175789235e-12
2.98597194389 3.14298836551e-12
3.00601202405 3.11018749603e-12
3.02605210421 3.07653681757e-12
3.04609218437 3.04252501929e-12
3.06613226453 3.00851322101e-12
3.08617234469 2.97564554258e-12
3.10621242485 2.94471020686e-12
3.12625250501 2.91377487113e-12
3.14629258517 2.88303359095e-12
3.16633266533 2.85671791577e-12
3.18637274549 2.83040224059e-12
3.20641282565 2.80408656542e-12
3.22645290581 2.7689925868e-12
3.24649298597 2.73034988171e-12
3.26653306613 2.69170717662e-12
3.28657314629 2.65100472542e-12
3.30661322645 2.60697326111e-12
3.32665330661 2.56294179681e-12
3.34669338677 2.51963269309e-12
3.36673346693 2.48940202153e-12
3.38677354709 2.45917134997e-12
3.40681362725 2.4289406784e-12
3.42685370741 2.39638591515e-12
3.44689378758 2.36293830198e-12
3.46693386774 2.32949068881e-12
3.4869739479 2.2968308116e-12
3.50701402806 2.26538983342e-12
3.52705410822 2.23394885525e-12
3.54709418838 2.20217036515e-12
3.56713426854 2.16534448728e-12
3.5871743487 2.12851860941e-12
3.60721442886 2.09169273155e-12
3.62725450902 2.05718393663e-12
3.64729458918 2.02352006304e-12
3.66733466934 1.98985618945e-12
3.6873747495 1.95766740288e-12
3.70741482966 1.92766469286e-12
3.72745490982 1.89766198284e-12
3.74749498998 1.86777954678e-12
3.76753507014 1.83942413224e-12
3.7875751503 1.8110687177e-12
3.80761523046 1.78271330316e-12
3.82765531062 1.74927023555e-12
3.84769539078 1.71406852429e-12
3.86773547094 1.67886681303e-12
3.8877755511 1.64617077149e-12
3.90781563126 1.61703258252e-12
3.92785571142 1.58789439355e-12
3.94789579158 1.55901982297e-12
3.96793587174 1.53304447889e-12
3.9879759519 1.50706913481e-12
4.00801603206 1.48109379074e-12
4.02805611222 1.45192633134e-12
4.04809619238 1.42171438031e-12
4.06813627255 1.39150242928e-12
4.08817635271 1.36378254239e-12
4.10821643287 1.33945403759e-12
4.12825651303 1.3151255328e-12
4.14829659319 1.29068235106e-12
4.16833667335 1.26512976399e-12
4.18837675351 1.23957717691e-12
4.20841683367 1.21402458983e-12
4.22845691383 1.19067237114e-12
4.24849699399 1.16800061719e-12
4.26853707415 1.14532886323e-12
4.28857715431 1.12197463463e-12
4.30861723447 1.09773002392e-12
4.32865731463 1.0734854132e-12
4.34869739479 1.04956465265e-12
4.36873747495 1.02843340123e-12
4.38877755511 1.00730214981e-12
4.40881763527 9.86170898392e-13
4.42885771543 9.66837188139e-13
4.44889779559 9.4802794723e-13
4.46893787575 9.29218706321e-13
4.48897795591 9.10215328181e-13
4.50901803607 8.90969080629e-13
4.52905811623 8.71722833077e-13
4.54909819639 8.52591550646e-13
4.56913827655 8.34350638065e-13
4.58917835671 8.16109725485e-13
4.60921843687 7.97868812904e-13
4.62925851703 7.79869063304e-13
4.64929859719 7.61935573493e-13
4.66933867735 7.44002083682e-13
4.68937875752 7.27185255327e-13
4.70941883768 7.11708240968e-13
4.72945891784 6.96231226609e-13
4.749498998 6.80567178616e-13
4.76953907816 6.63590181879e-13
4.78957915832 6.46613185141e-13
4.80961923848 6.29636188404e-13
4.82965931864 6.14488673069e-13
4.8496993988 5.99813482947e-13
4.86973947896 5.85138292826e-13
4.88977955912 5.70838216287e-13
4.90981963928 5.56969870867e-13
4.92985971944 5.43101525447e-13
4.9498997996 5.29447301001e-13
4.96993987976 5.17164730686e-13
4.98997995992 5.04882160371e-13
5.01002004008 4.92864762176e-13
5.03006012024 4.81093430729e-13
5.0501002004 4.69322099281e-13
5.07014028056 4.58269763237e-13
5.09018036072 4.47232249953e-13
5.11022044088 4.3619473667e-13
5.13026052104 4.25157223386e-13
5.1503006012 4.14119710102e-13
5.17034068136 4.03983774476e-13
5.19038076152 3.93905997426e-13
5.21042084168 3.83828220376e-13
5.23046092184 3.73750443326e-13
5.250501002 3.63672666276e-13
5.27054108216 3.5464276594e-13
5.29058116232 3.45730588223e-13
5.31062124248 3.36818410505e-13
5.33066132265 3.27906232787e-13
5.35070140281 3.1899405507e-13
5.37074148297 3.1037462039e-13
5.39078156313 3.01803395205e-13
5.41082164329 2.93232170019e-13
5.43086172345 2.84660944834e-13
5.45090180361 2.76089719649e-13
5.47094188377 2.6846539569e-13
5.49098196393 2.61051462143e-13
5.51102204409 2.53637528597e-13
5.53106212425 2.4622359505e-13
5.55110220441 2.38809661503e-13
5.57114228457 2.31746958163e-13
5.59118236473 2.24784619189e-13
5.61122244489 2.17822280214e-13
5.63126252505 2.10859941239e-13
5.65130260521 2.03897602264e-13
5.67134268537 1.97585760028e-13
5.69138276553 1.91505622066e-13
5.71142284569 1.85425484103e-13
5.73146292585 1.79345346141e-13
5.75150300601 1.73265208179e-13
5.77154308617 1.67424773748e-13
5.79158316633 1.61688564213e-13
5.81162324649 1.55952354678e-13
5.83166332665 1.50216145143e-13
5.85170340681 1.44479935608e-13
5.87174348697 1.39041774501e-13
5.89178356713 1.33759520529e-13
5.91182364729 1.28477266556e-13
5.93186372745 1.23195012584e-13
5.95190380762 1.17912758611e-13
5.97194388778 1.13190222162e-13
5.99198396794 1.08816365175e-13
6.0120240481 1.04442508188e-13
6.03206412826 1.00068651201e-13
6.05210420842 9.56947942144e-14
6.07214428858 9.15569858881e-14
6.09218436874 8.75931060003e-14
6.1122244489 8.36292261126e-14
6.13226452906 7.96653462248e-14
6.15230460922 7.57014663371e-14
6.17234468938 7.18768314534e-14
6.19238476954 6.81730468061e-14
6.2124248497 6.44692621588e-14
6.23246492986 6.07654775116e-14
6.25250501002 5.70616928643e-14
6.27254509018 5.3655902385e-14
6.29258517034 5.05541716464e-14
6.3126252505 4.74524409079e-14
6.33266533066 4.43507101693e-14
6.35270541082 4.12489794308e-14
6.37274549098 3.83559478657e-14
6.39278557114 3.57133369809e-14
6.4128256513 3.3070726096e-14
6.43286573146 3.04281152112e-14
6.45290581162 2.77855043263e-14
6.47294589178 2.54572323825e-14
6.49298597194 2.35735925469e-14
6.5130260521 2.16899527114e-14
6.53306613226 1.98063128758e-14
6.55310621242 1.79226730403e-14
6.57314629259 1.62613752844e-14
6.59318637275 1.49726852454e-14
6.61322645291 1.36839952065e-14
6.63326653307 1.23953051675e-14
6.65330661323 1.11066151285e-14
6.67334669339 9.86275042458e-15
6.69338677355 8.70854310148e-15
6.71342685371 7.55433577838e-15
6.73346693387 6.40012845528e-15
6.75350701403 5.24592113217e-15
6.77354709419 4.21480766626e-15
6.79358717435 3.480833935e-15
6.81362725451 2.74686020374e-15
6.83366733467 2.01288647249e-15
6.85370741483 1.27891274123e-15
6.87374749499 6.98131722046e-16
6.89378757515 5.70816872185e-16
6.91382765531 4.43502022323e-16
6.93386773547 3.16187172462e-16
6.95390781563 1.88872322601e-16
6.97394789579 8.57552066345e-17
6.99398797595 7.25162011918e-17
7.01402805611 5.92771957492e-17
7.03406813627 4.60381903065e-17
7.05410821643 3.27991848639e-17
7.07414829659 2.10925830874e-17
7.09418837675 1.67773921075e-17
7.11422845691 1.24622011276e-17
7.13426853707 8.14701014767e-18
7.15430861723 3.83181916776e-18
7.17434869739 8.11359522651e-20
7.19438877756 6.46082124666e-20
7.21442885772 4.80804726681e-20
7.23446893788 3.15527328696e-20
7.25450901804 1.50249930711e-20
7.2745490982 0.0
7.29458917836 0.0
7.31462925852 0.0
7.33466933868 0.0
7.35470941884 0.0
7.374749499 0.0
7.39478957916 0.0
7.41482965932 0.0
7.43486973948 0.0
7.45490981964 0.0
7.4749498998 0.0
7.49498997996 0.0
7.51503006012 0.0
7.53507014028 0.0
7.55511022044 0.0
7.5751503006 0.0
7.59519038076 0.0
7.61523046092 0.0
7.63527054108 0.0
7.65531062124 0.0
7.6753507014 0.0
7.69539078156 0.0
7.71543086172 0.0
7.73547094188 0.0
7.75551102204 0.0
7.7755511022 0.0
7.79559118236 0.0
7.81563126253 0.0
7.83567134269 0.0
7.85571142285 0.0
7.87575150301 0.0
7.89579158317 0.0
7.91583166333 0.0
7.93587174349 0.0
7.95591182365 0.0
7.97595190381 0.0
7.99599198397 0.0
8.01603206413 0.0
8.03607214429 0.0
8.05611222445 0.0
8.07615230461 0.0
8.09619238477 0.0
8.11623246493 0.0
8.13627254509 0.0
8.15631262525 0.0
8.17635270541 0.0
8.19639278557 0.0
8.21643286573 0.0
8.23647294589 0.0
8.25651302605 0.0
8.27655310621 0.0
8.29659318637 0.0
8.31663326653 0.0
8.33667334669 0.0
8.35671342685 0.0
8.37675350701 0.0
8.39679358717 0.0
8.41683366733 0.0
8.43687374749 0.0
8.45691382766 0.0
8.47695390782 0.0
8.49699398798 0.0
8.51703406814 0.0
8.5370741483 0.0
8.55711422846 0.0
8.57715430862 0.0
8.59719438878 0.0
8.61723446894 0.0
8.6372745491 0.0
8.65731462926 0.0
8.67735470942 0.0
8.69739478958 0.0
8.71743486974 0.0
8.7374749499 0.0
8.75751503006 0.0
8.77755511022 0.0
8.79759519038 0.0
8.81763527054 0.0
8.8376753507 0.0
8.85771543086 0.0
8.87775551102 0.0
8.89779559118 0.0
8.91783567134 0.0
8.9378757515 0.0
8.95791583166 0.0
8.97795591182 0.0
8.99799599198 0.0
9.01803607214 0.0
9.0380761523 0.0
9.05811623246 0.0
9.07815631263 0.0
9.09819639279 0.0
9.11823647295 0.0
9.13827655311 0.0
9.15831663327 0.0
9.17835671343 0.0
9.19839679359 0.0
9.21843687375 0.0
9.23847695391 0.0
9.25851703407 0.0
9.27855711423 0.0
9.29859719439 0.0
9.31863727455 0.0
9.33867735471 0.0
9.35871743487 0.0
9.37875751503 0.0
9.39879759519 0.0
9.41883767535 0.0
9.43887775551 0.0
9.45891783567 0.0
9.47895791583 0.0
9.49899799599 0.0
9.51903807615 0.0
9.53907815631 0.0
9.55911823647 0.0
9.57915831663 0.0
9.59919839679 0.0
9.61923847695 0.0
9.63927855711 0.0
9.65931863727 0.0
9.67935871743 0.0
9.6993987976 0.0
9.71943887776 0.0
9.73947895792 0.0
9.75951903808 0.0
9.77955911824 0.0
9.7995991984 0.0
9.81963927856 0.0
9.83967935872 0.0
9.85971943888 0.0
9.87975951904 0.0
9.8997995992 0.0
9.91983967936 0.0
9.93987975952 0.0
9.95991983968 0.0
9.97995991984 0.0
10.0 0.0
