0.0 0.0
0.0200400801603 0.0
0.0400801603206 0.0
0.060120240481 0.0
0.0801603206413 0.0
0.100200400802 0.0
0.120240480962 0.0
0.140280561122 0.0
0.160320641283 0.0
0.180360721443 0.0
0.200400801603 1.1479817176e-12
0.220440881764 5.73175092674e-11
0.240480961924 6.2828338655e-11
0.260521042084 2.14932478706e-12
0.280561122244 2.62335368498e-12
0.300601202405 3.09186299624e-12
0.320641282565 3.61923223447e-12
0.340681362725 4.23677001864e-12
0.360721442886 4.76920838613e-12
0.380761523046 5.29190772455e-12
0.400801603206 5.81460706297e-12
0.420841683367 6.34168138283e-12
0.440881763527 6.87209101149e-12
0.460921843687 7.40250064014e-12
0.480961923848 7.92763444635e-12
0.501002004008 8.43583316691e-12
0.521042084168 8.94403188748e-12
0.541082164329 9.45223060804e-12
0.561122244489 9.95678928899e-12
0.581162324649 1.04609775865e-11
0.60120240481 1.09651658839e-11
0.62124248497 1.14619459506e-11
0.64128256513 1.19533118407e-11
0.661322645291 1.24446777307e-11
0.681362725451 1.29181539806e-11
0.701402805611 1.33373459436e-11
0.721442885772 1.37565379066e-11
0.741482965932 1.41757298695e-11
0.761523046092 1.45748726301e-11
0.781563126253 1.49722240346e-11
0.801603206413 1.53695754391e-11
0.821643286573 1.57037442654e-11
0.841683366733 1.59936591401e-11
0.861723446894 1.62835740148e-11
0.881763527054 1.65374767671e-11
0.901803607214 1.66879200369e-11
0.921843687375 1.68383633068e-11
0.941883767535 1.69888065766e-11
0.961923847695 1.70795078559e-11
0.981963927856 1.71655958818e-11
1.00200400802 1.72516839076e-11
1.02204408818 1.73662897104e-11
1.04208416834 1.75000322473e-11
1.0621242485 1.76337747842e-11
1.08216432866 1.77601746688e-11
1.10220440882 1.7866574291e-11
1.12224448898 1.79729739131e-11
1.14228456914 1.80793735353e-11
1.1623246493 1.81063547525e-11
1.18236472946 1.81281453159e-11
1.20240480962 1.81499358793e-11
1.22244488978 1.81655054845e-11
1.24248496994 1.81770770357e-11
1.2625250501 1.81886485868e-11
1.28256513026 1.82045494814e-11
1.30260521042 1.82316453478e-11
1.32264529058 1.82587412142e-11
1.34268537074 1.82858370806e-11
1.3627254509 1.83439907897e-11
1.38276553106 1.84038140255e-11
1.40280561122 1.84636372613e-11
1.42284569138 1.8499400613e-11
1.44288577154 1.85203610872e-11
1.4629258517 1.85413215614e-11
1.48296593186 1.85657377563e-11
1.50300601202 1.85986470377e-11
1.52304609218 1.86315563191e-11
1.54308617234 1.86644656005e-11
1.56312625251 1.86544174328e-11
1.58316633267 1.86425477625e-11
1.60320641283 1.86306780922e-11
1.62324649299 1.86196518347e-11
1.64328657315 1.86091221184e-11
1.66332665331 1.85985924021e-11
1.68336673347 1.85987176056e-11
1.70340681363 1.86237581153e-11
1.72344689379 1.8648798625e-11
1.74348697395 1.86738391348e-11
1.76352705411 1.8586938325e-11
1.78356713427 1.84965346931e-11
1.80360721443 1.84061310613e-11
1.82364729459 1.83528402082e-11
1.84368737475 1.83204461677e-11
1.86372745491 1.82880521273e-11
1.88376753507 1.82886703114e-11
1.90380761523 1.83628080279e-11
1.92384769539 1.84369457444e-11
1.94388777555 1.85110834609e-11
1.96392785571 1.84538574248e-11
1.98396793587 1.83939495896e-11
2.00400801603 1.83340417544e-11
2.02404809619 1.82795551795e-11
2.04408817635 1.8227986395e-11
2.06412825651 1.81764176105e-11
2.08416833667 1.81258179303e-11
2.10420841683 1.8077275544e-11
2.12424849699 1.80287331577e-11
2.14428857715 1.79801907715e-11
2.16432865731 1.7922100498e-11
2.18436873747 1.78639169842e-11
2.20440881764 1.78057334703e-11
2.2244488978 1.77185009217e-11
2.24448897796 1.761633309e-11
2.26452905812 1.75141652583e-11
2.28456913828 1.74074502533e-11
2.30460921844 1.72915261425e-11
2.3246492986 1.71756020316e-11
2.34468937876 1.70597135066e-11
2.36472945892 1.69973502167e-11
2.38476953908 1.69349869269e-11
2.40480961924 1.6872623637e-11
2.4248496994 1.68044570274e-11
2.44488977956 1.67334420898e-11
2.46492985972 1.66624271522e-11
2.48496993988 1.65639398612e-11
2.50501002004 1.64123343854e-11
2.5250501002 1.62607289096e-11
2.54509018036 1.6110366601e-11
2.56513026052 1.60717772296e-11
2.58517034068 1.60331878582e-11
2.60521042084 1.59945984868e-11
2.625250501 1.58949359976e-11
2.64529058116 1.57666798162e-11
2.66533066132 1.56384236348e-11
2.68537074148 1.55121235706e-11
2.70541082164 1.53894368246e-11
2.7254509018 1.52667500787e-11
2.74549098196 1.51448021589e-11
2.76553106212 1.50567444878e-11
2.78557114228 1.49686868168e-11
2.80561122244 1.48806291458e-11
2.82565130261 1.47150077307e-11
2.84569138277 1.45147741235e-11
2.86573146293 1.43145405164e-11
2.88577154309 1.41547498282e-11
2.90581162325 1.40663732284e-11
2.92585170341 1.39779966287e-11
2.94589178357 1.38879225533e-11
2.96593186373 1.37459486893e-11
2.98597194389 1.36039748253e-11
3.00601202405 1.34620009613e-11
3.02605210421 1.33163488209e-11
3.04609218437 1.31691336252e-11
3.06613226453 1.30219184294e-11
3.08617234469 1.28796553925e-11
3.10621242485 1.27457562241e-11
3.12625250501 1.26118570557e-11
3.14629258517 1.24787978289e-11
3.16633266533 1.23648941993e-11
3.18637274549 1.22509905697e-11
3.20641282565 1.21370869401e-11
3.22645290581 1.19851876817e-11
3.24649298597 1.18179282693e-11
3.26653306613 1.16506688569e-11
3.28657314629 1.14744941286e-11
3.30661322645 1.1283910244e-11
3.32665330661 1.10933263594e-11
3.34669338677 1.09058691091e-11
3.36673346693 1.07750199786e-11
3.38677354709 1.06441708481e-11
3.40681362725 1.05133217175e-11
3.42685370741 1.03724130891e-11
3.44689378758 1.02276398878e-11
3.46693386774 1.00828666864e-11
3.4869739479 9.94150308724e-12
3.50701402806 9.80541531795e-12
3.52705410822 9.66932754866e-12
3.54709418838 9.53177890736e-12
3.56713426854 9.37238337128e-12
3.5871743487 9.2129878352e-12
3.60721442886 9.05359229912e-12
3.62725450902 8.90422592458e-12
3.64729458918 8.75851667097e-12
3.66733466934 8.61280741736e-12
3.6873747495 8.47348286657e-12
3.70741482966 8.34362043492e-12
3.72745490982 8.21375800327e-12
3.74749498998 8.08441616025e-12
3.76753507014 7.96168381106e-12
3.7875751503 7.83895146186e-12
3.80761523046 7.71621911266e-12
3.82765531062 7.57146558611e-12
3.84769539078 7.41910002248e-12
3.86773547094 7.26673445884e-12
3.8877755511 7.12521432762e-12
3.90781563126 6.99909385148e-12
3.92785571142 6.87297337533e-12
3.94789579158 6.74799393359e-12
3.96793587174 6.63556337839e-12
3.9879759519 6.52313282319e-12
4.00801603206 6.41070226799e-12
4.02805611222 6.28445509901e-12
4.04809619238 6.15368699762e-12
4.06813627255 6.02291889623e-12
4.08817635271 5.90293733739e-12
4.10821643287 5.79763489009e-12
4.12825651303 5.69233244278e-12
4.14829659319 5.58653363276e-12
4.16833667335 5.47593292067e-12
4.18837675351 5.36533220857e-12
4.20841683367 5.25473149648e-12
4.22845691383 5.15365476371e-12
4.24849699399 5.05552332503e-12
4.26853707415 4.95739188635e-12
4.28857715431 4.85630645396e-12
4.30861723447 4.75136713015e-12
4.32865731463 4.64642780634e-12
4.34869739479 4.54289022157e-12
4.36873747495 4.4514266274e-12
4.38877755511 4.35996303323e-12
4.40881763527 4.26849943906e-12
4.42885771543 4.18481624429e-12
4.44889779559 4.10340313993e-12
4.46893787575 4.02199003556e-12
4.48897795591 3.93973663601e-12
4.50901803607 3.85643201101e-12
4.52905811623 3.773127386e-12
4.54909819639 3.69032037106e-12
4.56913827655 3.61136719444e-12
4.58917835671 3.53241401782e-12
4.60921843687 3.4534608412e-12
4.62925851703 3.37555150398e-12
4.64929859719 3.29792896278e-12
4.66933867735 3.22030642157e-12
4.68937875752 3.14751718948e-12
4.70941883768 3.08052715031e-12
4.72945891784 3.01353711114e-12
4.749498998 2.94573752369e-12
4.76953907816 2.87225502571e-12
4.78957915832 2.79877252773e-12
4.80961923848 2.72529002975e-12
4.82965931864 2.65972617989e-12
4.8496993988 2.59620672206e-12
4.86973947896 2.53268726422e-12
4.88977955912 2.47079143178e-12
4.90981963928 2.41076428563e-12
4.92985971944 2.35073713948e-12
4.9498997996 2.29163678529e-12
4.96993987976 2.23847343948e-12
4.98997995992 2.18531009367e-12
5.01002004008 2.13329450738e-12
5.03006012024 2.08234398576e-12
5.0501002004 2.03139346414e-12
5.07014028056 1.98355501111e-12
5.09018036072 1.93578071627e-12
5.11022044088 1.88800642143e-12
5.13026052104 1.84023212659e-12
5.1503006012 1.79245783176e-12
5.17034068136 1.74858588664e-12
5.19038076152 1.70496567258e-12
5.21042084168 1.66134545852e-12
5.23046092184 1.61772524447e-12
5.250501002 1.57410503041e-12
5.27054108216 1.53502040057e-12
5.29058116232 1.49644531622e-12
5.31062124248 1.45787023187e-12
5.33066132265 1.41929514752e-12
5.35070140281 1.38072006317e-12
5.37074148297 1.34341207512e-12
5.39078156313 1.30631275496e-12
5.41082164329 1.26921343479e-12
5.43086172345 1.23211411463e-12
5.45090180361 1.19501479447e-12
5.47094188377 1.16201400059e-12
5.49098196393 1.12992385148e-12
5.51102204409 1.09783370236e-12
5.53106212425 1.06574355324e-12
5.55110220441 1.03365340412e-12
5.57114228457 1.00308350463e-12
5.59118236473 9.72948017914e-13
5.61122244489 9.42812531198e-13
5.63126252505 9.12677044481e-13
5.65130260521 8.82541557764e-13
5.67134268537 8.55221652982e-13
5.69138276553 8.2890464695e-13
5.71142284569 8.02587640918e-13
5.73146292585 7.76270634886e-13
5.75150300601 7.49953628855e-13
5.77154308617 7.24674145214e-13
5.79158316633 6.99845784102e-13
5.81162324649 6.75017422991e-13
5.83166332665 6.5018906188e-13
5.85170340681 6.25360700769e-13
5.87174348697 6.01822399577e-13
5.89178356713 5.78958920078e-13
5.91182364729 5.56095440578e-13
5.93186372745 5.33231961079e-13
5.95190380762 5.10368481579e-13
5.97194388778 4.89927659185e-13
5.99198396794 4.70996045886e-13
6.0120240481 4.52064432587e-13
6.03206412826 4.33132819288e-13
6.05210420842 4.14201205989e-13
6.07214428858 3.96291295497e-13
6.09218436874 3.79134209332e-13
6.1122244489 3.61977123167e-13
6.13226452906 3.44820037001e-13
6.15230460922 3.27662950836e-13
6.17234468938 3.1110856672e-13
6.19238476954 2.95077265538e-13
6.2124248497 2.79045964356e-13
6.23246492986 2.63014663174e-13
6.25250501002 2.46983361991e-13
6.27254509018 2.3224188587e-13
6.29258517034 2.18816488772e-13
6.3126252505 2.05391091673e-13
6.33266533066 1.91965694575e-13
6.35270541082 1.78540297477e-13
6.37274549098 1.6601822485e-13
6.39278557114 1.54580062257e-13
6.4128256513 1.43141899665e-13
6.43286573146 1.31703737073e-13
6.45290581162 1.2026557448e-13
6.47294589178 1.10187982957e-13
6.49298597194 1.02034917809e-13
6.5130260521 9.38818526614e-14
6.53306613226 8.57287875136e-14
6.55310621242 7.75757223658e-14
6.57314629259 7.03850330537e-14
6.59318637275 6.48071228583e-14
6.61322645291 5.9229212663e-14
6.63326653307 5.36513024676e-14
6.65330661323 4.80733922722e-14
6.67334669339 4.26895021173e-14
6.69338677355 3.76936810895e-14
6.71342685371 3.26978600616e-14
6.73346693387 2.77020390338e-14
6.75350701403 2.2706218006e-14
6.77354709419 1.82431911026e-14
6.79358717435 1.50662909677e-14
6.81362725451 1.18893908327e-14
6.83366733467 8.71249069782e-15
6.85370741483 5.5355905629e-15
6.87374749499 3.02176313335e-15
6.89378757515 2.47069904689e-15
6.91382765531 1.91963496043e-15
6.93386773547 1.36857087397e-15
6.95390781563 8.17506787504e-16
6.97394789579 3.71179125253e-16
6.99398797595 3.13875987027e-16
7.01402805611 2.565728488e-16
7.03406813627 1.99269710574e-16
7.05410821643 1.41966572347e-16
7.07414829659 9.12962238327e-17
7.09418837675 7.26185379395e-17
7.11422845691 5.39408520463e-17
7.13426853707 3.52631661531e-17
7.15430861723 1.65854802599e-17
7.17434869739 3.51185344544e-19
7.19438877756 2.79647390855e-19
7.21442885772 2.08109437166e-19
7.23446893788 1.36571483476e-19
7.25450901804 6.50335297873e-20
7.2745490982 0.0
7.29458917836 0.0
7.31462925852 0.0
7.33466933868 0.0
7.35470941884 0.0
7.374749499 0.0
7.39478957916 0.0
7.41482965932 0.0
7.43486973948 0.0
7.45490981964 0.0
7.4749498998 0.0
7.49498997996 0.0
7.51503006012 0.0
7.53507014028 0.0
7.55511022044 0.0
7.5751503006 0.0
7.59519038076 0.0
7.61523046092 0.0
7.63527054108 0.0
7.65531062124 0.0
7.6753507014 0.0
7.69539078156 0.0
7.71543086172 0.0
7.73547094188 0.0
7.75551102204 0.0
7.7755511022 0.0
7.79559118236 0.0
7.81563126253 0.0
7.83567134269 0.0
7.85571142285 0.0
7.87575150301 0.0
7.89579158317 0.0
7.91583166333 0.0
7.93587174349 0.0
7.95591182365 0.0
7.97595190381 0.0
7.99599198397 0.0
8.01603206413 0.0
8.03607214429 0.0
8.05611222445 0.0
8.07615230461 0.0
8.09619238477 0.0
8.11623246493 0.0
8.13627254509 0.0
8.15631262525 0.0
8.17635270541 0.0
8.19639278557 0.0
8.21643286573 0.0
8.23647294589 0.0
8.25651302605 0.0
8.27655310621 0.0
8.29659318637 0.0
8.31663326653 0.0
8.33667334669 0.0
8.35671342685 0.0
8.37675350701 0.0
8.39679358717 0.0
8.41683366733 0.0
8.43687374749 0.0
8.45691382766 0.0
8.47695390782 0.0
8.49699398798 0.0
8.51703406814 0.0
8.5370741483 0.0
8.55711422846 0.0
8.57715430862 0.0
8.59719438878 0.0
8.61723446894 0.0
8.6372745491 0.0
8.65731462926 0.0
8.67735470942 0.0
8.69739478958 0.0
8.71743486974 0.0
8.7374749499 0.0
8.75751503006 0.0
8.77755511022 0.0
8.79759519038 0.0
8.81763527054 0.0
8.8376753507 0.0
8.85771543086 0.0
8.87775551102 0.0
8.89779559118 0.0
8.91783567134 0.0
8.9378757515 0.0
8.95791583166 0.0
8.97795591182 0.0
8.99799599198 0.0
9.01803607214 0.0
9.0380761523 0.0
9.05811623246 0.0
9.07815631263 0.0
9.09819639279 0.0
9.11823647295 0.0
9.13827655311 0.0
9.15831663327 0.0
9.17835671343 0.0
9.19839679359 0.0
9.21843687375 0.0
9.23847695391 0.0
9.25851703407 0.0
9.27855711423 0.0
9.29859719439 0.0
9.31863727455 0.0
9.33867735471 0.0
9.35871743487 0.0
9.37875751503 0.0
9.39879759519 0.0
9.41883767535 0.0
9.43887775551 0.0
9.45891783567 0.0
9.47895791583 0.0
9.49899799599 0.0
9.51903807615 0.0
9.53907815631 0.0
9.55911823647 0.0
9.57915831663 0.0
9.59919839679 0.0
9.61923847695 0.0
9.63927855711 0.0
9.65931863727 0.0
9.67935871743 0.0
9.6993987976 0.0
9.71943887776 0.0
9.73947895792 0.0
9.75951903808 0.0
9.77955911824 0.0
9.7995991984 0.0
9.81963927856 0.0
9.83967935872 0.0
9.85971943888 0.0
9.87975951904 0.0
9.8997995992 0.0
9.91983967936 0.0
9.93987975952 0.0
9.95991983968 0.0
9.97995991984 0.0
10.0 0.0
