0.0 0.0
0.0200400801603 0.0
0.0400801603206 0.0
0.060120240481 0.0
0.0801603206413 0.0
0.100200400802 0.0
0.120240480962 0.0
0.140280561122 0.0
0.160320641283 0.0
0.180360721443 0.0
0.200400801603 0.0
0.220440881764 0.0
0.240480961924 0.0
0.260521042084 0.0
0.280561122244 0.0
0.300601202405 0.0
0.320641282565 0.0
0.340681362725 0.0
0.360721442886 0.0
0.380761523046 0.0
0.400801603206 1.13815296479e-13
0.420841683367 1.24132265336e-13
0.440881763527 1.34514519628e-13
0.460921843687 1.44896773921e-13
0.480961923848 1.55175759104e-13
0.501002004008 1.65123256403e-13
0.521042084168 1.75070753701e-13
0.541082164329 1.85018251e-13
0.561122244489 1.94894498052e-13
0.581162324649 2.04763495206e-13
0.60120240481 2.1463249236e-13
0.62124248497 2.24356480578e-13
0.64128256513 2.33974491538e-13
0.661322645291 2.43592502497e-13
0.681362725451 2.52860341094e-13
0.701402805611 2.61065617397e-13
0.721442885772 2.692708937e-13
0.741482965932 2.77476170003e-13
0.761523046092 2.85289002606e-13
0.781563126253 2.9306677115e-13
0.801603206413 3.00844539694e-13
0.821643286573 3.0738557052e-13
0.841683366733 3.13060373144e-13
0.861723446894 3.18735175768e-13
0.881763527054 3.23705076006e-13
0.901803607214 3.26649857171e-13
0.921843687375 3.29594638336e-13
0.941883767535 3.325394195e-13
0.961923847695 3.34314809116e-13
0.981963927856 3.35999898766e-13
1.00200400802 3.37684988416e-13
1.02204408818 3.39928285905e-13
1.04208416834 3.42546166413e-13
1.0621242485 3.45164046921e-13
1.08216432866 3.47638202129e-13
1.10220440882 3.49720871586e-13
1.12224448898 3.51803541044e-13
1.14228456914 3.53886210502e-13
1.1623246493 3.54414341673e-13
1.18236472946 3.54840870828e-13
1.20240480962 3.55267399983e-13
1.22244488978 3.55572159911e-13
1.24248496994 3.55798661807e-13
1.2625250501 3.56025163703e-13
1.28256513026 3.56336408299e-13
1.30260521042 3.56866783617e-13
1.32264529058 3.57397158934e-13
1.34268537074 3.57927534252e-13
1.3627254509 3.59065836733e-13
1.38276553106 3.6023681858e-13
1.40280561122 3.61407800427e-13
1.42284569138 3.62107833367e-13
1.44288577154 3.6251811433e-13
1.4629258517 3.62928395293e-13
1.48296593186 3.63406318638e-13
1.50300601202 3.64050485919e-13
1.52304609218 3.646946532e-13
1.54308617234 3.6533882048e-13
1.56312625251 3.65142137338e-13
1.58316633267 3.64909800049e-13
1.60320641283 3.64677462759e-13
1.62324649299 3.64461634459e-13
1.64328657315 3.6425552547e-13
1.66332665331 3.6404941648e-13
1.68336673347 3.64051867217e-13
1.70340681363 3.6454201092e-13
1.72344689379 3.65032154624e-13
1.74348697395 3.65522298327e-13
1.76352705411 3.6382129922e-13
1.78356713427 3.62051735764e-13
1.80360721443 3.60282172309e-13
1.82364729459 3.59239055522e-13
1.84368737475 3.58604973583e-13
1.86372745491 3.57970891644e-13
1.88376753507 3.57982991998e-13
1.90380761523 3.59434165928e-13
1.92384769539 3.60885339858e-13
1.94388777555 3.62336513788e-13
1.96392785571 3.61216369609e-13
1.98396793587 3.6004373181e-13
2.00400801603 3.58871094012e-13
2.02404809619 3.57804572128e-13
2.04408817635 3.56795163163e-13
2.06412825651 3.55785754198e-13
2.08416833667 3.5479531451e-13
2.10420841683 3.53845144357e-13
2.12424849699 3.52894974204e-13
2.14428857715 3.5194480405e-13
2.16432865731 3.50807743262e-13
2.18436873747 3.49668857382e-13
2.20440881764 3.48529971502e-13
2.2244488978 3.46822478928e-13
2.24448897796 3.44822642666e-13
2.26452905812 3.42822806403e-13
2.28456913828 3.40733963632e-13
2.30460921844 3.3846486154e-13
2.3246492986 3.36195759449e-13
2.34468937876 3.33927353916e-13
2.36472945892 3.32706652973e-13
2.38476953908 3.3148595203e-13
2.40480961924 3.30265251088e-13
2.4248496994 3.28930955787e-13
2.44488977956 3.27540907227e-13
2.46492985972 3.26150858666e-13
2.48496993988 3.24223065419e-13
2.50501002004 3.21255535199e-13
2.5250501002 3.18288004979e-13
2.54509018036 3.15344808553e-13
2.56513026052 3.14589459017e-13
2.58517034068 3.13834109481e-13
2.60521042084 3.13078759945e-13
2.625250501 3.11127963332e-13
2.64529058116 3.08617472916e-13
2.66533066132 3.06106982499e-13
2.68537074148 3.03634781179e-13
2.70541082164 3.01233307062e-13
2.7254509018 2.98831832945e-13
2.74549098196 2.96444820632e-13
2.76553106212 2.94721177086e-13
2.78557114228 2.9299753354e-13
2.80561122244 2.91273889995e-13
2.82565130261 2.88032011351e-13
2.84569138277 2.84112632601e-13
2.86573146293 2.8019325385e-13
2.88577154309 2.77065506033e-13
2.90581162325 2.75335619766e-13
2.92585170341 2.736057335e-13
2.94589178357 2.71842620793e-13
2.96593186373 2.69063620037e-13
2.98597194389 2.66284619282e-13
3.00601202405 2.63505618526e-13
3.02605210421 2.60654619076e-13
3.04609218437 2.57773024331e-13
3.06613226453 2.54891429587e-13
3.08617234469 2.52106768551e-13
3.10621242485 2.49485822134e-13
3.12625250501 2.46864875717e-13
3.14629258517 2.44260370343e-13
3.16633266533 2.42030817213e-13
3.18637274549 2.39801264084e-13
3.20641282565 2.37571710954e-13
3.22645290581 2.34598430226e-13
3.24649298597 2.31324489373e-13
3.26653306613 2.28050548519e-13
3.28657314629 2.24602098998e-13
3.30661322645 2.20871604213e-13
3.32665330661 2.17141109427e-13
3.34669338677 2.13471815477e-13
3.36673346693 2.10910570594e-13
3.38677354709 2.08349325712e-13
3.40681362725 2.05788080829e-13
3.42685370741 2.03029931027e-13
3.44689378758 2.00196135956e-13
3.46693386774 1.97362340885e-13
3.4869739479 1.94595285471e-13
3.50701402806 1.91931499313e-13
3.52705410822 1.89267713155e-13
3.54709418838 1.86575331844e-13
3.56713426854 1.83455318746e-13
3.5871743487 1.80335305648e-13
3.60721442886 1.7721529255e-13
3.62725450902 1.74291590566e-13
3.64729458918 1.7143947318e-13
3.66733466934 1.68587355794e-13
3.6873747495 1.65860212775e-13
3.70741482966 1.63318281567e-13
3.72745490982 1.60776350358e-13
3.74749498998 1.58244609167e-13
3.76753507014 1.5584224241e-13
3.7875751503 1.53439875654e-13
3.80761523046 1.51037508897e-13
3.82765531062 1.48204098941e-13
3.84769539078 1.45221690739e-13
3.86773547094 1.42239282536e-13
3.8877755511 1.3946916316e-13
3.90781563126 1.37000477103e-13
3.92785571142 1.34531791045e-13
3.94789579158 1.3208543963e-13
3.96793587174 1.29884720504e-13
3.9879759519 1.27684001379e-13
4.00801603206 1.25483282253e-13
4.02805611222 1.23012116306e-13
4.04809619238 1.2045245749e-13
4.06813627255 1.17892798674e-13
4.08817635271 1.15544275972e-13
4.10821643287 1.13483082648e-13
4.12825651303 1.11421889324e-13
4.14829659319 1.09350980181e-13
4.16833667335 1.0718607846e-13
4.18837675351 1.05021176739e-13
4.20841683367 1.02856275018e-13
4.22845691383 1.00877795959e-13
4.24849699399 9.89569681775e-14
4.26853707415 9.70361403957e-14
4.28857715431 9.50574910506e-14
4.30861723447 9.3003405517e-14
4.32865731463 9.09493199834e-14
4.34869739479 8.89226721326e-14
4.36873747495 8.7132360943e-14
4.38877755511 8.53420497535e-14
4.40881763527 8.35517385639e-14
4.42885771543 8.19137211502e-14
4.44889779559 8.03201385556e-14
4.46893787575 7.87265559609e-14
4.48897795591 7.71165254026e-14
4.50901803607 7.5485918125e-14
4.52905811623 7.38553108475e-14
4.54909819639 7.22344438044e-14
4.56913827655 7.06890119106e-14
4.58917835671 6.91435800168e-14
4.60921843687 6.7598148123e-14
4.62925851703 6.60731483737e-14
4.64929859719 6.45537623782e-14
4.66933867735 6.30343763826e-14
4.68937875752 6.16095977277e-14
4.70941883768 6.02983326522e-14
4.72945891784 5.89870675767e-14
4.749498998 5.76599563784e-14
4.76953907816 5.62216077156e-14
4.78957915832 5.47832590528e-14
4.80961923848 5.334491039e-14
4.82965931864 5.20615615878e-14
4.8496993988 5.08182297775e-14
4.86973947896 4.95748979671e-14
4.88977955912 4.83633470499e-14
4.90981963928 4.71883738554e-14
4.92985971944 4.60134006609e-14
4.9498997996 4.48565685205e-14
4.96993987976 4.38159475637e-14
4.98997995992 4.27753266069e-14
5.01002004008 4.17571719302e-14
5.03006012024 4.07598648618e-14
5.0501002004 3.97625577933e-14
5.07014028056 3.88261664507e-14
5.09018036072 3.78910309424e-14
5.11022044088 3.69558954342e-14
5.13026052104 3.60207599259e-14
5.1503006012 3.50856244177e-14
5.17034068136 3.42268736221e-14
5.19038076152 3.33730502181e-14
5.21042084168 3.25192268142e-14
5.23046092184 3.16654034102e-14
5.250501002 3.08115800062e-14
5.27054108216 3.00465362664e-14
5.29058116232 2.92914663856e-14
5.31062124248 2.85363965048e-14
5.33066132265 2.7781326624e-14
5.35070140281 2.70262567432e-14
5.37074148297 2.62959890441e-14
5.39078156313 2.55698058166e-14
5.41082164329 2.48436225891e-14
5.43086172345 2.41174393616e-14
5.45090180361 2.33912561341e-14
5.47094188377 2.27452975856e-14
5.49098196393 2.21171640253e-14
5.51102204409 2.14890304651e-14
5.53106212425 2.08608969048e-14
5.55110220441 2.02327633445e-14
5.57114228457 1.9634387197e-14
5.59118236473 1.90445142584e-14
5.61122244489 1.84546413198e-14
5.63126252505 1.78647683811e-14
5.65130260521 1.72748954425e-14
5.67134268537 1.67401347908e-14
5.69138276553 1.62250049099e-14
5.71142284569 1.57098750289e-14
5.73146292585 1.5194745148e-14
5.75150300601 1.46796152671e-14
5.77154308617 1.41847938812e-14
5.79158316633 1.36988027815e-14
5.81162324649 1.32128116817e-14
5.83166332665 1.2726820582e-14
5.85170340681 1.22408294823e-14
5.87174348697 1.17800900549e-14
5.89178356713 1.13325596079e-14
5.91182364729 1.0885029161e-14
5.93186372745 1.0437498714e-14
5.95190380762 9.98996826707e-15
5.97194388778 9.58985898438e-15
5.99198396794 9.21929100668e-15
6.0120240481 8.84872302897e-15
6.03206412826 8.47815505127e-15
6.05210420842 8.10758707357e-15
6.07214428858 7.75701793786e-15
6.09218436874 7.42118460855e-15
6.1122244489 7.08535127923e-15
6.13226452906 6.74951794992e-15
6.15230460922 6.4136846206e-15
6.17234468938 6.08964859964e-15
6.19238476954 5.77585142001e-15
6.2124248497 5.46205424039e-15
6.23246492986 5.14825706076e-15
6.25250501002 4.83445988113e-15
6.27254509018 4.54590977669e-15
6.29258517034 4.2831206433e-15
6.3126252505 4.02033150991e-15
6.33266533066 3.75754237651e-15
6.35270541082 3.49475324312e-15
6.37274549098 3.24964581055e-15
6.39278557114 3.02575486616e-15
6.4128256513 2.80186392176e-15
6.43286573146 2.57797297736e-15
6.45290581162 2.35408203297e-15
6.47294589178 2.15682294829e-15
6.49298597194 1.99723460174e-15
6.5130260521 1.83764625519e-15
6.53306613226 1.67805790864e-15
6.55310621242 1.51846956209e-15
6.57314629259 1.37771878958e-15
6.59318637275 1.26853660483e-15
6.61322645291 1.15935442008e-15
6.63326653307 1.05017223532e-15
6.65330661323 9.40990050568e-16
6.67334669339 8.3560562002e-16
6.69338677355 7.37817266433e-16
6.71342685371 6.40028912847e-16
6.73346693387 5.42240559261e-16
6.75350701403 4.44452205675e-16
6.77354709419 3.57092780575e-16
6.79358717435 2.94908040174e-16
6.81362725451 2.32723299774e-16
6.83366733467 1.70538559374e-16
6.85370741483 1.08353818974e-16
6.87374749499 5.9148083987e-17
6.89378757515 4.83615387054e-17
6.91382765531 3.75749934237e-17
6.93386773547 2.67884481421e-17
6.95390781563 1.60019028605e-17
6.97394789579 7.26547154951e-18
6.99398797595 6.14381816935e-18
7.01402805611 5.0221647892e-18
7.03406813627 3.90051140905e-18
7.05410821643 2.77885802889e-18
7.07414829659 1.78703507742e-18
7.09418837675 1.42143748253e-18
7.11422845691 1.05583988763e-18
7.13426853707 6.90242292737e-19
7.15430861723 3.24644697842e-19
7.17434869739 6.87411267443e-21
7.19438877756 5.47382658107e-21
7.21442885772 4.0735404877e-21
7.23446893788 2.67325439434e-21
7.25450901804 1.27296830098e-21
7.2745490982 0.0
7.29458917836 0.0
7.31462925852 0.0
7.33466933868 0.0
7.35470941884 0.0
7.374749499 0.0
7.39478957916 0.0
7.41482965932 0.0
7.43486973948 0.0
7.45490981964 0.0
7.4749498998 0.0
7.49498997996 0.0
7.51503006012 0.0
7.53507014028 0.0
7.55511022044 0.0
7.5751503006 0.0
7.59519038076 0.0
7.61523046092 0.0
7.63527054108 0.0
7.65531062124 0.0
7.6753507014 0.0
7.69539078156 0.0
7.71543086172 0.0
7.73547094188 0.0
7.75551102204 0.0
7.7755511022 0.0
7.79559118236 0.0
7.81563126253 0.0
7.83567134269 0.0
7.85571142285 0.0
7.87575150301 0.0
7.89579158317 0.0
7.91583166333 0.0
7.93587174349 0.0
7.95591182365 0.0
7.97595190381 0.0
7.99599198397 0.0
8.01603206413 0.0
8.03607214429 0.0
8.05611222445 0.0
8.07615230461 0.0
8.09619238477 0.0
8.11623246493 0.0
8.13627254509 0.0
8.15631262525 0.0
8.17635270541 0.0
8.19639278557 0.0
8.21643286573 0.0
8.23647294589 0.0
8.25651302605 0.0
8.27655310621 0.0
8.29659318637 0.0
8.31663326653 0.0
8.33667334669 0.0
8.35671342685 0.0
8.37675350701 0.0
8.39679358717 0.0
8.41683366733 0.0
8.43687374749 0.0
8.45691382766 0.0
8.47695390782 0.0
8.49699398798 0.0
8.51703406814 0.0
8.5370741483 0.0
8.55711422846 0.0
8.57715430862 0.0
8.59719438878 0.0
8.61723446894 0.0
8.6372745491 0.0
8.65731462926 0.0
8.67735470942 0.0
8.69739478958 0.0
8.71743486974 0.0
8.7374749499 0.0
8.75751503006 0.0
8.77755511022 0.0
8.79759519038 0.0
8.81763527054 0.0
8.8376753507 0.0
8.85771543086 0.0
8.87775551102 0.0
8.89779559118 0.0
8.91783567134 0.0
8.9378757515 0.0
8.95791583166 0.0
8.97795591182 0.0
8.99799599198 0.0
9.01803607214 0.0
9.0380761523 0.0
9.05811623246 0.0
9.07815631263 0.0
9.09819639279 0.0
9.11823647295 0.0
9.13827655311 0.0
9.15831663327 0.0
9.17835671343 0.0
9.19839679359 0.0
9.21843687375 0.0
9.23847695391 0.0
9.25851703407 0.0
9.27855711423 0.0
9.29859719439 0.0
9.31863727455 0.0
9.33867735471 0.0
9.35871743487 0.0
9.37875751503 0.0
9.39879759519 0.0
9.41883767535 0.0
9.43887775551 0.0
9.45891783567 0.0
9.47895791583 0.0
9.49899799599 0.0
9.51903807615 0.0
9.53907815631 0.0
9.55911823647 0.0
9.57915831663 0.0
9.59919839679 0.0
9.61923847695 0.0
9.63927855711 0.0
9.65931863727 0.0
9.67935871743 0.0
9.6993987976 0.0
9.71943887776 0.0
9.73947895792 0.0
9.75951903808 0.0
9.77955911824 0.0
9.7995991984 0.0
9.81963927856 0.0
9.83967935872 0.0
9.85971943888 0.0
9.87975951904 0.0
9.8997995992 0.0
9.91983967936 0.0
9.93987975952 0.0
9.95991983968 0.0
9.97995991984 0.0
10.0 0.0
