0.0 0.0
0.0200400801603 0.0
0.0400801603206 0.0
0.060120240481 0.0
0.0801603206413 0.0
0.100200400802 0.0
0.120240480962 0.0
0.140280561122 0.0
0.160320641283 0.0
0.180360721443 0.0
0.200400801603 0.0
0.220440881764 6.28933299286e-11
0.240480961924 6.89402502376e-11
0.260521042084 2.35841010337e-12
0.280561122244 2.87855231216e-12
0.300601202405 3.39263799146e-12
0.320641282565 3.97130946407e-12
0.340681362725 4.64892103686e-12
0.360721442886 5.23315476127e-12
0.380761523046 5.80670204839e-12
0.400801603206 6.38024933551e-12
0.420841683367 6.95859720022e-12
0.440881763527 7.54060483103e-12
0.460921843687 8.12261246184e-12
0.480961923848 8.69883104063e-12
0.501002004008 9.25646709653e-12
0.521042084168 9.81410315243e-12
0.541082164329 1.03717392083e-11
0.561122244489 1.09253811232e-11
0.581162324649 1.14786166239e-11
0.60120240481 1.20318521246e-11
0.62124248497 1.25769587253e-11
0.64128256513 1.31161244608e-11
0.661322645291 1.36552901962e-11
0.681362725451 1.41748259957e-11
0.701402805611 1.4634796758e-11
0.721442885772 1.50947675203e-11
0.741482965932 1.55547382825e-11
0.761523046092 1.59927094654e-11
0.781563126253 1.64287150298e-11
0.801603206413 1.68647205943e-11
0.821643286573 1.72313972087e-11
0.841683366733 1.75495148677e-11
0.861723446894 1.78676325266e-11
0.881763527054 1.81462348206e-11
0.901803607214 1.83113131418e-11
0.921843687375 1.8476391463e-11
0.941883767535 1.86414697842e-11
0.961923847695 1.87409944419e-11
0.981963927856 1.88354570708e-11
1.00200400802 1.89299196998e-11
1.02204408818 1.90556743018e-11
1.04208416834 1.92024272505e-11
1.0621242485 1.93491801993e-11
1.08216432866 1.94878762059e-11
1.10220440882 1.96046263339e-11
1.12224448898 1.97213764618e-11
1.14228456914 1.98381265897e-11
1.1623246493 1.98677325272e-11
1.18236472946 1.98916428665e-11
1.20240480962 1.99155532058e-11
1.22244488978 1.9932637415e-11
1.24248496994 1.99453346413e-11
1.2625250501 1.99580318675e-11
1.28256513026 1.99754795937e-11
1.30260521042 2.00052113334e-11
1.32264529058 2.00349430731e-11
1.34268537074 2.00646748127e-11
1.3627254509 2.01284856877e-11
1.38276553106 2.01941285001e-11
1.40280561122 2.02597713124e-11
1.42284569138 2.02990137063e-11
1.44288577154 2.03220132057e-11
1.4629258517 2.03450127051e-11
1.48296593186 2.03718040961e-11
1.50300601202 2.04079147771e-11
1.52304609218 2.04440254581e-11
1.54308617234 2.04801361391e-11
1.56312625251 2.04691104903e-11
1.58316633267 2.0456086144e-11
1.60320641283 2.04430617977e-11
1.62324649299 2.0430962911e-11
1.64328657315 2.04194088688e-11
1.66332665331 2.04078548266e-11
1.68336673347 2.04079922098e-11
1.70340681363 2.04354686487e-11
1.72344689379 2.04629450876e-11
1.74348697395 2.04904215265e-11
1.76352705411 2.03950670463e-11
1.78356713427 2.02958689912e-11
1.80360721443 2.0196670936e-11
1.82364729459 2.01381959735e-11
1.84368737475 2.01026506559e-11
1.86372745491 2.00671053382e-11
1.88376753507 2.00677836589e-11
1.90380761523 2.0149133458e-11
1.92384769539 2.02304832571e-11
1.94388777555 2.03118330562e-11
1.96392785571 2.0249040098e-11
1.98396793587 2.01833044564e-11
2.00400801603 2.01175688148e-11
2.02404809619 2.00577818113e-11
2.04408817635 2.00011964394e-11
2.06412825651 1.99446110675e-11
2.08416833667 1.98890890739e-11
2.10420841683 1.98358245069e-11
2.12424849699 1.97825599398e-11
2.14428857715 1.97292953728e-11
2.16432865731 1.96655541045e-11
2.18436873747 1.96017105255e-11
2.20440881764 1.95378669464e-11
2.2244488978 1.94421484561e-11
2.24448897796 1.93300417852e-11
2.26452905812 1.92179351143e-11
2.28456913828 1.91008389232e-11
2.30460921844 1.89736377687e-11
2.3246492986 1.88464366143e-11
2.34468937876 1.87192745074e-11
2.36472945892 1.86508445457e-11
2.38476953908 1.8582414584e-11
2.40480961924 1.85139846223e-11
2.4248496994 1.84391867966e-11
2.44488977956 1.83612635589e-11
2.46492985972 1.82833403211e-11
2.48496993988 1.81752722322e-11
2.50501002004 1.80089186462e-11
2.5250501002 1.78425650601e-11
2.54509018036 1.76775755761e-11
2.56513026052 1.76352322486e-11
2.58517034068 1.75928889211e-11
2.60521042084 1.75505455936e-11
2.625250501 1.74411879837e-11
2.64529058116 1.73004551006e-11
2.66533066132 1.71597222175e-11
2.68537074148 1.70211357417e-11
2.70541082164 1.68865140862e-11
2.7254509018 1.67518924306e-11
2.74549098196 1.66180814738e-11
2.76553106212 1.65214575934e-11
2.78557114228 1.64248337131e-11
2.80561122244 1.63282098328e-11
2.82565130261 1.61464768434e-11
2.84569138277 1.5926764604e-11
2.86573146293 1.57070523646e-11
2.88577154309 1.55317173126e-11
2.90581162325 1.54347434782e-11
2.92585170341 1.53377696439e-11
2.94589178357 1.52389332043e-11
2.96593186373 1.50831481888e-11
2.98597194389 1.49273631734e-11
3.00601202405 1.47715781579e-11
3.02605210421 1.4611757045e-11
3.04609218437 1.44502208234e-11
3.06613226453 1.42886846018e-11
3.08617234469 1.41325822827e-11
3.10621242485 1.39856574655e-11
3.12625250501 1.38387326482e-11
3.14629258517 1.36927294817e-11
3.16633266533 1.356774536e-11
3.18637274549 1.34427612382e-11
3.20641282565 1.33177771164e-11
3.22645290581 1.31511011689e-11
3.24649298597 1.29675708386e-11
3.26653306613 1.27840405083e-11
3.28657314629 1.25907275842e-11
3.30661322645 1.23816037879e-11
3.32665330661 1.21724799916e-11
3.34669338677 1.19667869872e-11
3.36673346693 1.1823208914e-11
3.38677354709 1.16796308409e-11
3.40681362725 1.15360527678e-11
3.42685370741 1.13814366135e-11
3.44689378758 1.12225799424e-11
3.46693386774 1.10637232713e-11
3.4869739479 1.09086078869e-11
3.50701402806 1.07592815627e-11
3.52705410822 1.06099552384e-11
3.54709418838 1.04590259292e-11
3.56713426854 1.02841244695e-11
3.5871743487 1.01092230097e-11
3.60721442886 9.93432154999e-12
3.62725450902 9.77042488396e-12
3.64729458918 9.61054110189e-12
3.66733466934 9.45065731981e-12
3.6873747495 9.29777934147e-12
3.70741482966 9.15528395283e-12
3.72745490982 9.01278856418e-12
3.74749498998 8.8708644068e-12
3.76753507014 8.73619271171e-12
3.7875751503 8.60152101663e-12
3.80761523046 8.46684932155e-12
3.82765531062 8.30801423922e-12
3.84769539078 8.14082662437e-12
3.86773547094 7.97363900952e-12
3.8877755511 7.81835186571e-12
3.90781563126 7.67996244826e-12
3.92785571142 7.54157303082e-12
3.94789579158 7.40443564707e-12
3.96793587174 7.28106789972e-12
3.9879759519 7.15770015237e-12
4.00801603206 7.03433240501e-12
4.02805611222 6.89580397011e-12
4.04809619238 6.7523148086e-12
4.06813627255 6.60882564709e-12
4.08817635271 6.47717233797e-12
4.10821643287 6.36162611753e-12
4.12825651303 6.2460798971e-12
4.14829659319 6.12998902801e-12
4.16833667335 6.00862913005e-12
4.18837675351 5.88726923209e-12
4.20841683367 5.76590933413e-12
4.22845691383 5.65499990377e-12
4.24849699399 5.54732228435e-12
4.26853707415 5.43964466493e-12
4.28857715431 5.32872568866e-12
4.30861723447 5.2135779162e-12
4.32865731463 5.09843014375e-12
4.34869739479 4.98482047085e-12
4.36873747495 4.88445934075e-12
4.38877755511 4.78409821065e-12
4.40881763527 4.68373708055e-12
4.42885771543 4.59191322349e-12
4.44889779559 4.50258029017e-12
4.46893787575 4.41324735686e-12
4.48897795591 4.32299238483e-12
4.50901803607 4.23158392462e-12
4.52905811623 4.14017546442e-12
4.54909819639 4.04931302154e-12
4.56913827655 3.9626793166e-12
4.58917835671 3.87604561165e-12
4.60921843687 3.78941190671e-12
4.62925851703 3.70392358538e-12
4.64929859719 3.61874995944e-12
4.66933867735 3.5335763335e-12
4.68937875752 3.45370619875e-12
4.70941883768 3.38019939971e-12
4.72945891784 3.30669260067e-12
4.749498998 3.23229750086e-12
4.76953907816 3.15166665963e-12
4.78957915832 3.07103581839e-12
4.80961923848 2.99040497716e-12
4.82965931864 2.91846310647e-12
4.8496993988 2.8487645053e-12
4.86973947896 2.77906590412e-12
4.88977955912 2.71114887387e-12
4.90981963928 2.64528231484e-12
4.92985971944 2.57941575581e-12
4.9498997996 2.51456614664e-12
4.96993987976 2.45623109526e-12
4.98997995992 2.39789604388e-12
5.01002004008 2.34082040554e-12
5.03006012024 2.28491344085e-12
5.0501002004 2.22900647617e-12
5.07014028056 2.17651432066e-12
5.09018036072 2.12409256463e-12
5.11022044088 2.07167080859e-12
5.13026052104 2.01924905256e-12
5.1503006012 1.96682729652e-12
5.17034068136 1.91868750897e-12
5.19038076152 1.87082394076e-12
5.21042084168 1.82296037256e-12
5.23046092184 1.77509680435e-12
5.250501002 1.72723323614e-12
5.27054108216 1.68434647168e-12
5.29058116232 1.64201882106e-12
5.31062124248 1.59969117043e-12
5.33066132265 1.55736351981e-12
5.35070140281 1.51503586918e-12
5.37074148297 1.47409857739e-12
5.39078156313 1.4333902526e-12
5.41082164329 1.39268192782e-12
5.43086172345 1.35197360303e-12
5.45090180361 1.31126527825e-12
5.47094188377 1.27505418248e-12
5.49098196393 1.23984231857e-12
5.51102204409 1.20463045466e-12
5.53106212425 1.16941859075e-12
5.55110220441 1.13420672685e-12
5.57114228457 1.10066300174e-12
5.59118236473 1.06759594888e-12
5.61122244489 1.03452889603e-12
5.63126252505 1.00146184317e-12
5.65130260521 9.6839479031e-13
5.67134268537 9.38417217889e-13
5.69138276553 9.09540105742e-13
5.71142284569 8.80662993595e-13
5.73146292585 8.51785881448e-13
5.75150300601 8.22908769301e-13
5.77154308617 7.95170109241e-13
5.79158316633 7.67926456701e-13
5.81162324649 7.40682804161e-13
5.83166332665 7.13439151621e-13
5.85170340681 6.8619549908e-13
5.87174348697 6.6036740289e-13
5.89178356713 6.35279774731e-13
5.91182364729 6.10192146572e-13
5.93186372745 5.85104518414e-13
5.95190380762 5.60016890255e-13
5.97194388778 5.37587594159e-13
5.99198396794 5.16814322317e-13
6.0120240481 4.96041050476e-13
6.03206412826 4.75267778634e-13
6.05210420842 4.54494506792e-13
6.07214428858 4.34842328532e-13
6.09218436874 4.16016208999e-13
6.1122244489 3.97190089466e-13
6.13226452906 3.78363969933e-13
6.15230460922 3.595378504e-13
6.17234468938 3.41373063492e-13
6.19238476954 3.23782244782e-13
6.2124248497 3.06191426072e-13
6.23246492986 2.88600607362e-13
6.25250501002 2.71009788651e-13
6.27254509018 2.54834268585e-13
6.29258517034 2.40102855096e-13
6.3126252505 2.25371441608e-13
6.33266533066 2.1064002812e-13
6.35270541082 1.95908614632e-13
6.37274549098 1.821684006e-13
6.39278557114 1.69617538867e-13
6.4128256513 1.57066677134e-13
6.43286573146 1.44515815401e-13
6.45290581162 1.31964953668e-13
6.47294589178 1.20907018725e-13
6.49298597194 1.11960827189e-13
6.5130260521 1.03014635653e-13
6.53306613226 9.40684441174e-14
6.55310621242 8.51222525815e-14
6.57314629259 7.72320563552e-14
6.59318637275 7.11115296485e-14
6.61322645291 6.49910029419e-14
6.63326653307 5.88704762352e-14
6.65330661323 5.27499495286e-14
6.67334669339 4.68423170418e-14
6.69338677355 4.13605048663e-14
6.71342685371 3.58786926909e-14
6.73346693387 3.03968805155e-14
6.75350701403 2.49150683401e-14
6.77354709419 2.00178802539e-14
6.79358717435 1.65319327504e-14
6.81362725451 1.30459852469e-14
6.83366733467 9.56003774346e-15
6.85370741483 6.07409023999e-15
6.87374749499 3.31571884649e-15
6.89378757515 2.71104750182e-15
6.91382765531 2.10637615716e-15
6.93386773547 1.50170481249e-15
6.95390781563 8.97033467826e-16
6.97394789579 4.07287258039e-16
6.99398797595 3.4440969716e-16
7.01402805611 2.8153213628e-16
7.03406813627 2.186545754e-16
7.05410821643 1.55777014521e-16
7.07414829659 1.00177478054e-16
7.09418837675 7.96828355582e-17
7.11422845691 5.91881930624e-17
7.13426853707 3.86935505666e-17
7.15430861723 1.81989080709e-17
7.17434869739 3.85348491635e-19
7.19438877756 3.06851359061e-19
7.21442885772 2.28354226487e-19
7.23446893788 1.49857093912e-19
7.25450901804 7.13599613383e-20
7.2745490982 0.0
7.29458917836 0.0
7.31462925852 0.0
7.33466933868 0.0
7.35470941884 0.0
7.374749499 0.0
7.39478957916 0.0
7.41482965932 0.0
7.43486973948 0.0
7.45490981964 0.0
7.4749498998 0.0
7.49498997996 0.0
7.51503006012 0.0
7.53507014028 0.0
7.55511022044 0.0
7.5751503006 0.0
7.59519038076 0.0
7.61523046092 0.0
7.63527054108 0.0
7.65531062124 0.0
7.6753507014 0.0
7.69539078156 0.0
7.71543086172 0.0
7.73547094188 0.0
7.75551102204 0.0
7.7755511022 0.0
7.79559118236 0.0
7.81563126253 0.0
7.83567134269 0.0
7.85571142285 0.0
7.87575150301 0.0
7.89579158317 0.0
7.91583166333 0.0
7.93587174349 0.0
7.95591182365 0.0
7.97595190381 0.0
7.99599198397 0.0
8.01603206413 0.0
8.03607214429 0.0
8.05611222445 0.0
8.07615230461 0.0
8.09619238477 0.0
8.11623246493 0.0
8.13627254509 0.0
8.15631262525 0.0
8.17635270541 0.0
8.19639278557 0.0
8.21643286573 0.0
8.23647294589 0.0
8.25651302605 0.0
8.27655310621 0.0
8.29659318637 0.0
8.31663326653 0.0
8.33667334669 0.0
8.35671342685 0.0
8.37675350701 0.0
8.39679358717 0.0
8.41683366733 0.0
8.43687374749 0.0
8.45691382766 0.0
8.47695390782 0.0
8.49699398798 0.0
8.51703406814 0.0
8.5370741483 0.0
8.55711422846 0.0
8.57715430862 0.0
8.59719438878 0.0
8.61723446894 0.0
8.6372745491 0.0
8.65731462926 0.0
8.67735470942 0.0
8.69739478958 0.0
8.71743486974 0.0
8.7374749499 0.0
8.75751503006 0.0
8.77755511022 0.0
8.79759519038 0.0
8.81763527054 0.0
8.8376753507 0.0
8.85771543086 0.0
8.87775551102 0.0
8.89779559118 0.0
8.91783567134 0.0
8.9378757515 0.0
8.95791583166 0.0
8.97795591182 0.0
8.99799599198 0.0
9.01803607214 0.0
9.0380761523 0.0
9.05811623246 0.0
9.07815631263 0.0
9.09819639279 0.0
9.11823647295 0.0
9.13827655311 0.0
9.15831663327 0.0
9.17835671343 0.0
9.19839679359 0.0
9.21843687375 0.0
9.23847695391 0.0
9.25851703407 0.0
9.27855711423 0.0
9.29859719439 0.0
9.31863727455 0.0
9.33867735471 0.0
9.35871743487 0.0
9.37875751503 0.0
9.39879759519 0.0
9.41883767535 0.0
9.43887775551 0.0
9.45891783567 0.0
9.47895791583 0.0
9.49899799599 0.0
9.51903807615 0.0
9.53907815631 0.0
9.55911823647 0.0
9.57915831663 0.0
9.59919839679 0.0
9.61923847695 0.0
9.63927855711 0.0
9.65931863727 0.0
9.67935871743 0.0
9.6993987976 0.0
9.71943887776 0.0
9.73947895792 0.0
9.75951903808 0.0
9.77955911824 0.0
9.7995991984 0.0
9.81963927856 0.0
9.83967935872 0.0
9.85971943888 0.0
9.87975951904 0.0
9.8997995992 0.0
9.91983967936 0.0
9.93987975952 0.0
9.95991983968 0.0
9.97995991984 0.0
10.0 0.0
