0.0 0.0
0.0200400801603 0.0
0.0400801603206 0.0
0.060120240481 0.0
0.0801603206413 0.0
0.100200400802 0.0
0.120240480962 0.0
0.140280561122 0.0
0.160320641283 0.0
0.180360721443 0.0
0.200400801603 0.0
0.220440881764 0.0
0.240480961924 0.0
0.260521042084 0.0
0.280561122244 0.0
0.300601202405 0.0
0.320641282565 0.0
0.340681362725 0.0
0.360721442886 0.0
0.380761523046 2.13427734942e-12
0.400801603206 2.3450870265e-12
0.420841683367 2.55766117573e-12
0.440881763527 2.77158048712e-12
0.460921843687 2.9854997985e-12
0.480961923848 3.19729131988e-12
0.501002004008 3.40225275813e-12
0.521042084168 3.60721419638e-12
0.541082164329 3.81217563463e-12
0.561122244489 4.01566900985e-12
0.581162324649 4.21901300584e-12
0.60120240481 4.42235700183e-12
0.62124248497 4.622713187e-12
0.64128256513 4.82088578259e-12
0.661322645291 5.01905837819e-12
0.681362725451 5.21001590963e-12
0.701402805611 5.37908006535e-12
0.721442885772 5.54814422107e-12
0.741482965932 5.7172083768e-12
0.761523046092 5.87818649612e-12
0.781563126253 6.03844214428e-12
0.801603206413 6.19869779243e-12
0.821643286573 6.33347129832e-12
0.841683366733 6.45039675934e-12
0.861723446894 6.56732222036e-12
0.881763527054 6.66972364558e-12
0.901803607214 6.73039886515e-12
0.921843687375 6.79107408473e-12
0.941883767535 6.85174930431e-12
0.961923847695 6.88833000377e-12
0.981963927856 6.92305013366e-12
1.00200400802 6.95777026355e-12
1.02204408818 7.00399188754e-12
1.04208416834 7.05793154069e-12
1.0621242485 7.11187119384e-12
1.08216432866 7.16284948463e-12
1.10220440882 7.20576147693e-12
1.12224448898 7.24867346922e-12
1.14228456914 7.29158546152e-12
1.1623246493 7.30246724628e-12
1.18236472946 7.31125559036e-12
1.20240480962 7.32004393443e-12
1.22244488978 7.32632330616e-12
1.24248496994 7.33099022418e-12
1.2625250501 7.3356571422e-12
1.28256513026 7.3420701261e-12
1.30260521042 7.35299814997e-12
1.32264529058 7.36392617383e-12
1.34268537074 7.3748541977e-12
1.3627254509 7.39830814865e-12
1.38276553106 7.42243543578e-12
1.40280561122 7.44656272291e-12
1.42284569138 7.46098642706e-12
1.44288577154 7.46943998817e-12
1.4629258517 7.47789354929e-12
1.48296593186 7.48774083581e-12
1.50300601202 7.50101346594e-12
1.52304609218 7.51428609607e-12
1.54308617234 7.5275587262e-12
1.56312625251 7.52350620339e-12
1.58316633267 7.51871905104e-12
1.60320641283 7.5139318987e-12
1.62324649299 7.50948490288e-12
1.64328657315 7.50523816688e-12
1.66332665331 7.50099143089e-12
1.68336673347 7.50104192665e-12
1.70340681363 7.51114100538e-12
1.72344689379 7.52124008411e-12
1.74348697395 7.53133916285e-12
1.76352705411 7.49629122937e-12
1.78356713427 7.45983057399e-12
1.80360721443 7.42336991861e-12
1.82364729459 7.40187720436e-12
1.84368737475 7.38881237587e-12
1.86372745491 7.37574754738e-12
1.88376753507 7.37599686697e-12
1.90380761523 7.40589732202e-12
1.92384769539 7.43579777707e-12
1.94388777555 7.46569823213e-12
1.96392785571 7.44261842068e-12
1.98396793587 7.41845701379e-12
2.00400801603 7.39429560689e-12
2.02404809619 7.3723206465e-12
2.04408817635 7.35152245907e-12
2.06412825651 7.33072427164e-12
2.08416833667 7.31031693331e-12
2.10420841683 7.29073932144e-12
2.12424849699 7.27116170957e-12
2.14428857715 7.2515840977e-12
2.16432865731 7.22815573098e-12
2.18436873747 7.2046897595e-12
2.20440881764 7.18122378801e-12
2.2244488978 7.14604206106e-12
2.24448897796 7.10483679061e-12
2.26452905812 7.06363152015e-12
2.28456913828 7.0205923309e-12
2.30460921844 6.97383902058e-12
2.3246492986 6.92708571026e-12
2.34468937876 6.88034675203e-12
2.36472945892 6.85519503664e-12
2.38476953908 6.83004332125e-12
2.40480961924 6.80489160586e-12
2.4248496994 6.77739935574e-12
2.44488977956 6.74875834749e-12
2.46492985972 6.72011733924e-12
2.48496993988 6.68039646628e-12
2.50501002004 6.61925251783e-12
2.5250501002 6.55810856939e-12
2.54509018036 6.49746600228e-12
2.56513026052 6.48190253716e-12
2.58517034068 6.46633907204e-12
2.60521042084 6.45077560691e-12
2.625250501 6.41058076518e-12
2.64529058116 6.35885381205e-12
2.66533066132 6.30712685893e-12
2.68537074148 6.25618882667e-12
2.70541082164 6.2067080805e-12
2.7254509018 6.15722733432e-12
2.74549098196 6.10804456381e-12
2.76553106212 6.07253005704e-12
2.78557114228 6.03701555026e-12
2.80561122244 6.00150104349e-12
2.82565130261 5.93470433177e-12
2.84569138277 5.85394818964e-12
2.86573146293 5.7731920475e-12
2.88577154309 5.70874692408e-12
2.90581162325 5.67310379028e-12
2.92585170341 5.63746065648e-12
2.94589178357 5.6011329144e-12
2.96593186373 5.54387348776e-12
2.98597194389 5.48661406113e-12
3.00601202405 5.4293546345e-12
3.02605210421 5.37061172357e-12
3.04609218437 5.31123841735e-12
3.06613226453 5.25186511112e-12
3.08617234469 5.19448905825e-12
3.10621242485 5.14048623411e-12
3.12625250501 5.08648340998e-12
3.14629258517 5.03281934238e-12
3.16633266533 4.9868809116e-12
3.18637274549 4.94094248083e-12
3.20641282565 4.89500405005e-12
3.22645290581 4.83374161628e-12
3.24649298597 4.76628428446e-12
3.26653306613 4.69882695264e-12
3.28657314629 4.62777398803e-12
3.30661322645 4.55090967194e-12
3.32665330661 4.47404535585e-12
3.34669338677 4.3984420415e-12
3.36673346693 4.345669327e-12
3.38677354709 4.29289661251e-12
3.40681362725 4.24012389801e-12
3.42685370741 4.18329409113e-12
3.44689378758 4.12490566478e-12
3.46693386774 4.06651723842e-12
3.4869739479 4.00950393747e-12
3.50701402806 3.95461842951e-12
3.52705410822 3.89973292155e-12
3.54709418838 3.84425822984e-12
3.56713426854 3.77997247507e-12
3.5871743487 3.7156867203e-12
3.60721442886 3.65140096553e-12
3.62725450902 3.59116006819e-12
3.64729458918 3.53239412295e-12
3.66733466934 3.4736281777e-12
3.6873747495 3.41743724459e-12
3.70741482966 3.36506247526e-12
3.72745490982 3.31268770592e-12
3.74749498998 3.260522895e-12
3.76753507014 3.21102375659e-12
3.7875751503 3.16152461817e-12
3.80761523046 3.11202547976e-12
3.82765531062 3.05364498844e-12
3.84769539078 2.99219448926e-12
3.86773547094 2.93074399008e-12
3.8877755511 2.87366755824e-12
3.90781563126 2.82280195559e-12
3.92785571142 2.77193635295e-12
3.94789579158 2.72153094047e-12
3.96793587174 2.67618661479e-12
3.9879759519 2.63084228911e-12
4.00801603206 2.58549796342e-12
4.02805611222 2.53458126434e-12
4.04809619238 2.48184122968e-12
4.06813627255 2.42910119502e-12
4.08817635271 2.38071147685e-12
4.10821643287 2.33824198573e-12
4.12825651303 2.2957724946e-12
4.14829659319 2.25310281562e-12
4.16833667335 2.20849648328e-12
4.18837675351 2.16389015095e-12
4.20841683367 2.11928381861e-12
4.22845691383 2.07851859886e-12
4.24849699399 2.03894124458e-12
4.26853707415 1.9993638903e-12
4.28857715431 1.9585951619e-12
4.30861723447 1.91627212198e-12
4.32865731463 1.87394908207e-12
4.34869739479 1.832191377e-12
4.36873747495 1.79530322863e-12
4.38877755511 1.75841508025e-12
4.40881763527 1.72152693187e-12
4.42885771543 1.6877766935e-12
4.44889779559 1.65494200446e-12
4.46893787575 1.62210731542e-12
4.48897795591 1.58893372723e-12
4.50901803607 1.55533616969e-12
4.52905811623 1.52173861216e-12
4.54909819639 1.48834174555e-12
4.56913827655 1.45649916906e-12
4.58917835671 1.42465659256e-12
4.60921843687 1.39281401607e-12
4.62925851703 1.36139243006e-12
4.64929859719 1.33008651164e-12
4.66933867735 1.29878059322e-12
4.68937875752 1.26942399492e-12
4.70941883768 1.24240626697e-12
4.72945891784 1.21538853902e-12
4.749498998 1.18804431245e-12
4.76953907816 1.15840811333e-12
4.78957915832 1.12877191422e-12
4.80961923848 1.0991357151e-12
4.82965931864 1.07269318304e-12
4.8496993988 1.04707517397e-12
4.86973947896 1.02145716489e-12
4.88977955912 9.96493979575e-13
4.90981963928 9.72284453437e-13
4.92985971944 9.480749273e-13
4.9498997996 9.24239185285e-13
4.96993987976 9.02797895926e-13
4.98997995992 8.81356606567e-13
5.01002004008 8.60378219679e-13
5.03006012024 8.39829383626e-13
5.0501002004 8.19280547574e-13
5.07014028056 7.99986838754e-13
5.09018036072 7.80719005552e-13
5.11022044088 7.6145117235e-13
5.13026052104 7.42183339148e-13
5.1503006012 7.22915505946e-13
5.17034068136 7.05221527966e-13
5.19038076152 6.8762907555e-13
5.21042084168 6.70036623133e-13
5.23046092184 6.52444170716e-13
5.250501002 6.34851718299e-13
5.27054108216 6.19088510679e-13
5.29058116232 6.0353080766e-13
5.31062124248 5.87973104642e-13
5.33066132265 5.72415401624e-13
5.35070140281 5.56857698606e-13
5.37074148297 5.41811027726e-13
5.39078156313 5.26848514616e-13
5.41082164329 5.11886001507e-13
5.43086172345 4.96923488397e-13
5.45090180361 4.81960975287e-13
5.47094188377 4.68651437302e-13
5.49098196393 4.55709171116e-13
5.51102204409 4.4276690493e-13
5.53106212425 4.29824638744e-13
5.55110220441 4.16882372558e-13
5.57114228457 4.04553237688e-13
5.59118236473 3.92399305673e-13
5.61122244489 3.80245373658e-13
5.63126252505 3.68091441643e-13
5.65130260521 3.55937509628e-13
5.67134268537 3.44919128923e-13
5.69138276553 3.34305226943e-13
5.71142284569 3.23691324962e-13
5.73146292585 3.13077422982e-13
5.75150300601 3.02463521001e-13
5.77154308617 2.92268061793e-13
5.79158316633 2.82254544645e-13
5.81162324649 2.72241027498e-13
5.83166332665 2.6222751035e-13
5.85170340681 2.52213993203e-13
5.87174348697 2.42720769645e-13
5.89178356713 2.33499708174e-13
5.91182364729 2.24278646704e-13
5.93186372745 2.15057585233e-13
5.95190380762 2.05836523762e-13
5.97194388778 1.97592543234e-13
5.99198396794 1.89957241268e-13
6.0120240481 1.82321939302e-13
6.03206412826 1.74686637337e-13
6.05210420842 1.67051335371e-13
6.07214428858 1.59828095987e-13
6.09218436874 1.52908477904e-13
6.1122244489 1.45988859821e-13
6.13226452906 1.39069241738e-13
6.15230460922 1.32149623655e-13
6.17234468938 1.25473081113e-13
6.19238476954 1.19007502955e-13
6.2124248497 1.12541924798e-13
6.23246492986 1.0607634664e-13
6.25250501002 9.96107684828e-14
6.27254509018 9.36653891941e-14
6.29258517034 8.82507972501e-14
6.3126252505 8.28362053061e-14
6.33266533066 7.7421613362e-14
6.35270541082 7.2007021418e-14
6.37274549098 6.69567489327e-14
6.39278557114 6.23436278032e-14
6.4128256513 5.77305066736e-14
6.43286573146 5.3117385544e-14
6.45290581162 4.85042644144e-14
6.47294589178 4.44398747001e-14
6.49298597194 4.11516650073e-14
6.5130260521 3.78634553145e-14
6.53306613226 3.45752456217e-14
6.55310621242 3.12870359289e-14
6.57314629259 2.83869616788e-14
6.59318637275 2.61373367786e-14
6.61322645291 2.38877118783e-14
6.63326653307 2.1638086978e-14
6.65330661323 1.93884620778e-14
6.67334669339 1.72170873283e-14
6.69338677355 1.52022245952e-14
6.71342685371 1.3187361862e-14
6.73346693387 1.11724991289e-14
6.75350701403 9.15763639573e-15
6.77354709419 7.35765466408e-15
6.79358717435 6.07638024429e-15
6.81362725451 4.79510582451e-15
6.83366733467 3.51383140472e-15
6.85370741483 2.23255698493e-15
6.87374749499 1.21870617299e-15
6.89378757515 9.96456719861e-16
6.91382765531 7.74207266727e-16
6.93386773547 5.51957813594e-16
6.95390781563 3.2970836046e-16
6.97394789579 1.49700115883e-16
6.99398797595 1.26589208374e-16
7.01402805611 1.03478300865e-16
7.03406813627 8.03673933561e-17
7.05410821643 5.72564858471e-17
7.07414829659 3.68206463068e-17
7.09418837675 2.92877557092e-17
7.11422845691 2.17548651117e-17
7.13426853707 1.42219745141e-17
7.15430861723 6.68908391651e-18
7.17434869739 1.41636431571e-19
7.19438877756 1.12784485897e-19
7.21442885772 8.39325402223e-20
7.23446893788 5.50805945479e-20
7.25450901804 2.62286488734e-20
7.2745490982 0.0
7.29458917836 0.0
7.31462925852 0.0
7.33466933868 0.0
7.35470941884 0.0
7.374749499 0.0
7.39478957916 0.0
7.41482965932 0.0
7.43486973948 0.0
7.45490981964 0.0
7.4749498998 0.0
7.49498997996 0.0
7.51503006012 0.0
7.53507014028 0.0
7.55511022044 0.0
7.5751503006 0.0
7.59519038076 0.0
7.61523046092 0.0
7.63527054108 0.0
7.65531062124 0.0
7.6753507014 0.0
7.69539078156 0.0
7.71543086172 0.0
7.73547094188 0.0
7.75551102204 0.0
7.7755511022 0.0
7.79559118236 0.0
7.81563126253 0.0
7.83567134269 0.0
7.85571142285 0.0
7.87575150301 0.0
7.89579158317 0.0
7.91583166333 0.0
7.93587174349 0.0
7.95591182365 0.0
7.97595190381 0.0
7.99599198397 0.0
8.01603206413 0.0
8.03607214429 0.0
8.05611222445 0.0
8.07615230461 0.0
8.09619238477 0.0
8.11623246493 0.0
8.13627254509 0.0
8.15631262525 0.0
8.17635270541 0.0
8.19639278557 0.0
8.21643286573 0.0
8.23647294589 0.0
8.25651302605 0.0
8.27655310621 0.0
8.29659318637 0.0
8.31663326653 0.0
8.33667334669 0.0
8.35671342685 0.0
8.37675350701 0.0
8.39679358717 0.0
8.41683366733 0.0
8.43687374749 0.0
8.45691382766 0.0
8.47695390782 0.0
8.49699398798 0.0
8.51703406814 0.0
8.5370741483 0.0
8.55711422846 0.0
8.57715430862 0.0
8.59719438878 0.0
8.61723446894 0.0
8.6372745491 0.0
8.65731462926 0.0
8.67735470942 0.0
8.69739478958 0.0
8.71743486974 0.0
8.7374749499 0.0
8.75751503006 0.0
8.77755511022 0.0
8.79759519038 0.0
8.81763527054 0.0
8.8376753507 0.0
8.85771543086 0.0
8.87775551102 0.0
8.89779559118 0.0
8.91783567134 0.0
8.9378757515 0.0
8.95791583166 0.0
8.97795591182 0.0
8.99799599198 0.0
9.01803607214 0.0
9.0380761523 0.0
9.05811623246 0.0
9.07815631263 0.0
9.09819639279 0.0
9.11823647295 0.0
9.13827655311 0.0
9.15831663327 0.0
9.17835671343 0.0
9.19839679359 0.0
9.21843687375 0.0
9.23847695391 0.0
9.25851703407 0.0
9.27855711423 0.0
9.29859719439 0.0
9.31863727455 0.0
9.33867735471 0.0
9.35871743487 0.0
9.37875751503 0.0
9.39879759519 0.0
9.41883767535 0.0
9.43887775551 0.0
9.45891783567 0.0
9.47895791583 0.0
9.49899799599 0.0
9.51903807615 0.0
9.53907815631 0.0
9.55911823647 0.0
9.57915831663 0.0
9.59919839679 0.0
9.61923847695 0.0
9.63927855711 0.0
9.65931863727 0.0
9.67935871743 0.0
9.6993987976 0.0
9.71943887776 0.0
9.73947895792 0.0
9.75951903808 0.0
9.77955911824 0.0
9.7995991984 0.0
9.81963927856 0.0
9.83967935872 0.0
9.85971943888 0.0
9.87975951904 0.0
9.8997995992 0.0
9.91983967936 0.0
9.93987975952 0.0
9.95991983968 0.0
9.97995991984 0.0
10.0 0.0
