0.0 0.0
0.0200400801603 0.0
0.0400801603206 0.0
0.060120240481 0.0
0.0801603206413 0.0
0.100200400802 0.0
0.120240480962 0.0
0.140280561122 0.0
0.160320641283 0.0
0.180360721443 0.0
0.200400801603 0.0
0.220440881764 0.0
0.240480961924 0.0
0.260521042084 0.0
0.280561122244 3.33598263648e-12
0.300601202405 3.93176159543e-12
0.320641282565 4.60238966659e-12
0.340681362725 5.38768039471e-12
0.360721442886 6.06475461428e-12
0.380761523046 6.72944421639e-12
0.400801603206 7.39413381851e-12
0.420841683367 8.0643868573e-12
0.440881763527 8.73888123507e-12
0.460921843687 9.41337561284e-12
0.480961923848 1.00811610012e-11
0.501002004008 1.07274109207e-11
0.521042084168 1.13736608402e-11
0.541082164329 1.20199107596e-11
0.561122244489 1.26615318298e-11
0.581162324649 1.33026819025e-11
0.60120240481 1.39438319752e-11
0.62124248497 1.45755613856e-11
0.64128256513 1.52004058687e-11
0.661322645291 1.58252503518e-11
0.681362725451 1.64273455087e-11
0.701402805611 1.69604101572e-11
0.721442885772 1.74934748056e-11
0.741482965932 1.8026539454e-11
0.761523046092 1.85341085731e-11
0.781563126253 1.90393997176e-11
0.801603206413 1.95446908621e-11
0.821643286573 1.99696360034e-11
0.841683366733 2.03383056927e-11
0.861723446894 2.07069753821e-11
0.881763527054 2.10298503256e-11
0.901803607214 2.12211612185e-11
0.921843687375 2.14124721115e-11
0.941883767535 2.16037830044e-11
0.961923847695 2.17191231107e-11
0.981963927856 2.18285967821e-11
1.00200400802 2.19380704536e-11
1.02204408818 2.20838087009e-11
1.04208416834 2.22538821391e-11
1.0621242485 2.24239555773e-11
1.08216432866 2.2584691746e-11
1.10220440882 2.27199946196e-11
1.12224448898 2.28552974932e-11
1.14228456914 2.29906003668e-11
1.1623246493 2.30249109794e-11
1.18236472946 2.30526209072e-11
1.20240480962 2.3080330835e-11
1.22244488978 2.31001298934e-11
1.24248496994 2.3114844834e-11
1.2625250501 2.31295597746e-11
1.28256513026 2.31497801164e-11
1.30260521042 2.31842365224e-11
1.32264529058 2.32186929285e-11
1.34268537074 2.32531493346e-11
1.3627254509 2.33271003862e-11
1.38276553106 2.34031744883e-11
1.40280561122 2.34792485903e-11
1.42284569138 2.35247269872e-11
1.44288577154 2.35513813337e-11
1.4629258517 2.35780356802e-11
1.48296593186 2.36090844871e-11
1.50300601202 2.36509335111e-11
1.52304609218 2.36927825351e-11
1.54308617234 2.37346315592e-11
1.56312625251 2.37218538261e-11
1.58316633267 2.37067597829e-11
1.60320641283 2.36916657396e-11
1.62324649299 2.36776442206e-11
1.64328657315 2.36642541273e-11
1.66332665331 2.36508640339e-11
1.68336673347 2.36510232486e-11
1.70340681363 2.36828659644e-11
1.72344689379 2.37147086801e-11
1.74348697395 2.37465513959e-11
1.76352705411 2.36360441494e-11
1.78356713427 2.35210825458e-11
1.80360721443 2.34061209423e-11
1.82364729459 2.33383537322e-11
1.84368737475 2.32971599133e-11
1.86372745491 2.32559660944e-11
1.88376753507 2.3256752207e-11
1.90380761523 2.33510292907e-11
1.92384769539 2.34453063744e-11
1.94388777555 2.35395834581e-11
1.96392785571 2.34668120802e-11
1.98396793587 2.33906303975e-11
2.00400801603 2.33144487147e-11
2.02404809619 2.32451609672e-11
2.04408817635 2.31795836222e-11
2.06412825651 2.31140062772e-11
2.08416833667 2.30496612918e-11
2.10420841683 2.29879324602e-11
2.12424849699 2.29262036287e-11
2.14428857715 2.28644747971e-11
2.16432865731 2.27906044134e-11
2.18436873747 2.27166154605e-11
2.20440881764 2.26426265077e-11
2.2244488978 2.25316974061e-11
2.24448897796 2.24017758807e-11
2.26452905812 2.22718543553e-11
2.28456913828 2.21361504257e-11
2.30460921844 2.19887357544e-11
2.3246492986 2.18413210832e-11
2.34468937876 2.16939516646e-11
2.36472945892 2.16146475078e-11
2.38476953908 2.15353433509e-11
2.40480961924 2.14560391941e-11
2.4248496994 2.1369355257e-11
2.44488977956 2.1279049249e-11
2.46492985972 2.1188743241e-11
2.48496993988 2.1063502068e-11
2.50501002004 2.08707132581e-11
2.5250501002 2.06779244482e-11
2.54509018036 2.04867165095e-11
2.56513026052 2.04376444101e-11
2.58517034068 2.03885723106e-11
2.60521042084 2.03395002111e-11
2.625250501 2.02127645995e-11
2.64529058116 2.00496678747e-11
2.66533066132 1.98865711499e-11
2.68537074148 1.97259619176e-11
2.70541082164 1.95699475546e-11
2.7254509018 1.94139331916e-11
2.74549098196 1.92588583553e-11
2.76553106212 1.91468799883e-11
2.78557114228 1.90349016214e-11
2.80561122244 1.89229232544e-11
2.82565130261 1.87123111025e-11
2.84569138277 1.84576844235e-11
2.86573146293 1.82030577444e-11
2.88577154309 1.79998602251e-11
2.90581162325 1.7887476293e-11
2.92585170341 1.7775092361e-11
2.94589178357 1.76605498373e-11
2.96593186373 1.74800090479e-11
2.98597194389 1.72994682585e-11
3.00601202405 1.71189274692e-11
3.02605210421 1.69337092068e-11
3.04609218437 1.6746503288e-11
3.06613226453 1.65592973692e-11
3.08617234469 1.63783888536e-11
3.10621242485 1.62081162352e-11
3.12625250501 1.60378436169e-11
3.14629258517 1.58686391087e-11
3.16633266533 1.57237937785e-11
3.18637274549 1.55789484484e-11
3.20641282565 1.54341031182e-11
3.22645290581 1.52409407203e-11
3.24649298597 1.50282456122e-11
3.26653306613 1.48155505042e-11
3.28657314629 1.45915182518e-11
3.30661322645 1.43491626238e-11
3.32665330661 1.41068069958e-11
3.34669338677 1.38684273463e-11
3.36673346693 1.37020333027e-11
3.38677354709 1.35356392591e-11
3.40681362725 1.33692452155e-11
3.42685370741 1.31900590308e-11
3.44689378758 1.30059584695e-11
3.46693386774 1.28218579082e-11
3.4869739479 1.26420931609e-11
3.50701402806 1.24690374125e-11
3.52705410822 1.2295981664e-11
3.54709418838 1.21210682005e-11
3.56713426854 1.19183731755e-11
3.5871743487 1.17156781506e-11
3.60721442886 1.15129831256e-11
3.62725450902 1.13230416645e-11
3.64729458918 1.11377507741e-11
3.66733466934 1.09524598838e-11
3.6873747495 1.07752880884e-11
3.70741482966 1.06101487785e-11
3.72745490982 1.04450094686e-11
3.74749498998 1.02805321643e-11
3.76753507014 1.01244598099e-11
3.7875751503 9.9683874556e-12
3.80761523046 9.81231510127e-12
3.82765531062 9.62823955938e-12
3.84769539078 9.43448418526e-12
3.86773547094 9.24072881114e-12
3.8877755511 9.06076501016e-12
3.90781563126 8.90038415075e-12
3.92785571142 8.74000329134e-12
3.94789579158 8.58107342612e-12
3.96793587174 8.43810132819e-12
3.9879759519 8.29512923026e-12
4.00801603206 8.15215713233e-12
4.02805611222 7.99161516423e-12
4.04809619238 7.82532416117e-12
4.06813627255 7.65903315812e-12
4.08817635271 7.50645884103e-12
4.10821643287 7.37255118771e-12
4.12825651303 7.23864353438e-12
4.14829659319 7.10410468237e-12
4.16833667335 6.96345950089e-12
4.18837675351 6.8228143194e-12
4.20841683367 6.68216913792e-12
4.22845691383 6.5536351063e-12
4.24849699399 6.42884645222e-12
4.26853707415 6.30405779814e-12
4.28857715431 6.17551270367e-12
4.30861723447 6.04206681565e-12
4.32865731463 5.90862092762e-12
4.34869739479 5.77695755832e-12
4.36873747495 5.6606480558e-12
4.38877755511 5.54433855329e-12
4.40881763527 5.42802905077e-12
4.42885771543 5.32161347809e-12
4.44889779559 5.21808466149e-12
4.46893787575 5.11455584489e-12
4.48897795591 5.00995846854e-12
4.50901803607 4.90402430337e-12
4.52905811623 4.79809013821e-12
4.54909819639 4.69278875791e-12
4.56913827655 4.59238810366e-12
4.58917835671 4.49198744941e-12
4.60921843687 4.39158679516e-12
4.62925851703 4.29251353727e-12
4.64929859719 4.19380498297e-12
4.66933867735 4.09509642867e-12
4.68937875752 4.00253414256e-12
4.70941883768 3.91734638889e-12
4.72945891784 3.83215863523e-12
4.749498998 3.74594142106e-12
4.76953907816 3.65249754471e-12
4.78957915832 3.55905366837e-12
4.80961923848 3.46560979202e-12
4.82965931864 3.38223564924e-12
4.8496993988 3.30146125361e-12
4.86973947896 3.22068685798e-12
4.88977955912 3.14197714245e-12
4.90981963928 3.06564373822e-12
4.92985971944 2.98931033399e-12
4.9498997996 2.91415548296e-12
4.96993987976 2.84655041715e-12
4.98997995992 2.77894535134e-12
5.01002004008 2.71279983171e-12
5.03006012024 2.64800869949e-12
5.0501002004 2.58321756728e-12
5.07014028056 2.52238389107e-12
5.09018036072 2.46163180149e-12
5.11022044088 2.40087971192e-12
5.13026052104 2.34012762235e-12
5.1503006012 2.27937553278e-12
5.17034068136 2.22358585867e-12
5.19038076152 2.16811629788e-12
5.21042084168 2.1126467371e-12
5.23046092184 2.05717717631e-12
5.250501002 2.00170761552e-12
5.27054108216 1.95200572163e-12
5.29058116232 1.90295179028e-12
5.31062124248 1.85389785892e-12
5.33066132265 1.80484392756e-12
5.35070140281 1.7557899962e-12
5.37074148297 1.7083473654e-12
5.39078156313 1.66117008671e-12
5.41082164329 1.61399280802e-12
5.43086172345 1.56681552934e-12
5.45090180361 1.51963825065e-12
5.47094188377 1.47767285499e-12
5.49098196393 1.43686547897e-12
5.51102204409 1.39605810294e-12
5.53106212425 1.35525072692e-12
5.55110220441 1.3144433509e-12
5.57114228457 1.27556919738e-12
5.59118236473 1.23724746402e-12
5.61122244489 1.19892573065e-12
5.63126252505 1.16060399729e-12
5.65130260521 1.12228226393e-12
5.67134268537 1.08754095989e-12
5.69138276553 1.0540749901e-12
5.71142284569 1.02060902031e-12
5.73146292585 9.87143050522e-13
5.75150300601 9.53677080733e-13
5.77154308617 9.21530474285e-13
5.79158316633 8.89957536929e-13
5.81162324649 8.58384599573e-13
5.83166332665 8.26811662216e-13
5.85170340681 7.9523872486e-13
5.87174348697 7.65306289704e-13
5.89178356713 7.36231990247e-13
5.91182364729 7.07157690789e-13
5.93186372745 6.78083391332e-13
5.95190380762 6.49009091874e-13
5.97194388778 6.23015559636e-13
5.99198396794 5.98941210223e-13
6.0120240481 5.7486686081e-13
6.03206412826 5.50792511397e-13
6.05210420842 5.26718161984e-13
6.07214428858 5.03943058969e-13
6.09218436874 4.82125283551e-13
6.1122244489 4.60307508133e-13
6.13226452906 4.38489732716e-13
6.15230460922 4.16671957298e-13
6.17234468938 3.95620606776e-13
6.19238476954 3.75234433653e-13
6.2124248497 3.5484826053e-13
6.23246492986 3.34462087408e-13
6.25250501002 3.14075914285e-13
6.27254509018 2.95329944704e-13
6.29258517034 2.78257564467e-13
6.3126252505 2.61185184229e-13
6.33266533066 2.44112803992e-13
6.35270541082 2.27040423754e-13
6.37274549098 2.11116754332e-13
6.39278557114 1.96571437008e-13
6.4128256513 1.82026119684e-13
6.43286573146 1.6748080236e-13
6.45290581162 1.52935485036e-13
6.47294589178 1.40120335278e-13
6.49298597194 1.29752505762e-13
6.5130260521 1.19384676246e-13
6.53306613226 1.09016846729e-13
6.55310621242 9.86490172127e-14
6.57314629259 8.95049910653e-14
6.59318637275 8.24118523603e-14
6.61322645291 7.53187136554e-14
6.63326653307 6.82255749505e-14
6.65330661323 6.11324362456e-14
6.67334669339 5.42860227496e-14
6.69338677355 4.79330966081e-14
6.71342685371 4.15801704666e-14
6.73346693387 3.5227244325e-14
6.75350701403 2.88743181835e-14
6.77354709419 2.31989186592e-14
6.79358717435 1.91590197509e-14
6.81362725451 1.51191208427e-14
6.83366733467 1.10792219344e-14
6.85370741483 7.03932302618e-15
6.87374749499 3.84261924045e-15
6.89378757515 3.14185966139e-15
6.91382765531 2.44110008232e-15
6.93386773547 1.74034050326e-15
6.95390781563 1.03958092419e-15
6.97394789579 4.72009216279e-16
6.99398797595 3.99139791452e-16
7.01402805611 3.26270366626e-16
7.03406813627 2.534009418e-16
7.05410821643 1.80531516974e-16
7.07414829659 1.1609666635e-16
7.09418837675 9.23452232308e-17
7.11422845691 6.85937801119e-17
7.13426853707 4.48423369931e-17
7.15430861723 2.10908938743e-17
7.17434869739 4.46584163734e-19
7.19438877756 3.55613063374e-19
7.21442885772 2.64641963013e-19
7.23446893788 1.73670862653e-19
7.25450901804 8.26997622934e-20
7.2745490982 0.0
7.29458917836 0.0
7.31462925852 0.0
7.33466933868 0.0
7.35470941884 0.0
7.374749499 0.0
7.39478957916 0.0
7.41482965932 0.0
7.43486973948 0.0
7.45490981964 0.0
7.4749498998 0.0
7.49498997996 0.0
7.51503006012 0.0
7.53507014028 0.0
7.55511022044 0.0
7.5751503006 0.0
7.59519038076 0.0
7.61523046092 0.0
7.63527054108 0.0
7.65531062124 0.0
7.6753507014 0.0
7.69539078156 0.0
7.71543086172 0.0
7.73547094188 0.0
7.75551102204 0.0
7.7755511022 0.0
7.79559118236 0.0
7.81563126253 0.0
7.83567134269 0.0
7.85571142285 0.0
7.87575150301 0.0
7.89579158317 0.0
7.91583166333 0.0
7.93587174349 0.0
7.95591182365 0.0
7.97595190381 0.0
7.99599198397 0.0
8.01603206413 0.0
8.03607214429 0.0
8.05611222445 0.0
8.07615230461 0.0
8.09619238477 0.0
8.11623246493 0.0
8.13627254509 0.0
8.15631262525 0.0
8.17635270541 0.0
8.19639278557 0.0
8.21643286573 0.0
8.23647294589 0.0
8.25651302605 0.0
8.27655310621 0.0
8.29659318637 0.0
8.31663326653 0.0
8.33667334669 0.0
8.35671342685 0.0
8.37675350701 0.0
8.39679358717 0.0
8.41683366733 0.0
8.43687374749 0.0
8.45691382766 0.0
8.47695390782 0.0
8.49699398798 0.0
8.51703406814 0.0
8.5370741483 0.0
8.55711422846 0.0
8.57715430862 0.0
8.59719438878 0.0
8.61723446894 0.0
8.6372745491 0.0
8.65731462926 0.0
8.67735470942 0.0
8.69739478958 0.0
8.71743486974 0.0
8.7374749499 0.0
8.75751503006 0.0
8.77755511022 0.0
8.79759519038 0.0
8.81763527054 0.0
8.8376753507 0.0
8.85771543086 0.0
8.87775551102 0.0
8.89779559118 0.0
8.91783567134 0.0
8.9378757515 0.0
8.95791583166 0.0
8.97795591182 0.0
8.99799599198 0.0
9.01803607214 0.0
9.0380761523 0.0
9.05811623246 0.0
9.07815631263 0.0
9.09819639279 0.0
9.11823647295 0.0
9.13827655311 0.0
9.15831663327 0.0
9.17835671343 0.0
9.19839679359 0.0
9.21843687375 0.0
9.23847695391 0.0
9.25851703407 0.0
9.27855711423 0.0
9.29859719439 0.0
9.31863727455 0.0
9.33867735471 0.0
9.35871743487 0.0
9.37875751503 0.0
9.39879759519 0.0
9.41883767535 0.0
9.43887775551 0.0
9.45891783567 0.0
9.47895791583 0.0
9.49899799599 0.0
9.51903807615 0.0
9.53907815631 0.0
9.55911823647 0.0
9.57915831663 0.0
9.59919839679 0.0
9.61923847695 0.0
9.63927855711 0.0
9.65931863727 0.0
9.67935871743 0.0
9.6993987976 0.0
9.71943887776 0.0
9.73947895792 0.0
9.75951903808 0.0
9.77955911824 0.0
9.7995991984 0.0
9.81963927856 0.0
9.83967935872 0.0
9.85971943888 0.0
9.87975951904 0.0
9.8997995992 0.0
9.91983967936 0.0
9.93987975952 0.0
9.95991983968 0.0
9.97995991984 0.0
10.0 0.0
