0.0 0.0
0.0200400801603 0.0
0.0400801603206 0.0
0.060120240481 0.0
0.0801603206413 0.0
0.100200400802 0.0
0.120240480962 2.12185759948e-12
0.140280561122 1.76283064752e-12
0.160320641283 9.08686216161e-13
0.180360721443 7.13015211497e-13
0.200400801603 7.06439204153e-13
0.220440881764 3.52717600028e-11
0.240480961924 3.86629864197e-11
0.260521042084 1.32264065599e-12
0.280561122244 1.61434617034e-12
0.300601202405 1.90265506926e-12
0.320641282565 2.22718489341e-12
0.340681362725 2.60720218297e-12
0.360721442886 2.93485142235e-12
0.380761523046 3.25650750709e-12
0.400801603206 3.57816359184e-12
0.420841683367 3.90251193062e-12
0.440881763527 4.22891273492e-12
0.460921843687 4.55531353921e-12
0.480961923848 4.87846773448e-12
0.501002004008 5.19120050208e-12
0.521042084168 5.50393326969e-12
0.541082164329 5.81666603729e-12
0.561122244489 6.12715881567e-12
0.581162324649 6.43742366931e-12
0.60120240481 6.74768852296e-12
0.62124248497 7.05339453688e-12
0.64128256513 7.35576880208e-12
0.661322645291 7.65814306728e-12
0.681362725451 7.94950849588e-12
0.701402805611 8.20746873354e-12
0.721442885772 8.4654289712e-12
0.741482965932 8.72338920886e-12
0.761523046092 8.96901166941e-12
0.781563126253 9.21353177427e-12
0.801603206413 9.45805187912e-12
0.821643286573 9.66369100742e-12
0.841683366733 9.842097362e-12
0.861723446894 1.00205037166e-11
0.881763527054 1.01767491127e-11
0.901803607214 1.0269328134e-11
0.921843687375 1.03619071552e-11
0.941883767535 1.04544861764e-11
0.961923847695 1.05103014726e-11
0.981963927856 1.05632778881e-11
1.00200400802 1.06162543036e-11
1.02204408818 1.0686779845e-11
1.04208416834 1.07690816534e-11
1.0621242485 1.08513834617e-11
1.08216432866 1.09291667858e-11
1.10220440882 1.0994642449e-11
1.12224448898 1.10601181123e-11
1.14228456914 1.11255937756e-11
1.1623246493 1.11421973411e-11
1.18236472946 1.11556067082e-11
1.20240480962 1.11690160753e-11
1.22244488978 1.11785972205e-11
1.24248496994 1.11857180633e-11
1.2625250501 1.11928389061e-11
1.28256513026 1.12026239185e-11
1.30260521042 1.12192980362e-11
1.32264529058 1.12359721539e-11
1.34268537074 1.12526462716e-11
1.3627254509 1.12884326081e-11
1.38276553106 1.13252463294e-11
1.40280561122 1.13620600508e-11
1.42284569138 1.13840679219e-11
1.44288577154 1.13969664729e-11
1.4629258517 1.14098650239e-11
1.48296593186 1.14248901389e-11
1.50300601202 1.14451416866e-11
1.52304609218 1.14653932344e-11
1.54308617234 1.14856447821e-11
1.56312625251 1.14794613913e-11
1.58316633267 1.14721570934e-11
1.60320641283 1.14648527955e-11
1.62324649299 1.14580675128e-11
1.64328657315 1.1451587789e-11
1.66332665331 1.14451080652e-11
1.68336673347 1.14451851123e-11
1.70340681363 1.1460594415e-11
1.72344689379 1.14760037177e-11
1.74348697395 1.14914130204e-11
1.76352705411 1.1437936438e-11
1.78356713427 1.13823043066e-11
1.80360721443 1.13266721752e-11
1.82364729459 1.12938783186e-11
1.84368737475 1.12739438373e-11
1.86372745491 1.12540093559e-11
1.88376753507 1.12543897709e-11
1.90380761523 1.13000122653e-11
1.92384769539 1.13456347596e-11
1.94388777555 1.1391257254e-11
1.96392785571 1.13560417843e-11
1.98396793587 1.13191760026e-11
2.00400801603 1.12823102209e-11
2.02404809619 1.1248780547e-11
2.04408817635 1.12170464083e-11
2.06412825651 1.11853122695e-11
2.08416833667 1.11541744933e-11
2.10420841683 1.11243027243e-11
2.12424849699 1.10944309553e-11
2.14428857715 1.10645591862e-11
2.16432865731 1.10288118865e-11
2.18436873747 1.0993007209e-11
2.20440881764 1.09572025314e-11
2.2244488978 1.09035218053e-11
2.24448897796 1.08406502799e-11
2.26452905812 1.07777787545e-11
2.28456913828 1.07121090125e-11
2.30460921844 1.06407722173e-11
2.3246492986 1.05694354222e-11
2.34468937876 1.04981205257e-11
2.36472945892 1.04597437186e-11
2.38476953908 1.04213669116e-11
2.40480961924 1.03829901046e-11
2.4248496994 1.03410420799e-11
2.44488977956 1.02973412655e-11
2.46492985972 1.02536404511e-11
2.48496993988 1.01930338382e-11
2.50501002004 1.00997396245e-11
2.5250501002 1.00064454108e-11
2.54509018036 9.91391621116e-12
2.56513026052 9.89016927825e-12
2.58517034068 9.86642234535e-12
2.60521042084 9.84267541245e-12
2.625250501 9.78134561204e-12
2.64529058116 9.7024199695e-12
2.66533066132 9.62349432695e-12
2.68537074148 9.54577242989e-12
2.70541082164 9.47027407846e-12
2.7254509018 9.39477572704e-12
2.74549098196 9.31973203066e-12
2.76553106212 9.26554354483e-12
2.78557114228 9.21135505899e-12
2.80561122244 9.15716657316e-12
2.82565130261 9.05524730141e-12
2.84569138277 8.9320285533e-12
2.86573146293 8.80880980519e-12
2.88577154309 8.71047861677e-12
2.90581162325 8.65609387017e-12
2.92585170341 8.60170912358e-12
2.94589178357 8.54627979298e-12
2.96593186373 8.45891263203e-12
2.98597194389 8.37154547109e-12
3.00601202405 8.28417831015e-12
3.02605210421 8.19454763002e-12
3.04609218437 8.10395508473e-12
3.06613226453 8.01336253943e-12
3.08617234469 7.9258174287e-12
3.10621242485 7.84341923324e-12
3.12625250501 7.76102103777e-12
3.14629258517 7.67913972135e-12
3.16633266533 7.60904627978e-12
3.18637274549 7.5389528382e-12
3.20641282565 7.46885939663e-12
3.22645290581 7.37538439653e-12
3.24649298597 7.27245714223e-12
3.26653306613 7.16952988793e-12
3.28657314629 7.06111637143e-12
3.30661322645 6.94383582097e-12
3.32665330661 6.8265552705e-12
3.34669338677 6.71119877253e-12
3.36673346693 6.63067749399e-12
3.38677354709 6.55015621545e-12
3.40681362725 6.46963493692e-12
3.42685370741 6.38292329526e-12
3.44689378758 6.29383349219e-12
3.46693386774 6.20474368912e-12
3.4869739479 6.11775206986e-12
3.50701402806 6.03400706421e-12
3.52705410822 5.95026205856e-12
3.54709418838 5.86561806885e-12
3.56713426854 5.76753004712e-12
3.5871743487 5.6694420254e-12
3.60721442886 5.57135400368e-12
3.62725450902 5.47943767684e-12
3.64729458918 5.38977185065e-12
3.66733466934 5.30010602447e-12
3.6873747495 5.21436918452e-12
3.70741482966 5.13445509577e-12
3.72745490982 5.05454100702e-12
3.74749498998 4.97494727548e-12
3.76753507014 4.89942086094e-12
3.7875751503 4.8238944464e-12
3.80761523046 4.74836803186e-12
3.82765531062 4.65929033617e-12
3.84769539078 4.56552838346e-12
3.86773547094 4.47176643075e-12
3.8877755511 4.38467848559e-12
3.90781563126 4.30706710256e-12
3.92785571142 4.22945571953e-12
3.94789579158 4.1525465005e-12
3.96793587174 4.08335955203e-12
3.9879759519 4.01417260357e-12
4.00801603206 3.9449856551e-12
4.02805611222 3.86729630847e-12
4.04809619238 3.78682489324e-12
4.06813627255 3.70635347801e-12
4.08817635271 3.63251983098e-12
4.10821643287 3.56771934162e-12
4.12825651303 3.50291885227e-12
4.14829659319 3.43781291373e-12
4.16833667335 3.36975200489e-12
4.18837675351 3.30169109605e-12
4.20841683367 3.23363018721e-12
4.22845691383 3.17143009677e-12
4.24849699399 3.11104246657e-12
4.26853707415 3.05065483637e-12
4.28857715431 2.9884493924e-12
4.30861723447 2.92387236015e-12
4.32865731463 2.85929532791e-12
4.34869739479 2.79558089077e-12
4.36873747495 2.73929648511e-12
4.38877755511 2.68301207946e-12
4.40881763527 2.62672767381e-12
4.42885771543 2.57523113113e-12
4.44889779559 2.52513154525e-12
4.46893787575 2.47503195937e-12
4.48897795591 2.42441527686e-12
4.50901803607 2.37315169654e-12
4.52905811623 2.32188811622e-12
4.54909819639 2.27093075266e-12
4.56913827655 2.22234494472e-12
4.58917835671 2.17375913677e-12
4.60921843687 2.12517332882e-12
4.62925851703 2.07722987351e-12
4.64929859719 2.02946290528e-12
4.66933867735 1.98169593705e-12
4.68937875752 1.93690326623e-12
4.70941883768 1.89567927352e-12
4.72945891784 1.85445528081e-12
4.749498998 1.81273311236e-12
4.76953907816 1.76751382306e-12
4.78957915832 1.72229453377e-12
4.80961923848 1.67707524447e-12
4.82965931864 1.63672889296e-12
4.8496993988 1.5976406091e-12
4.86973947896 1.55855232524e-12
4.88977955912 1.52046317979e-12
4.90981963928 1.4835239771e-12
4.92985971944 1.44658477441e-12
4.9498997996 1.41021589628e-12
4.96993987976 1.37750050445e-12
4.98997995992 1.34478511262e-12
5.01002004008 1.31277602327e-12
5.03006012024 1.28142234804e-12
5.0501002004 1.25006867281e-12
5.07014028056 1.22063008666e-12
5.09018036072 1.19123098186e-12
5.11022044088 1.16183187706e-12
5.13026052104 1.13243277226e-12
5.1503006012 1.10303366746e-12
5.17034068136 1.07603597096e-12
5.19038076152 1.04919318346e-12
5.21042084168 1.02235039596e-12
5.23046092184 9.95507608453e-13
5.250501002 9.6866482095e-13
5.27054108216 9.44613118407e-13
5.29058116232 9.20874977398e-13
5.31062124248 8.97136836389e-13
5.33066132265 8.73398695381e-13
5.35070140281 8.49660554372e-13
5.37074148297 8.26702152696e-13
5.39078156313 8.03872160015e-13
5.41082164329 7.81042167334e-13
5.43086172345 7.58212174653e-13
5.45090180361 7.35382181972e-13
5.47094188377 7.15074319745e-13
5.49098196393 6.95326845498e-13
5.51102204409 6.75579371251e-13
5.53106212425 6.55831897004e-13
5.55110220441 6.36084422757e-13
5.57114228457 6.17272472065e-13
5.59118236473 5.98727848116e-13
5.61122244489 5.80183224168e-13
5.63126252505 5.61638600219e-13
5.65130260521 5.4309397627e-13
5.67134268537 5.26281990944e-13
5.69138276553 5.10087164396e-13
5.71142284569 4.93892337848e-13
5.73146292585 4.776975113e-13
5.75150300601 4.61502684752e-13
5.77154308617 4.45946323504e-13
5.79158316633 4.30667571765e-13
5.81162324649 4.15388820027e-13
5.83166332665 4.00110068288e-13
5.85170340681 3.84831316549e-13
5.87174348697 3.70346435383e-13
5.89178356713 3.56276822588e-13
5.91182364729 3.42207209794e-13
5.93186372745 3.28137596999e-13
5.95190380762 3.14067984205e-13
5.97194388778 3.01489213931e-13
5.99198396794 2.89839173144e-13
6.0120240481 2.78189132358e-13
6.03206412826 2.66539091571e-13
6.05210420842 2.54889050785e-13
6.07214428858 2.43867740323e-13
6.09218436874 2.33309699101e-13
6.1122244489 2.22751657879e-13
6.13226452906 2.12193616658e-13
6.15230460922 2.01635575436e-13
6.17234468938 1.91448421964e-13
6.19238476954 1.81583160632e-13
6.2124248497 1.717178993e-13
6.23246492986 1.61852637968e-13
6.25250501002 1.51987376636e-13
6.27254509018 1.42915841349e-13
6.29258517034 1.3465418814e-13
6.3126252505 1.26392534931e-13
6.33266533066 1.18130881721e-13
6.35270541082 1.09869228512e-13
6.37274549098 1.02163458563e-13
6.39278557114 9.51246997095e-14
6.4128256513 8.80859408557e-14
6.43286573146 8.1047182002e-14
6.45290581162 7.40084231482e-14
6.47294589178 6.78069256624e-14
6.49298597194 6.2789733519e-14
6.5130260521 5.77725413755e-14
6.53306613226 5.2755349232e-14
6.55310621242 4.77381570885e-14
6.57314629259 4.33131869369e-14
6.59318637275 3.98806806707e-14
6.61322645291 3.64481744044e-14
6.63326653307 3.30156681381e-14
6.65330661323 2.95831618718e-14
6.67334669339 2.62700506802e-14
6.69338677355 2.31957475124e-14
6.71342685371 2.01214443447e-14
6.73346693387 1.70471411769e-14
6.75350701403 1.39728380091e-14
6.77354709419 1.12264030046e-14
6.79358717435 9.27141820948e-15
6.81362725451 7.31643341436e-15
6.83366733467 5.36144861924e-15
6.85370741483 3.40646382413e-15
6.87374749499 1.8595173689e-15
6.89378757515 1.52040632845e-15
6.91382765531 1.18129528799e-15
6.93386773547 8.42184247542e-16
6.95390781563 5.03073207089e-16
6.97394789579 2.2841433955e-16
6.99398797595 1.93151423126e-16
7.01402805611 1.57888506702e-16
7.03406813627 1.22625590278e-16
7.05410821643 8.73626738538e-17
7.07414829659 5.61814101371e-17
7.09418837675 4.46876299179e-17
7.11422845691 3.31938496987e-17
7.13426853707 2.17000694794e-17
7.15430861723 1.02062892602e-17
7.17434869739 2.16110667536e-19
7.19438877756 1.72088002108e-19
7.21442885772 1.28065336681e-19
7.23446893788 8.40426712531e-20
7.25450901804 4.00200058256e-20
7.2745490982 0.0
7.29458917836 0.0
7.31462925852 0.0
7.33466933868 0.0
7.35470941884 0.0
7.374749499 0.0
7.39478957916 0.0
7.41482965932 0.0
7.43486973948 0.0
7.45490981964 0.0
7.4749498998 0.0
7.49498997996 0.0
7.51503006012 0.0
7.53507014028 0.0
7.55511022044 0.0
7.5751503006 0.0
7.59519038076 0.0
7.61523046092 0.0
7.63527054108 0.0
7.65531062124 0.0
7.6753507014 0.0
7.69539078156 0.0
7.71543086172 0.0
7.73547094188 0.0
7.75551102204 0.0
7.7755511022 0.0
7.79559118236 0.0
7.81563126253 0.0
7.83567134269 0.0
7.85571142285 0.0
7.87575150301 0.0
7.89579158317 0.0
7.91583166333 0.0
7.93587174349 0.0
7.95591182365 0.0
7.97595190381 0.0
7.99599198397 0.0
8.01603206413 0.0
8.03607214429 0.0
8.05611222445 0.0
8.07615230461 0.0
8.09619238477 0.0
8.11623246493 0.0
8.13627254509 0.0
8.15631262525 0.0
8.17635270541 0.0
8.19639278557 0.0
8.21643286573 0.0
8.23647294589 0.0
8.25651302605 0.0
8.27655310621 0.0
8.29659318637 0.0
8.31663326653 0.0
8.33667334669 0.0
8.35671342685 0.0
8.37675350701 0.0
8.39679358717 0.0
8.41683366733 0.0
8.43687374749 0.0
8.45691382766 0.0
8.47695390782 0.0
8.49699398798 0.0
8.51703406814 0.0
8.5370741483 0.0
8.55711422846 0.0
8.57715430862 0.0
8.59719438878 0.0
8.61723446894 0.0
8.6372745491 0.0
8.65731462926 0.0
8.67735470942 0.0
8.69739478958 0.0
8.71743486974 0.0
8.7374749499 0.0
8.75751503006 0.0
8.77755511022 0.0
8.79759519038 0.0
8.81763527054 0.0
8.8376753507 0.0
8.85771543086 0.0
8.87775551102 0.0
8.89779559118 0.0
8.91783567134 0.0
8.9378757515 0.0
8.95791583166 0.0
8.97795591182 0.0
8.99799599198 0.0
9.01803607214 0.0
9.0380761523 0.0
9.05811623246 0.0
9.07815631263 0.0
9.09819639279 0.0
9.11823647295 0.0
9.13827655311 0.0
9.15831663327 0.0
9.17835671343 0.0
9.19839679359 0.0
9.21843687375 0.0
9.23847695391 0.0
9.25851703407 0.0
9.27855711423 0.0
9.29859719439 0.0
9.31863727455 0.0
9.33867735471 0.0
9.35871743487 0.0
9.37875751503 0.0
9.39879759519 0.0
9.41883767535 0.0
9.43887775551 0.0
9.45891783567 0.0
9.47895791583 0.0
9.49899799599 0.0
9.51903807615 0.0
9.53907815631 0.0
9.55911823647 0.0
9.57915831663 0.0
9.59919839679 0.0
9.61923847695 0.0
9.63927855711 0.0
9.65931863727 0.0
9.67935871743 0.0
9.6993987976 0.0
9.71943887776 0.0
9.73947895792 0.0
9.75951903808 0.0
9.77955911824 0.0
9.7995991984 0.0
9.81963927856 0.0
9.83967935872 0.0
9.85971943888 0.0
9.87975951904 0.0
9.8997995992 0.0
9.91983967936 0.0
9.93987975952 0.0
9.95991983968 0.0
9.97995991984 0.0
10.0 0.0
