0.0 0.0
0.0200400801603 0.0
0.0400801603206 0.0
0.060120240481 0.0
0.0801603206413 0.0
0.100200400802 0.0
0.120240480962 0.0
0.140280561122 0.0
0.160320641283 0.0
0.180360721443 0.0
0.200400801603 0.0
0.220440881764 0.0
0.240480961924 0.0
0.260521042084 2.69056109716e-12
0.280561122244 3.2839584838e-12
0.300601202405 3.87044635856e-12
0.320641282565 4.53061608477e-12
0.340681362725 5.30366032087e-12
0.360721442886 5.97017566876e-12
0.380761523046 6.62449953546e-12
0.400801603206 7.27882340216e-12
0.420841683367 7.93862394458e-12
0.440881763527 8.60259968292e-12
0.460921843687 9.26657542126e-12
0.480961923848 9.92394679588e-12
0.501002004008 1.05601185441e-11
0.521042084168 1.11962902922e-11
0.541082164329 1.18324620404e-11
0.561122244489 1.24640771255e-11
0.581162324649 1.30952285582e-11
0.60120240481 1.3726379991e-11
0.62124248497 1.43482576752e-11
0.64128256513 1.49633578016e-11
0.661322645291 1.55784579281e-11
0.681362725451 1.61711635006e-11
0.701402805611 1.66959150852e-11
0.721442885772 1.72206666698e-11
0.741482965932 1.77454182543e-11
0.761523046092 1.82450719085e-11
0.781563126253 1.87424831129e-11
0.801603206413 1.92398943172e-11
0.821643286573 1.96582125022e-11
0.841683366733 2.00211328426e-11
0.861723446894 2.03840531831e-11
0.881763527054 2.07018929399e-11
0.901803607214 2.08902203679e-11
0.921843687375 2.1078547796e-11
0.941883767535 2.1266875224e-11
0.961923847695 2.13804166185e-11
0.981963927856 2.14881830643e-11
1.00200400802 2.15959495102e-11
1.02204408818 2.17394149912e-11
1.04208416834 2.19068361595e-11
1.0621242485 2.20742573277e-11
1.08216432866 2.22324868398e-11
1.10220440882 2.23656796852e-11
1.12224448898 2.24988725306e-11
1.14228456914 2.2632065376e-11
1.1623246493 2.26658409198e-11
1.18236472946 2.26931187154e-11
1.20240480962 2.2720396511e-11
1.22244488978 2.27398868059e-11
1.24248496994 2.27543722693e-11
1.2625250501 2.27688577326e-11
1.28256513026 2.27887627411e-11
1.30260521042 2.28226818046e-11
1.32264529058 2.28566008682e-11
1.34268537074 2.28905199317e-11
1.3627254509 2.29633177278e-11
1.38276553106 2.30382054655e-11
1.40280561122 2.31130932032e-11
1.42284569138 2.31578623713e-11
1.44288577154 2.31841010472e-11
1.4629258517 2.32103397232e-11
1.48296593186 2.32409043286e-11
1.50300601202 2.32821007233e-11
1.52304609218 2.3323297118e-11
1.54308617234 2.33644935127e-11
1.56312625251 2.33519150465e-11
1.58316633267 2.33370563926e-11
1.60320641283 2.33221977387e-11
1.62324649299 2.33083948832e-11
1.64328657315 2.32952136064e-11
1.66332665331 2.32820323295e-11
1.68336673347 2.32821890614e-11
1.70340681363 2.33135351947e-11
1.72344689379 2.3344881328e-11
1.74348697395 2.33762274614e-11
1.76352705411 2.32674435589e-11
1.78356713427 2.31542747645e-11
1.80360721443 2.304110597e-11
1.82364729459 2.29743955794e-11
1.84368737475 2.29338441721e-11
1.86372745491 2.28932927647e-11
1.88376753507 2.2894066618e-11
1.90380761523 2.29868734646e-11
1.92384769539 2.30796803112e-11
1.94388777555 2.31724871578e-11
1.96392785571 2.31008506386e-11
1.98396793587 2.30258569979e-11
2.00400801603 2.29508633572e-11
2.02404809619 2.28826561418e-11
2.04408817635 2.28181014657e-11
2.06412825651 2.27535467896e-11
2.08416833667 2.26902052547e-11
2.10420841683 2.26294390751e-11
2.12424849699 2.25686728955e-11
2.14428857715 2.25079067159e-11
2.16432865731 2.24351883297e-11
2.18436873747 2.23623532236e-11
2.20440881764 2.22895181175e-11
2.2244488978 2.21803189388e-11
2.24448897796 2.20524235202e-11
2.26452905812 2.19245281016e-11
2.28456913828 2.17909404546e-11
2.30460921844 2.16458246932e-11
2.3246492986 2.15007089318e-11
2.34468937876 2.13556377174e-11
2.36472945892 2.12775702971e-11
2.38476953908 2.11995028767e-11
2.40480961924 2.11214354564e-11
2.4248496994 2.10361033424e-11
2.44488977956 2.09472056432e-11
2.46492985972 2.0858307944e-11
2.48496993988 2.07350198884e-11
2.50501002004 2.05452375913e-11
2.5250501002 2.03554552941e-11
2.54509018036 2.01672292148e-11
2.56513026052 2.01189223875e-11
2.58517034068 2.00706155601e-11
2.60521042084 2.00223087327e-11
2.625250501 1.98975495441e-11
2.64529058116 1.97369962884e-11
2.66533066132 1.95764430328e-11
2.68537074148 1.94183384776e-11
2.70541082164 1.92647571353e-11
2.7254509018 1.91111757931e-11
2.74549098196 1.89585193258e-11
2.76553106212 1.88482872448e-11
2.78557114228 1.87380551638e-11
2.80561122244 1.86278230828e-11
2.82565130261 1.84204953961e-11
2.84569138277 1.81698395822e-11
2.86573146293 1.79191837683e-11
2.88577154309 1.7719155084e-11
2.90581162325 1.76085237626e-11
2.92585170341 1.74978924413e-11
2.94589178357 1.73851361912e-11
2.96593186373 1.72074109086e-11
2.98597194389 1.70296856259e-11
3.00601202405 1.68519603433e-11
3.02605210421 1.66696305321e-11
3.04609218437 1.64853440618e-11
3.06613226453 1.63010575914e-11
3.08617234469 1.61229703172e-11
3.10621242485 1.5955353075e-11
3.12625250501 1.57877358328e-11
3.14629258517 1.56211700437e-11
3.16633266533 1.54785835549e-11
3.18637274549 1.53359970661e-11
3.20641282565 1.51934105773e-11
3.22645290581 1.50032605183e-11
3.24649298597 1.47938823588e-11
3.26653306613 1.45845041992e-11
3.28657314629 1.43639656965e-11
3.30661322645 1.41253895685e-11
3.32665330661 1.38868134404e-11
3.34669338677 1.3652151286e-11
3.36673346693 1.34883521328e-11
3.38677354709 1.33245529795e-11
3.40681362725 1.31607538263e-11
3.42685370741 1.29843620235e-11
3.44689378758 1.2803132483e-11
3.46693386774 1.26219029426e-11
3.4869739479 1.24449415997e-11
3.50701402806 1.22745846299e-11
3.52705410822 1.21042276601e-11
3.54709418838 1.19320419461e-11
3.56713426854 1.17325079198e-11
3.5871743487 1.15329738936e-11
3.60721442886 1.13334398674e-11
3.62725450902 1.11464605151e-11
3.64729458918 1.09640592086e-11
3.66733466934 1.07816579021e-11
3.6873747495 1.06072490745e-11
3.70741482966 1.04446850875e-11
3.72745490982 1.02821211006e-11
3.74749498998 1.01202087953e-11
3.76753507014 9.96657036614e-12
3.7875751503 9.81293193695e-12
3.80761523046 9.65929350776e-12
3.82765531062 9.47808859654e-12
3.84769539078 9.28735480864e-12
3.86773547094 9.09662102074e-12
3.8877755511 8.91946372845e-12
3.90781563126 8.76158398467e-12
3.92785571142 8.60370424089e-12
3.94789579158 8.44725286327e-12
3.96793587174 8.30651039393e-12
3.9879759519 8.16576792458e-12
4.00801603206 8.02502545524e-12
4.02805611222 7.86698711523e-12
4.04809619238 7.70328939562e-12
4.06813627255 7.53959167601e-12
4.08817635271 7.38939673268e-12
4.10821643287 7.25757734928e-12
4.12825651303 7.12575796588e-12
4.14829659319 6.99331722724e-12
4.16833667335 6.85486538643e-12
4.18837675351 6.71641354561e-12
4.20841683367 6.5779617048e-12
4.22845691383 6.45143214228e-12
4.24849699399 6.32858954868e-12
4.26853707415 6.20574695509e-12
4.28857715431 6.07920650224e-12
4.30861723447 5.94784168297e-12
4.32865731463 5.8164768637e-12
4.34869739479 5.68686676505e-12
4.36873747495 5.57237109192e-12
4.38877755511 5.45787541878e-12
4.40881763527 5.34337974564e-12
4.42885771543 5.23862370798e-12
4.44889779559 5.13670940787e-12
4.46893787575 5.03479510775e-12
4.48897795591 4.93182891191e-12
4.50901803607 4.82754677429e-12
4.52905811623 4.72326463666e-12
4.54909819639 4.61960541571e-12
4.56913827655 4.52077049472e-12
4.58917835671 4.42193557373e-12
4.60921843687 4.32310065274e-12
4.62925851703 4.22557242757e-12
4.64929859719 4.12840321847e-12
4.66933867735 4.03123400938e-12
4.68937875752 3.94011521835e-12
4.70941883768 3.85625595503e-12
4.72945891784 3.7723966917e-12
4.749498998 3.68752402215e-12
4.76953907816 3.59553738915e-12
4.78957915832 3.50355075615e-12
4.80961923848 3.41156412314e-12
4.82965931864 3.32949018771e-12
4.8496993988 3.24997545676e-12
4.86973947896 3.17046072581e-12
4.88977955912 3.09297847657e-12
4.90981963928 3.01783548042e-12
4.92985971944 2.94269248427e-12
4.9498997996 2.86870966195e-12
4.96993987976 2.80215888708e-12
4.98997995992 2.73560811221e-12
5.01002004008 2.67049412211e-12
5.03006012024 2.60671339796e-12
5.0501002004 2.54293267381e-12
5.07014028056 2.48304768972e-12
5.09018036072 2.42324301994e-12
5.11022044088 2.36343835017e-12
5.13026052104 2.30363368039e-12
5.1503006012 2.24382901061e-12
5.17034068136 2.18890936817e-12
5.19038076152 2.13430484692e-12
5.21042084168 2.07970032568e-12
5.23046092184 2.02509580444e-12
5.250501002 1.9704912832e-12
5.27054108216 1.92156448295e-12
5.29058116232 1.87327554035e-12
5.31062124248 1.82498659775e-12
5.33066132265 1.77669765515e-12
5.35070140281 1.72840871255e-12
5.37074148297 1.68170594251e-12
5.39078156313 1.63526438646e-12
5.41082164329 1.58882283041e-12
5.43086172345 1.54238127436e-12
5.45090180361 1.49593971832e-12
5.47094188377 1.45462876675e-12
5.49098196393 1.41445777569e-12
5.51102204409 1.37428678462e-12
5.53106212425 1.33411579355e-12
5.55110220441 1.29394480249e-12
5.57114228457 1.2556768856e-12
5.59118236473 1.21795277397e-12
5.61122244489 1.18022866234e-12
5.63126252505 1.1425045507e-12
5.65130260521 1.10478043907e-12
5.67134268537 1.07058092049e-12
5.69138276553 1.03763684752e-12
5.71142284569 1.00469277455e-12
5.73146292585 9.71748701578e-13
5.75150300601 9.38804628607e-13
5.77154308617 9.07159343701e-13
5.79158316633 8.76078781604e-13
5.81162324649 8.44998219506e-13
5.83166332665 8.13917657408e-13
5.85170340681 7.82837095311e-13
5.87174348697 7.53371452026e-13
5.89178356713 7.24750561941e-13
5.91182364729 6.96129671856e-13
5.93186372745 6.67508781771e-13
5.95190380762 6.38887891686e-13
5.97194388778 6.13299724715e-13
5.99198396794 5.89600811198e-13
6.0120240481 5.6590189768e-13
6.03206412826 5.42202984163e-13
6.05210420842 5.18504070646e-13
6.07214428858 4.96084141972e-13
6.09218436874 4.74606611515e-13
6.1122244489 4.53129081057e-13
6.13226452906 4.316515506e-13
6.15230460922 4.10174020143e-13
6.17234468938 3.89450962298e-13
6.19238476954 3.69382708511e-13
6.2124248497 3.49314454724e-13
6.23246492986 3.29246200936e-13
6.25250501002 3.09177947149e-13
6.27254509018 2.90724318174e-13
6.29258517034 2.73918179165e-13
6.3126252505 2.57112040157e-13
6.33266533066 2.40305901148e-13
6.35270541082 2.23499762139e-13
6.37274549098 2.07824419971e-13
6.39278557114 1.93505934706e-13
6.4128256513 1.7918744944e-13
6.43286573146 1.64868964175e-13
6.45290581162 1.5055047891e-13
6.47294589178 1.37935179505e-13
6.49298597194 1.27729034747e-13
6.5130260521 1.17522889989e-13
6.53306613226 1.07316745231e-13
6.55310621242 9.71106004724e-14
6.57314629259 8.81091740517e-14
6.59318637275 8.11266517891e-14
6.61322645291 7.41441295266e-14
6.63326653307 6.7161607264e-14
6.65330661323 6.01790850014e-14
6.67334669339 5.34394403049e-14
6.69338677355 4.7185587101e-14
6.71342685371 4.0931733897e-14
6.73346693387 3.46778806931e-14
6.75350701403 2.84240274892e-14
6.77354709419 2.28371349757e-14
6.79358717435 1.88602376896e-14
6.81362725451 1.48833404035e-14
6.83366733467 1.09064431174e-14
6.85370741483 6.92954583133e-15
6.87374749499 3.78269416534e-15
6.89378757515 3.09286282761e-15
6.91382765531 2.40303148988e-15
6.93386773547 1.71320015214e-15
6.95390781563 1.02336881441e-15
6.97394789579 4.64648302806e-16
6.99398797595 3.92915265814e-16
7.01402805611 3.21182228822e-16
7.03406813627 2.4944919183e-16
7.05410821643 1.77716154838e-16
7.07414829659 1.14286156118e-16
7.09418837675 9.09051132193e-17
7.11422845691 6.75240703207e-17
7.13426853707 4.41430274221e-17
7.15430861723 2.07619845235e-17
7.17434869739 4.39619750171e-19
7.19438877756 3.5006733058e-19
7.21442885772 2.6051491099e-19
7.23446893788 1.709624914e-19
7.25450901804 8.14100718096e-20
7.2745490982 0.0
7.29458917836 0.0
7.31462925852 0.0
7.33466933868 0.0
7.35470941884 0.0
7.374749499 0.0
7.39478957916 0.0
7.41482965932 0.0
7.43486973948 0.0
7.45490981964 0.0
7.4749498998 0.0
7.49498997996 0.0
7.51503006012 0.0
7.53507014028 0.0
7.55511022044 0.0
7.5751503006 0.0
7.59519038076 0.0
7.61523046092 0.0
7.63527054108 0.0
7.65531062124 0.0
7.6753507014 0.0
7.69539078156 0.0
7.71543086172 0.0
7.73547094188 0.0
7.75551102204 0.0
7.7755511022 0.0
7.79559118236 0.0
7.81563126253 0.0
7.83567134269 0.0
7.85571142285 0.0
7.87575150301 0.0
7.89579158317 0.0
7.91583166333 0.0
7.93587174349 0.0
7.95591182365 0.0
7.97595190381 0.0
7.99599198397 0.0
8.01603206413 0.0
8.03607214429 0.0
8.05611222445 0.0
8.07615230461 0.0
8.09619238477 0.0
8.11623246493 0.0
8.13627254509 0.0
8.15631262525 0.0
8.17635270541 0.0
8.19639278557 0.0
8.21643286573 0.0
8.23647294589 0.0
8.25651302605 0.0
8.27655310621 0.0
8.29659318637 0.0
8.31663326653 0.0
8.33667334669 0.0
8.35671342685 0.0
8.37675350701 0.0
8.39679358717 0.0
8.41683366733 0.0
8.43687374749 0.0
8.45691382766 0.0
8.47695390782 0.0
8.49699398798 0.0
8.51703406814 0.0
8.5370741483 0.0
8.55711422846 0.0
8.57715430862 0.0
8.59719438878 0.0
8.61723446894 0.0
8.6372745491 0.0
8.65731462926 0.0
8.67735470942 0.0
8.69739478958 0.0
8.71743486974 0.0
8.7374749499 0.0
8.75751503006 0.0
8.77755511022 0.0
8.79759519038 0.0
8.81763527054 0.0
8.8376753507 0.0
8.85771543086 0.0
8.87775551102 0.0
8.89779559118 0.0
8.91783567134 0.0
8.9378757515 0.0
8.95791583166 0.0
8.97795591182 0.0
8.99799599198 0.0
9.01803607214 0.0
9.0380761523 0.0
9.05811623246 0.0
9.07815631263 0.0
9.09819639279 0.0
9.11823647295 0.0
9.13827655311 0.0
9.15831663327 0.0
9.17835671343 0.0
9.19839679359 0.0
9.21843687375 0.0
9.23847695391 0.0
9.25851703407 0.0
9.27855711423 0.0
9.29859719439 0.0
9.31863727455 0.0
9.33867735471 0.0
9.35871743487 0.0
9.37875751503 0.0
9.39879759519 0.0
9.41883767535 0.0
9.43887775551 0.0
9.45891783567 0.0
9.47895791583 0.0
9.49899799599 0.0
9.51903807615 0.0
9.53907815631 0.0
9.55911823647 0.0
9.57915831663 0.0
9.59919839679 0.0
9.61923847695 0.0
9.63927855711 0.0
9.65931863727 0.0
9.67935871743 0.0
9.6993987976 0.0
9.71943887776 0.0
9.73947895792 0.0
9.75951903808 0.0
9.77955911824 0.0
9.7995991984 0.0
9.81963927856 0.0
9.83967935872 0.0
9.85971943888 0.0
9.87975951904 0.0
9.8997995992 0.0
9.91983967936 0.0
9.93987975952 0.0
9.95991983968 0.0
9.97995991984 0.0
10.0 0.0
