0.0 0.0
0.0200400801603 0.0
0.0400801603206 0.0
0.060120240481 0.0
0.0801603206413 0.0
0.100200400802 0.0
0.120240480962 0.0
0.140280561122 0.0
0.160320641283 1.16799688933e-12
0.180360721443 9.16487489591e-13
0.200400801603 9.0803489508e-13
0.220440881764 4.53372189782e-11
0.240480961924 4.96961955264e-11
0.260521042084 1.70008100093e-12
0.280561122244 2.07503016082e-12
0.300601202405 2.44561341731e-12
0.320641282565 2.86275392012e-12
0.340681362725 3.35121627842e-12
0.360721442886 3.77236638015e-12
0.380761523046 4.18581306806e-12
0.400801603206 4.59925975597e-12
0.420841683367 5.01616698314e-12
0.440881763527 5.43571238541e-12
0.460921843687 5.85525778768e-12
0.480961923848 6.27063010006e-12
0.501002004008 6.67260703474e-12
0.521042084168 7.07458396942e-12
0.541082164329 7.4765609041e-12
0.561122244489 7.87565862656e-12
0.581162324649 8.27446338169e-12
0.60120240481 8.67326813683e-12
0.62124248497 9.06621310172e-12
0.64128256513 9.45487554084e-12
0.661322645291 9.84353797995e-12
0.681362725451 1.02180500043e-11
0.701402805611 1.05496240392e-11
0.721442885772 1.08811980741e-11
0.741482965932 1.1212772109e-11
0.761523046092 1.15284875504e-11
0.781563126253 1.18427860583e-11
0.801603206413 1.21570845661e-11
0.821643286573 1.24214066808e-11
0.841683366733 1.26507246384e-11
0.861723446894 1.2880042596e-11
0.881763527054 1.30808755495e-11
0.901803607214 1.31998737327e-11
0.921843687375 1.33188719159e-11
0.941883767535 1.34378700991e-11
0.961923847695 1.35096133381e-11
0.981963927856 1.35777075684e-11
1.00200400802 1.36458017987e-11
1.02204408818 1.37364531275e-11
1.04208416834 1.38422413022e-11
1.0621242485 1.39480294769e-11
1.08216432866 1.40480097329e-11
1.10220440882 1.4132170106e-11
1.12224448898 1.42163304792e-11
1.14228456914 1.43004908523e-11
1.1623246493 1.4321832557e-11
1.18236472946 1.43390685387e-11
1.20240480962 1.43563045205e-11
1.22244488978 1.43686198254e-11
1.24248496994 1.43777727344e-11
1.2625250501 1.43869256434e-11
1.28256513026 1.43995029928e-11
1.30260521042 1.44209353831e-11
1.32264529058 1.44423677733e-11
1.34268537074 1.44638001636e-11
1.3627254509 1.45097988031e-11
1.38276553106 1.45571180111e-11
1.40280561122 1.46044372191e-11
1.42284569138 1.46327254494e-11
1.44288577154 1.46493048441e-11
1.4629258517 1.46658842388e-11
1.48296593186 1.46851970524e-11
1.50300601202 1.47112277596e-11
1.52304609218 1.47372584667e-11
1.54308617234 1.47632891738e-11
1.56312625251 1.47553412364e-11
1.58316633267 1.47459525199e-11
1.60320641283 1.47365638035e-11
1.62324649299 1.47278422129e-11
1.64328657315 1.47195133783e-11
1.66332665331 1.47111845437e-11
1.68336673347 1.47112835776e-11
1.70340681363 1.47310902142e-11
1.72344689379 1.47508968507e-11
1.74348697395 1.47707034872e-11
1.76352705411 1.4701966358e-11
1.78356713427 1.46304585534e-11
1.80360721443 1.45589507487e-11
1.82364729459 1.45167985494e-11
1.84368737475 1.44911753895e-11
1.86372745491 1.44655522296e-11
1.88376753507 1.44660412032e-11
1.90380761523 1.45246829329e-11
1.92384769539 1.45833246626e-11
1.94388777555 1.46419663924e-11
1.96392785571 1.45967015272e-11
1.98396793587 1.45493154025e-11
2.00400801603 1.45019292778e-11
2.02404809619 1.44588312819e-11
2.04408817635 1.44180412108e-11
2.06412825651 1.43772511398e-11
2.08416833667 1.43372276145e-11
2.10420841683 1.42988313753e-11
2.12424849699 1.42604351361e-11
2.14428857715 1.42220388969e-11
2.16432865731 1.4176090434e-11
2.18436873747 1.41300682195e-11
2.20440881764 1.40840460049e-11
2.2244488978 1.40150464757e-11
2.24448897796 1.393423338e-11
2.26452905812 1.38534202844e-11
2.28456913828 1.37690104485e-11
2.30460921844 1.36773163595e-11
2.3246492986 1.35856222704e-11
2.34468937876 1.34939563292e-11
2.36472945892 1.34446279797e-11
2.38476953908 1.33952996302e-11
2.40480961924 1.33459712808e-11
2.4248496994 1.32920525996e-11
2.44488977956 1.32358809373e-11
2.46492985972 1.3179709275e-11
2.48496993988 1.31018074272e-11
2.50501002004 1.2981889958e-11
2.5250501002 1.28619724887e-11
2.54509018036 1.27430383446e-11
2.56513026052 1.27125147785e-11
2.58517034068 1.26819912124e-11
2.60521042084 1.26514676463e-11
2.625250501 1.25726362359e-11
2.64529058116 1.24711876793e-11
2.66533066132 1.23697391228e-11
2.68537074148 1.22698378231e-11
2.70541082164 1.21727945995e-11
2.7254509018 1.2075751376e-11
2.74549098196 1.19792925518e-11
2.76553106212 1.19096403641e-11
2.78557114228 1.18399881764e-11
2.80561122244 1.17703359887e-11
2.82565130261 1.16393321392e-11
2.84569138277 1.14809506077e-11
2.86573146293 1.13225690763e-11
2.88577154309 1.1196177237e-11
2.90581162325 1.11262727819e-11
2.92585170341 1.10563683267e-11
2.94589178357 1.09851211959e-11
2.96593186373 1.08728221752e-11
2.98597194389 1.07605231545e-11
3.00601202405 1.06482241337e-11
3.02605210421 1.05330156561e-11
3.04609218437 1.04165708271e-11
3.06613226453 1.0300125998e-11
3.08617234469 1.01875982462e-11
3.10621242485 1.00816861786e-11
3.12625250501 9.97577411095e-12
3.14629258517 9.87052642349e-12
3.16633266533 9.7804305023e-12
3.18637274549 9.69033458111e-12
3.20641282565 9.60023865991e-12
3.22645290581 9.48008881346e-12
3.24649298597 9.3477893346e-12
3.26653306613 9.21548985573e-12
3.28657314629 9.07613850673e-12
3.30661322645 8.92538974915e-12
3.32665330661 8.77464099157e-12
3.34669338677 8.62636535097e-12
3.36673346693 8.52286581375e-12
3.38677354709 8.41936627652e-12
3.40681362725 8.3158667393e-12
3.42685370741 8.2044103026e-12
3.44689378758 8.08989705149e-12
3.46693386774 7.97538380038e-12
3.4869739479 7.86356748922e-12
3.50701402806 7.75592427382e-12
3.52705410822 7.64828105841e-12
3.54709418838 7.53948231697e-12
3.56713426854 7.41340303656e-12
3.5871743487 7.28732375615e-12
3.60721442886 7.16124447573e-12
3.62725450902 7.04309809923e-12
3.64729458918 6.92784444598e-12
3.66733466934 6.81259079274e-12
3.6873747495 6.70238733573e-12
3.70741482966 6.5996682613e-12
3.72745490982 6.49694918686e-12
3.74749498998 6.39464188958e-12
3.76753507014 6.29756259458e-12
3.7875751503 6.20048329957e-12
3.80761523046 6.10340400456e-12
3.82765531062 5.9889063159e-12
3.84769539078 5.86838762952e-12
3.86773547094 5.74786894315e-12
3.8877755511 5.63592881768e-12
3.90781563126 5.53616956928e-12
3.92785571142 5.43641032088e-12
3.94789579158 5.33755361216e-12
3.96793587174 5.2486228689e-12
3.9879759519 5.15969212564e-12
4.00801603206 5.07076138239e-12
4.02805611222 4.97090192201e-12
4.04809619238 4.86746647752e-12
4.06813627255 4.76403103303e-12
4.08817635271 4.66912756853e-12
4.10821643287 4.58583504285e-12
4.12825651303 4.50254251717e-12
4.14829659319 4.41885737665e-12
4.16833667335 4.33137400957e-12
4.18837675351 4.24389064249e-12
4.20841683367 4.15640727541e-12
4.22845691383 4.0764572213e-12
4.24849699399 3.99883684699e-12
4.26853707415 3.92121647267e-12
4.28857715431 3.84125953731e-12
4.30861723447 3.75825423642e-12
4.32865731463 3.67524893553e-12
4.34869739479 3.59335238746e-12
4.36873747495 3.52100616986e-12
4.38877755511 3.44865995227e-12
4.40881763527 3.37631373467e-12
4.42885771543 3.31012168665e-12
4.44889779559 3.24572524327e-12
4.46893787575 3.18132879989e-12
4.48897795591 3.11626769666e-12
4.50901803607 3.05037509118e-12
4.52905811623 2.98448248569e-12
4.54909819639 2.91898348167e-12
4.56913827655 2.85653280119e-12
4.58917835671 2.7940821207e-12
4.60921843687 2.73163144022e-12
4.62925851703 2.67000641975e-12
4.64929859719 2.60860825027e-12
4.66933867735 2.54721008078e-12
4.68937875752 2.48963498032e-12
4.70941883768 2.43664694728e-12
4.72945891784 2.38365891423e-12
4.749498998 2.33003054164e-12
4.76953907816 2.27190707911e-12
4.78957915832 2.21378361659e-12
4.80961923848 2.15566015406e-12
4.82965931864 2.1038002136e-12
4.8496993988 2.05355735402e-12
4.86973947896 2.00331449445e-12
4.88977955912 1.95435589619e-12
4.90981963928 1.90687539844e-12
4.92985971944 1.8593949007e-12
4.9498997996 1.81264748034e-12
4.96993987976 1.77059613719e-12
4.98997995992 1.72854479404e-12
5.01002004008 1.68740131004e-12
5.03006012024 1.64710027489e-12
5.0501002004 1.60679923974e-12
5.07014028056 1.5689598003e-12
5.09018036072 1.53117110895e-12
5.11022044088 1.4933824176e-12
5.13026052104 1.45559372625e-12
5.1503006012 1.4178050349e-12
5.17034068136 1.38310303881e-12
5.19038076152 1.34860015789e-12
5.21042084168 1.31409727698e-12
5.23046092184 1.27959439606e-12
5.250501002 1.24509151515e-12
5.27054108216 1.21417620769e-12
5.29058116232 1.18366394244e-12
5.31062124248 1.15315167719e-12
5.33066132265 1.12263941194e-12
5.35070140281 1.09212714669e-12
5.37074148297 1.06261713403e-12
5.39078156313 1.03327217429e-12
5.41082164329 1.00392721454e-12
5.43086172345 9.74582254796e-13
5.45090180361 9.4523729505e-13
5.47094188377 9.19134203038e-13
5.49098196393 8.93751416238e-13
5.51102204409 8.68368629439e-13
5.53106212425 8.42985842639e-13
5.55110220441 8.17603055839e-13
5.57114228457 7.93422761807e-13
5.59118236473 7.69586081223e-13
5.61122244489 7.45749400639e-13
5.63126252505 7.21912720054e-13
5.65130260521 6.9807603947e-13
5.67134268537 6.76466438471e-13
5.69138276553 6.55650114095e-13
5.71142284569 6.34833789719e-13
5.73146292585 6.14017465343e-13
5.75150300601 5.93201140968e-13
5.77154308617 5.73205479954e-13
5.79158316633 5.53566649534e-13
5.81162324649 5.33927819115e-13
5.83166332665 5.14288988695e-13
5.85170340681 4.94650158276e-13
5.87174348697 4.76031744302e-13
5.89178356713 4.57947103327e-13
5.91182364729 4.39862462352e-13
5.93186372745 4.21777821377e-13
5.95190380762 4.03693180403e-13
5.97194388778 3.87524821853e-13
5.99198396794 3.72550223189e-13
6.0120240481 3.57575624524e-13
6.03206412826 3.42601025859e-13
6.05210420842 3.27626427194e-13
6.07214428858 3.13459978857e-13
6.09218436874 2.99889002336e-13
6.1122244489 2.86318025815e-13
6.13226452906 2.72747049294e-13
6.15230460922 2.59176072773e-13
6.17234468938 2.46081823786e-13
6.19238476954 2.33401324904e-13
6.2124248497 2.20720826021e-13
6.23246492986 2.08040327139e-13
6.25250501002 1.95359828256e-13
6.27254509018 1.8369956005e-13
6.29258517034 1.73080288978e-13
6.3126252505 1.62461017905e-13
6.33266533066 1.51841746832e-13
6.35270541082 1.4122247576e-13
6.37274549098 1.31317719674e-13
6.39278557114 1.22270318822e-13
6.4128256513 1.13222917971e-13
6.43286573146 1.04175517119e-13
6.45290581162 9.51281162673e-14
6.47294589178 8.71569050353e-14
6.49298597194 8.07079629115e-14
6.5130260521 7.42590207877e-14
6.53306613226 6.78100786638e-14
6.55310621242 6.136113654e-14
6.57314629259 5.56734180729e-14
6.59318637275 5.12613816952e-14
6.61322645291 4.68493453175e-14
6.63326653307 4.24373089397e-14
6.65330661323 3.8025272562e-14
6.67334669339 3.37667028853e-14
6.69338677355 2.98150895859e-14
6.71342685371 2.58634762864e-14
6.73346693387 2.19118629869e-14
6.75350701403 1.79602496874e-14
6.77354709419 1.44300678876e-14
6.79358717435 1.19171914746e-14
6.81362725451 9.40431506167e-15
6.83366733467 6.89143864869e-15
6.85370741483 4.37856223572e-15
6.87374749499 2.3901655642e-15
6.89378757515 1.95428282125e-15
6.91382765531 1.51840007829e-15
6.93386773547 1.08251733533e-15
6.95390781563 6.46634592377e-16
6.97394789579 2.93596660023e-16
6.99398797595 2.48270808305e-16
7.01402805611 2.02944956586e-16
7.03406813627 1.57619104868e-16
7.05410821643 1.1229325315e-16
7.07414829659 7.22138303755e-17
7.09418837675 5.74400841648e-17
7.11422845691 4.26663379541e-17
7.13426853707 2.78925917434e-17
7.15430861723 1.31188455327e-17
7.17434869739 2.77781904186e-19
7.19438877756 2.21196544614e-19
7.21442885772 1.64611185043e-19
7.23446893788 1.08025825471e-19
7.25450901804 5.14404658991e-20
7.2745490982 0.0
7.29458917836 0.0
7.31462925852 0.0
7.33466933868 0.0
7.35470941884 0.0
7.374749499 0.0
7.39478957916 0.0
7.41482965932 0.0
7.43486973948 0.0
7.45490981964 0.0
7.4749498998 0.0
7.49498997996 0.0
7.51503006012 0.0
7.53507014028 0.0
7.55511022044 0.0
7.5751503006 0.0
7.59519038076 0.0
7.61523046092 0.0
7.63527054108 0.0
7.65531062124 0.0
7.6753507014 0.0
7.69539078156 0.0
7.71543086172 0.0
7.73547094188 0.0
7.75551102204 0.0
7.7755511022 0.0
7.79559118236 0.0
7.81563126253 0.0
7.83567134269 0.0
7.85571142285 0.0
7.87575150301 0.0
7.89579158317 0.0
7.91583166333 0.0
7.93587174349 0.0
7.95591182365 0.0
7.97595190381 0.0
7.99599198397 0.0
8.01603206413 0.0
8.03607214429 0.0
8.05611222445 0.0
8.07615230461 0.0
8.09619238477 0.0
8.11623246493 0.0
8.13627254509 0.0
8.15631262525 0.0
8.17635270541 0.0
8.19639278557 0.0
8.21643286573 0.0
8.23647294589 0.0
8.25651302605 0.0
8.27655310621 0.0
8.29659318637 0.0
8.31663326653 0.0
8.33667334669 0.0
8.35671342685 0.0
8.37675350701 0.0
8.39679358717 0.0
8.41683366733 0.0
8.43687374749 0.0
8.45691382766 0.0
8.47695390782 0.0
8.49699398798 0.0
8.51703406814 0.0
8.5370741483 0.0
8.55711422846 0.0
8.57715430862 0.0
8.59719438878 0.0
8.61723446894 0.0
8.6372745491 0.0
8.65731462926 0.0
8.67735470942 0.0
8.69739478958 0.0
8.71743486974 0.0
8.7374749499 0.0
8.75751503006 0.0
8.77755511022 0.0
8.79759519038 0.0
8.81763527054 0.0
8.8376753507 0.0
8.85771543086 0.0
8.87775551102 0.0
8.89779559118 0.0
8.91783567134 0.0
8.9378757515 0.0
8.95791583166 0.0
8.97795591182 0.0
8.99799599198 0.0
9.01803607214 0.0
9.0380761523 0.0
9.05811623246 0.0
9.07815631263 0.0
9.09819639279 0.0
9.11823647295 0.0
9.13827655311 0.0
9.15831663327 0.0
9.17835671343 0.0
9.19839679359 0.0
9.21843687375 0.0
9.23847695391 0.0
9.25851703407 0.0
9.27855711423 0.0
9.29859719439 0.0
9.31863727455 0.0
9.33867735471 0.0
9.35871743487 0.0
9.37875751503 0.0
9.39879759519 0.0
9.41883767535 0.0
9.43887775551 0.0
9.45891783567 0.0
9.47895791583 0.0
9.49899799599 0.0
9.51903807615 0.0
9.53907815631 0.0
9.55911823647 0.0
9.57915831663 0.0
9.59919839679 0.0
9.61923847695 0.0
9.63927855711 0.0
9.65931863727 0.0
9.67935871743 0.0
9.6993987976 0.0
9.71943887776 0.0
9.73947895792 0.0
9.75951903808 0.0
9.77955911824 0.0
9.7995991984 0.0
9.81963927856 0.0
9.83967935872 0.0
9.85971943888 0.0
9.87975951904 0.0
9.8997995992 0.0
9.91983967936 0.0
9.93987975952 0.0
9.95991983968 0.0
9.97995991984 0.0
10.0 0.0
