0.0 0.0
0.0200400801603 0.0
0.0400801603206 0.0
0.060120240481 0.0
0.0801603206413 0.0
0.100200400802 0.0
0.120240480962 0.0
0.140280561122 0.0
0.160320641283 0.0
0.180360721443 0.0
0.200400801603 0.0
0.220440881764 0.0
0.240480961924 0.0
0.260521042084 0.0
0.280561122244 0.0
0.300601202405 0.0
0.320641282565 0.0
0.340681362725 4.13440960109e-12
0.360721442886 4.65398425084e-12
0.380761523046 5.16405516659e-12
0.400801603206 5.67412608235e-12
0.420841683367 6.18846627993e-12
0.440881763527 6.70606120521e-12
0.460921843687 7.22365613049e-12
0.480961923848 7.73610269726e-12
0.501002004008 8.23202333027e-12
0.521042084168 8.72794396328e-12
0.541082164329 9.22386459629e-12
0.561122244489 9.71623313309e-12
0.581162324649 1.02082402349e-11
0.60120240481 1.07002473366e-11
0.62124248497 1.11850251906e-11
0.64128256513 1.16645196745e-11
0.661322645291 1.21440141584e-11
0.681362725451 1.26060512161e-11
0.701402805611 1.30151154959e-11
0.721442885772 1.34241797757e-11
0.741482965932 1.38332440555e-11
0.761523046092 1.42227435219e-11
0.781563126253 1.46104949114e-11
0.801603206413 1.49982463009e-11
0.821643286573 1.53243416042e-11
0.841683366733 1.56072521318e-11
0.861723446894 1.58901626595e-11
0.881763527054 1.6137931118e-11
0.901803607214 1.62847396765e-11
0.921843687375 1.6431548235e-11
0.941883767535 1.65783567936e-11
0.961923847695 1.66668667288e-11
0.981963927856 1.67508748669e-11
1.00200400802 1.68348830049e-11
1.02204408818 1.694671993e-11
1.04208416834 1.70772312455e-11
1.0621242485 1.7207742561e-11
1.08216432866 1.73310886229e-11
1.10220440882 1.74349176288e-11
1.12224448898 1.75387466347e-11
1.14228456914 1.76425756406e-11
1.1623246493 1.76689049913e-11
1.18236472946 1.76901690944e-11
1.20240480962 1.77114331975e-11
1.22244488978 1.77266266409e-11
1.24248496994 1.77379186232e-11
1.2625250501 1.77492106055e-11
1.28256513026 1.77647273343e-11
1.30260521042 1.77911685642e-11
1.32264529058 1.78176097941e-11
1.34268537074 1.7844051024e-11
1.3627254509 1.79007997388e-11
1.38276553106 1.79591776445e-11
1.40280561122 1.80175555501e-11
1.42284569138 1.80524548588e-11
1.44288577154 1.80729089277e-11
1.4629258517 1.80933629966e-11
1.48296593186 1.81171892958e-11
1.50300601202 1.81493034886e-11
1.52304609218 1.81814176813e-11
1.54308617234 1.82135318741e-11
1.56312625251 1.82037264702e-11
1.58316633267 1.81921435713e-11
1.60320641283 1.81805606724e-11
1.62324649299 1.81698008095e-11
1.64328657315 1.81595254912e-11
1.66332665331 1.8149250173e-11
1.68336673347 1.81493723516e-11
1.70340681363 1.81738078823e-11
1.72344689379 1.8198243413e-11
1.74348697395 1.82226789437e-11
1.76352705411 1.81378776586e-11
1.78356713427 1.80496581796e-11
1.80360721443 1.79614387006e-11
1.82364729459 1.79094353553e-11
1.84368737475 1.78778239552e-11
1.86372745491 1.78462125552e-11
1.88376753507 1.78468158039e-11
1.90380761523 1.79191623523e-11
1.92384769539 1.79915089006e-11
1.94388777555 1.80638554489e-11
1.96392785571 1.80080119946e-11
1.98396793587 1.79495515335e-11
2.00400801603 1.78910910723e-11
2.02404809619 1.78379208938e-11
2.04408817635 1.77875980117e-11
2.06412825651 1.77372751297e-11
2.08416833667 1.76878979384e-11
2.10420841683 1.76405283369e-11
2.12424849699 1.75931587353e-11
2.14428857715 1.75457891337e-11
2.16432865731 1.7489102322e-11
2.18436873747 1.74323245225e-11
2.20440881764 1.73755467231e-11
2.2244488978 1.7290421714e-11
2.24448897796 1.71907222584e-11
2.26452905812 1.70910228028e-11
2.28456913828 1.69868860337e-11
2.30460921844 1.68737626509e-11
2.3246492986 1.6760639268e-11
2.34468937876 1.66475506112e-11
2.36472945892 1.65866940192e-11
2.38476953908 1.65258374272e-11
2.40480961924 1.64649808353e-11
2.4248496994 1.63984611318e-11
2.44488977956 1.6329161916e-11
2.46492985972 1.62598627002e-11
2.48496993988 1.61637548634e-11
2.50501002004 1.60158121778e-11
2.5250501002 1.58678694922e-11
2.54509018036 1.5721139939e-11
2.56513026052 1.56834828873e-11
2.58517034068 1.56458258356e-11
2.60521042084 1.56081687839e-11
2.625250501 1.55109141416e-11
2.64529058116 1.53857566312e-11
2.66533066132 1.52605991208e-11
2.68537074148 1.51373504677e-11
2.70541082164 1.50176278352e-11
2.7254509018 1.48979052026e-11
2.74549098196 1.4778903546e-11
2.76553106212 1.46929733494e-11
2.78557114228 1.46070431528e-11
2.80561122244 1.45211129563e-11
2.82565130261 1.43594929567e-11
2.84569138277 1.4164096996e-11
2.86573146293 1.39687010354e-11
2.88577154309 1.38127708923e-11
2.90581162325 1.37265294723e-11
2.92585170341 1.36402880523e-11
2.94589178357 1.35523901677e-11
2.96593186373 1.3413846394e-11
2.98597194389 1.32753026204e-11
3.00601202405 1.31367588468e-11
3.02605210421 1.2994625664e-11
3.04609218437 1.28509671892e-11
3.06613226453 1.27073087144e-11
3.08617234469 1.25684827543e-11
3.10621242485 1.24378185915e-11
3.12625250501 1.23071544287e-11
3.14629258517 1.21773099146e-11
3.16633266533 1.20661581981e-11
3.18637274549 1.19550064816e-11
3.20641282565 1.18438547652e-11
3.22645290581 1.16956253949e-11
3.24649298597 1.1532406972e-11
3.26653306613 1.13691885491e-11
3.28657314629 1.11972702045e-11
3.30661322645 1.10112908289e-11
3.32665330661 1.08253114534e-11
3.34669338677 1.06423831727e-11
3.36673346693 1.05146953588e-11
3.38677354709 1.0387007545e-11
3.40681362725 1.02593197311e-11
3.42685370741 1.01218154569e-11
3.44689378758 9.98053997794e-12
3.46693386774 9.83926449897e-12
3.4869739479 9.70131624616e-12
3.50701402806 9.56851635911e-12
3.52705410822 9.43571647206e-12
3.54709418838 9.30149100768e-12
3.56713426854 9.14594646978e-12
3.5871743487 8.99040193188e-12
3.60721442886 8.83485739398e-12
3.62725450902 8.68909971295e-12
3.64729458918 8.54691079676e-12
3.66733466934 8.40472188057e-12
3.6873747495 8.2687634127e-12
3.70741482966 8.14203845905e-12
3.72745490982 8.0153135054e-12
3.74749498998 7.88909656296e-12
3.76753507014 7.76932942888e-12
3.7875751503 7.6495622948e-12
3.80761523046 7.52979516072e-12
3.82765531062 7.38853888122e-12
3.84769539078 7.23985447154e-12
3.86773547094 7.09117006186e-12
3.8877755511 6.95306905881e-12
3.90781563126 6.82999565497e-12
3.92785571142 6.70692225113e-12
3.94789579158 6.58496231429e-12
3.96793587174 6.47524808274e-12
3.9879759519 6.36553385118e-12
4.00801603206 6.25581961963e-12
4.02805611222 6.13262258385e-12
4.04809619238 6.00501384146e-12
4.06813627255 5.87740509907e-12
4.08817635271 5.76032229622e-12
4.10821643287 5.65756395738e-12
4.12825651303 5.55480561854e-12
4.14829659319 5.45156290911e-12
4.16833667335 5.34363431163e-12
4.18837675351 5.23570571415e-12
4.20841683367 5.12777711667e-12
4.22845691383 5.02914239904e-12
4.24849699399 4.93338181717e-12
4.26853707415 4.8376212353e-12
4.28857715431 4.73897802824e-12
4.30861723447 4.63657403983e-12
4.32865731463 4.53417005142e-12
4.34869739479 4.43313393602e-12
4.36873747495 4.34388010344e-12
4.38877755511 4.25462627087e-12
4.40881763527 4.1653724383e-12
4.42885771543 4.08371103058e-12
4.44889779559 4.00426486786e-12
4.46893787575 3.92481870513e-12
4.48897795591 3.84455254876e-12
4.50901803607 3.76326056456e-12
4.52905811623 3.68196858035e-12
4.54909819639 3.60116218394e-12
4.56913827655 3.52411651707e-12
4.58917835671 3.4470708502e-12
4.60921843687 3.37002518333e-12
4.62925851703 3.2939981367e-12
4.64929859719 3.21825095707e-12
4.66933867735 3.14250377745e-12
4.68937875752 3.07147313414e-12
4.70941883768 3.00610157517e-12
4.72945891784 2.9407300162e-12
4.749498998 2.87456846764e-12
4.76953907816 2.80286130774e-12
4.78957915832 2.73115414785e-12
4.80961923848 2.65944698795e-12
4.82965931864 2.59546716155e-12
4.8496993988 2.53348233462e-12
4.86973947896 2.47149750769e-12
4.88977955912 2.41109707935e-12
4.90981963928 2.35252018981e-12
4.92985971944 2.29394330028e-12
4.9498997996 2.2362708114e-12
4.96993987976 2.1843918927e-12
4.98997995992 2.132512974e-12
5.01002004008 2.08175408494e-12
5.03006012024 2.03203452857e-12
5.0501002004 1.9823149722e-12
5.07014028056 1.9356322968e-12
5.09018036072 1.88901222954e-12
5.11022044088 1.84239216227e-12
5.13026052104 1.795772095e-12
5.1503006012 1.74915202773e-12
5.17034068136 1.70634002937e-12
5.19038076152 1.66377368024e-12
5.21042084168 1.62120733111e-12
5.23046092184 1.57864098198e-12
5.250501002 1.53607463285e-12
5.27054108216 1.49793428816e-12
5.29058116232 1.46029117834e-12
5.31062124248 1.42264806852e-12
5.33066132265 1.3850049587e-12
5.35070140281 1.34736184888e-12
5.37074148297 1.31095522229e-12
5.39078156313 1.27475222218e-12
5.41082164329 1.23854922206e-12
5.43086172345 1.20234622194e-12
5.45090180361 1.16614322183e-12
5.47094188377 1.13393972755e-12
5.49098196393 1.10262487685e-12
5.51102204409 1.07131002614e-12
5.53106212425 1.03999517543e-12
5.55110220441 1.00868032473e-12
5.57114228457 9.78848994396e-13
5.59118236473 9.49441581422e-13
5.61122244489 9.20034168448e-13
5.63126252505 8.90626755474e-13
5.65130260521 8.612193425e-13
5.67134268537 8.34559486965e-13
5.69138276553 8.08878300133e-13
5.71142284569 7.83197113302e-13
5.73146292585 7.57515926471e-13
5.75150300601 7.31834739639e-13
5.77154308617 7.07166008645e-13
5.79158316633 6.82937501054e-13
5.81162324649 6.58708993463e-13
5.83166332665 6.34480485872e-13
5.85170340681 6.10251978281e-13
5.87174348697 5.87282362746e-13
5.89178356713 5.64971265202e-13
5.91182364729 5.42660167658e-13
5.93186372745 5.20349070115e-13
5.95190380762 4.98037972571e-13
5.97194388778 4.78091000705e-13
5.99198396794 4.59616775425e-13
6.0120240481 4.41142550144e-13
6.03206412826 4.22668324863e-13
6.05210420842 4.04194099582e-13
6.07214428858 3.86716892756e-13
6.09218436874 3.6997432201e-13
6.1122244489 3.53231751265e-13
6.13226452906 3.3648918052e-13
6.15230460922 3.19746609775e-13
6.17234468938 3.0359217979e-13
6.19238476954 2.87948195048e-13
6.2124248497 2.72304210307e-13
6.23246492986 2.56660225565e-13
6.25250501002 2.41016240823e-13
6.27254509018 2.26630918952e-13
6.29258517034 2.13529879619e-13
6.3126252505 2.00428840285e-13
6.33266533066 1.87327800952e-13
6.35270541082 1.74226761618e-13
6.37274549098 1.62007222425e-13
6.39278557114 1.50845405986e-13
6.4128256513 1.39683589548e-13
6.43286573146 1.28521773109e-13
6.45290581162 1.17359956671e-13
6.47294589178 1.07525839887e-13
6.49298597194 9.95697528967e-14
6.5130260521 9.16136659066e-14
6.53306613226 8.36575789165e-14
6.55310621242 7.57014919264e-14
6.57314629259 6.86845297596e-14
6.59318637275 6.32413819455e-14
6.61322645291 5.77982341314e-14
6.63326653307 5.23550863173e-14
6.65330661323 4.69119385033e-14
6.67334669339 4.1658123203e-14
6.69338677355 3.67830012747e-14
6.71342685371 3.19078793465e-14
6.73346693387 2.70327574183e-14
6.75350701403 2.215763549e-14
6.77354709419 1.78024353734e-14
6.79358717435 1.47022891862e-14
6.81362725451 1.16021429989e-14
6.83366733467 8.50199681171e-15
6.85370741483 5.40185062447e-15
6.87374749499 2.9487572976e-15
6.89378757515 2.41100692648e-15
6.91382765531 1.87325655536e-15
6.93386773547 1.33550618424e-15
6.95390781563 7.97755813116e-16
6.97394789579 3.62211432865e-16
6.99398797595 3.06292739187e-16
7.01402805611 2.50374045509e-16
7.03406813627 1.94455351831e-16
7.05410821643 1.38536658153e-16
7.07414829659 8.90905059033e-17
7.09418837675 7.08640731389e-17
7.11422845691 5.26376403746e-17
7.13426853707 3.44112076102e-17
7.15430861723 1.61847748458e-17
7.17434869739 3.42700702151e-19
7.19438877756 2.72891106334e-19
7.21442885772 2.03081510516e-19
7.23446893788 1.33271914698e-19
7.25450901804 6.34623188802e-20
7.2745490982 0.0
7.29458917836 0.0
7.31462925852 0.0
7.33466933868 0.0
7.35470941884 0.0
7.374749499 0.0
7.39478957916 0.0
7.41482965932 0.0
7.43486973948 0.0
7.45490981964 0.0
7.4749498998 0.0
7.49498997996 0.0
7.51503006012 0.0
7.53507014028 0.0
7.55511022044 0.0
7.5751503006 0.0
7.59519038076 0.0
7.61523046092 0.0
7.63527054108 0.0
7.65531062124 0.0
7.6753507014 0.0
7.69539078156 0.0
7.71543086172 0.0
7.73547094188 0.0
7.75551102204 0.0
7.7755511022 0.0
7.79559118236 0.0
7.81563126253 0.0
7.83567134269 0.0
7.85571142285 0.0
7.87575150301 0.0
7.89579158317 0.0
7.91583166333 0.0
7.93587174349 0.0
7.95591182365 0.0
7.97595190381 0.0
7.99599198397 0.0
8.01603206413 0.0
8.03607214429 0.0
8.05611222445 0.0
8.07615230461 0.0
8.09619238477 0.0
8.11623246493 0.0
8.13627254509 0.0
8.15631262525 0.0
8.17635270541 0.0
8.19639278557 0.0
8.21643286573 0.0
8.23647294589 0.0
8.25651302605 0.0
8.27655310621 0.0
8.29659318637 0.0
8.31663326653 0.0
8.33667334669 0.0
8.35671342685 0.0
8.37675350701 0.0
8.39679358717 0.0
8.41683366733 0.0
8.43687374749 0.0
8.45691382766 0.0
8.47695390782 0.0
8.49699398798 0.0
8.51703406814 0.0
8.5370741483 0.0
8.55711422846 0.0
8.57715430862 0.0
8.59719438878 0.0
8.61723446894 0.0
8.6372745491 0.0
8.65731462926 0.0
8.67735470942 0.0
8.69739478958 0.0
8.71743486974 0.0
8.7374749499 0.0
8.75751503006 0.0
8.77755511022 0.0
8.79759519038 0.0
8.81763527054 0.0
8.8376753507 0.0
8.85771543086 0.0
8.87775551102 0.0
8.89779559118 0.0
8.91783567134 0.0
8.9378757515 0.0
8.95791583166 0.0
8.97795591182 0.0
8.99799599198 0.0
9.01803607214 0.0
9.0380761523 0.0
9.05811623246 0.0
9.07815631263 0.0
9.09819639279 0.0
9.11823647295 0.0
9.13827655311 0.0
9.15831663327 0.0
9.17835671343 0.0
9.19839679359 0.0
9.21843687375 0.0
9.23847695391 0.0
9.25851703407 0.0
9.27855711423 0.0
9.29859719439 0.0
9.31863727455 0.0
9.33867735471 0.0
9.35871743487 0.0
9.37875751503 0.0
9.39879759519 0.0
9.41883767535 0.0
9.43887775551 0.0
9.45891783567 0.0
9.47895791583 0.0
9.49899799599 0.0
9.51903807615 0.0
9.53907815631 0.0
9.55911823647 0.0
9.57915831663 0.0
9.59919839679 0.0
9.61923847695 0.0
9.63927855711 0.0
9.65931863727 0.0
9.67935871743 0.0
9.6993987976 0.0
9.71943887776 0.0
9.73947895792 0.0
9.75951903808 0.0
9.77955911824 0.0
9.7995991984 0.0
9.81963927856 0.0
9.83967935872 0.0
9.85971943888 0.0
9.87975951904 0.0
9.8997995992 0.0
9.91983967936 0.0
9.93987975952 0.0
9.95991983968 0.0
9.97995991984 0.0
10.0 0.0
