0.0 0.0
0.0200400801603 0.0
0.0400801603206 0.0
0.060120240481 0.0
0.0801603206413 0.0
0.100200400802 0.0
0.120240480962 0.0
0.140280561122 0.0
0.160320641283 0.0
0.180360721443 0.0
0.200400801603 0.0
0.220440881764 0.0
0.240480961924 0.0
0.260521042084 0.0
0.280561122244 0.0
0.300601202405 0.0
0.320641282565 4.14603014601e-12
0.340681362725 4.85345373854e-12
0.360721442886 5.46339125552e-12
0.380761523046 6.06217217755e-12
0.400801603206 6.66095309958e-12
0.420841683367 7.26474580415e-12
0.440881763527 7.87235928891e-12
0.460921843687 8.47997277368e-12
0.480961923848 9.08154251282e-12
0.501002004008 9.66371217731e-12
0.521042084168 1.02458818418e-11
0.541082164329 1.08280515063e-11
0.561122244489 1.14060513046e-11
0.581162324649 1.19836268082e-11
0.60120240481 1.25612023119e-11
0.62124248497 1.31302912785e-11
0.64128256513 1.36931780072e-11
0.661322645291 1.42560647359e-11
0.681362725451 1.47984578951e-11
0.701402805611 1.52786654096e-11
0.721442885772 1.5758872924e-11
0.741482965932 1.62390804384e-11
0.761523046092 1.66963204857e-11
0.781563126253 1.71515084357e-11
0.801603206413 1.76066963858e-11
0.821643286573 1.79895052077e-11
0.841683366733 1.83216186871e-11
0.861723446894 1.86537321666e-11
0.881763527054 1.89445917735e-11
0.901803607214 1.91169328369e-11
0.921843687375 1.92892739003e-11
0.941883767535 1.94616149637e-11
0.961923847695 1.95655182819e-11
0.981963927856 1.96641368637e-11
1.00200400802 1.97627554455e-11
1.02204408818 1.98940427138e-11
1.04208416834 2.00472521665e-11
1.0621242485 2.02004616192e-11
1.08216432866 2.03452596587e-11
1.10220440882 2.04671462944e-11
1.12224448898 2.05890329301e-11
1.14228456914 2.07109195658e-11
1.1623246493 2.07418280384e-11
1.18236472946 2.07667903306e-11
1.20240480962 2.07917526229e-11
1.22244488978 2.08095884644e-11
1.24248496994 2.08228443145e-11
1.2625250501 2.08361001646e-11
1.28256513026 2.08543155163e-11
1.30260521042 2.08853553257e-11
1.32264529058 2.09163951352e-11
1.34268537074 2.09474349446e-11
1.3627254509 2.10140532259e-11
1.38276553106 2.10825840422e-11
1.40280561122 2.11511148584e-11
1.42284569138 2.11920837503e-11
1.44288577154 2.12160951296e-11
1.4629258517 2.12401065089e-11
1.48296593186 2.12680766068e-11
1.50300601202 2.13057760038e-11
1.52304609218 2.13434754007e-11
1.54308617234 2.13811747977e-11
1.56312625251 2.13696640674e-11
1.58316633267 2.13560667054e-11
1.60320641283 2.13424693434e-11
1.62324649299 2.13298381573e-11
1.64328657315 2.13177757865e-11
1.66332665331 2.13057134157e-11
1.68336673347 2.13058568432e-11
1.70340681363 2.13345421282e-11
1.72344689379 2.13632274132e-11
1.74348697395 2.13919126983e-11
1.76352705411 2.12923630276e-11
1.78356713427 2.1188800681e-11
1.80360721443 2.10852383344e-11
1.82364729459 2.1024190723e-11
1.84368737475 2.09870815629e-11
1.86372745491 2.09499724028e-11
1.88376753507 2.09506805668e-11
1.90380761523 2.10356094102e-11
1.92384769539 2.11205382535e-11
1.94388777555 2.12054670969e-11
1.96392785571 2.11399115163e-11
1.98396793587 2.10712837868e-11
2.00400801603 2.10026560573e-11
2.02404809619 2.09402386805e-11
2.04408817635 2.08811637935e-11
2.06412825651 2.08220889065e-11
2.08416833667 2.0764124182e-11
2.10420841683 2.07085162011e-11
2.12424849699 2.06529082203e-11
2.14428857715 2.05973002394e-11
2.16432865731 2.05307546272e-11
2.18436873747 2.04641022029e-11
2.20440881764 2.03974497786e-11
2.2244488978 2.02975200828e-11
2.24448897796 2.01804811965e-11
2.26452905812 2.00634423101e-11
2.28456913828 1.99411943859e-11
2.30460921844 1.98083969231e-11
2.3246492986 1.96755994602e-11
2.34468937876 1.95428427629e-11
2.36472945892 1.94714021746e-11
2.38476953908 1.93999615864e-11
2.40480961924 1.93285209982e-11
2.4248496994 1.92504323872e-11
2.44488977956 1.91690808593e-11
2.46492985972 1.90877293314e-11
2.48496993988 1.89749067073e-11
2.50501002004 1.88012342729e-11
2.5250501002 1.86275618384e-11
2.54509018036 1.84553135207e-11
2.56513026052 1.84111072673e-11
2.58517034068 1.83669010139e-11
2.60521042084 1.83226947606e-11
2.625250501 1.82085258821e-11
2.64529058116 1.80616013523e-11
2.66533066132 1.79146768225e-11
2.68537074148 1.77699931327e-11
2.70541082164 1.76294486984e-11
2.7254509018 1.74889042641e-11
2.74549098196 1.73492061957e-11
2.76553106212 1.72483312767e-11
2.78557114228 1.71474563576e-11
2.80561122244 1.70465814386e-11
2.82565130261 1.68568529726e-11
2.84569138277 1.66274743316e-11
2.86573146293 1.63980956906e-11
2.88577154309 1.62150466439e-11
2.90581162325 1.61138063744e-11
2.92585170341 1.60125661049e-11
2.94589178357 1.59093812834e-11
2.96593186373 1.57467423915e-11
2.98597194389 1.55841034996e-11
3.00601202405 1.54214646078e-11
3.02605210421 1.52546120474e-11
3.04609218437 1.50859689209e-11
3.06613226453 1.49173257944e-11
3.08617234469 1.4754355639e-11
3.10621242485 1.46009667563e-11
3.12625250501 1.44475778736e-11
3.14629258517 1.42951511903e-11
3.16633266533 1.41646683002e-11
3.18637274549 1.403418541e-11
3.20641282565 1.39037025198e-11
3.22645290581 1.37296935413e-11
3.24649298597 1.35380886591e-11
3.26653306613 1.33464837769e-11
3.28657314629 1.31446659085e-11
3.30661322645 1.29263415569e-11
3.32665330661 1.27080172053e-11
3.34669338677 1.24932745858e-11
3.36673346693 1.23433796897e-11
3.38677354709 1.21934847936e-11
3.40681362725 1.20435898975e-11
3.42685370741 1.18821712917e-11
3.44689378758 1.17163256045e-11
3.46693386774 1.15504799172e-11
3.4869739479 1.13885401174e-11
3.50701402806 1.12326440716e-11
3.52705410822 1.10767480259e-11
3.54709418838 1.09191784707e-11
3.56713426854 1.07365820925e-11
3.5871743487 1.05539857144e-11
3.60721442886 1.03713893362e-11
3.62725450902 1.02002819158e-11
3.64729458918 1.00333639291e-11
3.66733466934 9.86644594234e-12
3.6873747495 9.70684198486e-12
3.70741482966 9.55807740675e-12
3.72745490982 9.40931282863e-12
3.74749498998 9.26114461351e-12
3.76753507014 9.12054793812e-12
3.7875751503 8.97995126272e-12
3.80761523046 8.83935458732e-12
3.82765531062 8.67353143867e-12
3.84769539078 8.49898828169e-12
3.86773547094 8.32444512471e-12
3.8877755511 8.16232600875e-12
3.90781563126 8.01784804706e-12
3.92785571142 7.87337008536e-12
3.94789579158 7.73019924151e-12
3.96793587174 7.60140383934e-12
3.9879759519 7.47260843717e-12
4.00801603206 7.343813035e-12
4.02805611222 7.19918993967e-12
4.04809619238 7.04938786692e-12
4.06813627255 6.89958579417e-12
4.08817635271 6.76214030085e-12
4.10821643287 6.64151053943e-12
4.12825651303 6.52088077801e-12
4.14829659319 6.39968240571e-12
4.16833667335 6.27298318975e-12
4.18837675351 6.14628397378e-12
4.20841683367 6.01958475782e-12
4.22845691383 5.90379578546e-12
4.24849699399 5.79138080994e-12
4.26853707415 5.67896583442e-12
4.28857715431 5.56316689618e-12
4.30861723447 5.44295311275e-12
4.32865731463 5.32273932932e-12
4.34869739479 5.20413131527e-12
4.36873747495 5.09935472341e-12
4.38877755511 4.99457813155e-12
4.40881763527 4.88980153968e-12
4.42885771543 4.79393782446e-12
4.44889779559 4.70067462302e-12
4.46893787575 4.60741142157e-12
4.48897795591 4.51318561564e-12
4.50901803607 4.41775557297e-12
4.52905811623 4.3223255303e-12
4.54909819639 4.22746552739e-12
4.56913827655 4.13702030885e-12
4.58917835671 4.04657509031e-12
4.60921843687 3.95612987177e-12
4.62925851703 3.86688042885e-12
4.64929859719 3.77795952657e-12
4.66933867735 3.68903862429e-12
4.68937875752 3.60565454419e-12
4.70941883768 3.52891375943e-12
4.72945891784 3.45217297468e-12
4.749498998 3.37450480772e-12
4.76953907816 3.2903265533e-12
4.78957915832 3.20614829888e-12
4.80961923848 3.12197004446e-12
4.82965931864 3.04686303823e-12
4.8496993988 2.97409799581e-12
4.86973947896 2.9013329534e-12
4.88977955912 2.83042786342e-12
4.90981963928 2.76166345667e-12
4.92985971944 2.69289904991e-12
4.9498997996 2.62519633447e-12
4.96993987976 2.56429478958e-12
4.98997995992 2.50339324469e-12
5.01002004008 2.44380652164e-12
5.03006012024 2.38543988891e-12
5.0501002004 2.32707325618e-12
5.07014028056 2.27227166967e-12
5.09018036072 2.2175435799e-12
5.11022044088 2.16281549014e-12
5.13026052104 2.10808740038e-12
5.1503006012 2.05335931061e-12
5.17034068136 2.00310157769e-12
5.19038076152 1.95313221658e-12
5.21042084168 1.90316285547e-12
5.23046092184 1.85319349437e-12
5.250501002 1.80322413326e-12
5.27054108216 1.75845053404e-12
5.29058116232 1.71426064728e-12
5.31062124248 1.67007076052e-12
5.33066132265 1.62588087376e-12
5.35070140281 1.581690987e-12
5.37074148297 1.53895262894e-12
5.39078156313 1.49645331145e-12
5.41082164329 1.45395399396e-12
5.43086172345 1.41145467647e-12
5.45090180361 1.36895535899e-12
5.47094188377 1.33115112942e-12
5.49098196393 1.29439009365e-12
5.51102204409 1.25762905788e-12
5.53106212425 1.22086802211e-12
5.55110220441 1.18410698634e-12
5.57114228457 1.14908748037e-12
5.59118236473 1.11456561819e-12
5.61122244489 1.08004375601e-12
5.63126252505 1.04552189383e-12
5.65130260521 1.01100003165e-12
5.67134268537 9.79703573873e-13
5.69138276553 9.4955599193e-13
5.71142284569 9.19408409986e-13
5.73146292585 8.89260828043e-13
5.75150300601 8.59113246099e-13
5.77154308617 8.3015420328e-13
5.79158316633 8.017119462e-13
5.81162324649 7.73269689121e-13
5.83166332665 7.44827432041e-13
5.85170340681 7.16385174962e-13
5.87174348697 6.89420752675e-13
5.89178356713 6.63229375856e-13
5.91182364729 6.37037999037e-13
5.93186372745 6.10846622218e-13
5.95190380762 5.84655245399e-13
5.97194388778 5.61239155918e-13
5.99198396794 5.39551948697e-13
6.0120240481 5.17864741476e-13
6.03206412826 4.96177534255e-13
6.05210420842 4.74490327034e-13
6.07214428858 4.53973536731e-13
6.09218436874 4.34319148217e-13
6.1122244489 4.14664759703e-13
6.13226452906 3.95010371189e-13
6.15230460922 3.75355982675e-13
6.17234468938 3.56392022601e-13
6.19238476954 3.38027282879e-13
6.2124248497 3.19662543156e-13
6.23246492986 3.01297803433e-13
6.25250501002 2.82933063711e-13
6.27254509018 2.66045889737e-13
6.29258517034 2.50666356873e-13
6.3126252505 2.35286824009e-13
6.33266533066 2.19907291146e-13
6.35270541082 2.04527758282e-13
6.37274549098 1.90183033423e-13
6.39278557114 1.77079987293e-13
6.4128256513 1.63976941163e-13
6.43286573146 1.50873895034e-13
6.45290581162 1.37770848904e-13
6.47294589178 1.26226411977e-13
6.49298597194 1.16886626162e-13
6.5130260521 1.07546840347e-13
6.53306613226 9.82070545314e-14
6.55310621242 8.88672687163e-14
6.57314629259 8.06299375015e-14
6.59318637275 7.42401337189e-14
6.61322645291 6.78503299364e-14
6.63326653307 6.14605261538e-14
6.65330661323 5.50707223713e-14
6.67334669339 4.89031792464e-14
6.69338677355 4.31801907108e-14
6.71342685371 3.74572021752e-14
6.73346693387 3.17342136396e-14
6.75350701403 2.60112251041e-14
6.77354709419 2.08985816247e-14
6.79358717435 1.72592672959e-14
6.81362725451 1.3619952967e-14
6.83366733467 9.98063863821e-15
6.85370741483 6.34132430939e-15
6.87374749499 3.46159633683e-15
6.89378757515 2.83032203144e-15
6.91382765531 2.19904772605e-15
6.93386773547 1.56777342066e-15
6.95390781563 9.36499115276e-16
6.97394789579 4.25206160637e-16
6.99398797595 3.59562255201e-16
7.01402805611 2.93918349766e-16
7.03406813627 2.2827444433e-16
7.05410821643 1.62630538894e-16
7.07414829659 1.04584859911e-16
7.09418837675 8.31885405388e-17
7.11422845691 6.17922211666e-17
7.13426853707 4.03959017943e-17
7.15430861723 1.89995824221e-17
7.17434869739 4.02302182062e-19
7.19438877756 3.20351510382e-19
7.21442885772 2.38400838703e-19
7.23446893788 1.56450167023e-19
7.25450901804 7.44994953437e-20
7.2745490982 0.0
7.29458917836 0.0
7.31462925852 0.0
7.33466933868 0.0
7.35470941884 0.0
7.374749499 0.0
7.39478957916 0.0
7.41482965932 0.0
7.43486973948 0.0
7.45490981964 0.0
7.4749498998 0.0
7.49498997996 0.0
7.51503006012 0.0
7.53507014028 0.0
7.55511022044 0.0
7.5751503006 0.0
7.59519038076 0.0
7.61523046092 0.0
7.63527054108 0.0
7.65531062124 0.0
7.6753507014 0.0
7.69539078156 0.0
7.71543086172 0.0
7.73547094188 0.0
7.75551102204 0.0
7.7755511022 0.0
7.79559118236 0.0
7.81563126253 0.0
7.83567134269 0.0
7.85571142285 0.0
7.87575150301 0.0
7.89579158317 0.0
7.91583166333 0.0
7.93587174349 0.0
7.95591182365 0.0
7.97595190381 0.0
7.99599198397 0.0
8.01603206413 0.0
8.03607214429 0.0
8.05611222445 0.0
8.07615230461 0.0
8.09619238477 0.0
8.11623246493 0.0
8.13627254509 0.0
8.15631262525 0.0
8.17635270541 0.0
8.19639278557 0.0
8.21643286573 0.0
8.23647294589 0.0
8.25651302605 0.0
8.27655310621 0.0
8.29659318637 0.0
8.31663326653 0.0
8.33667334669 0.0
8.35671342685 0.0
8.37675350701 0.0
8.39679358717 0.0
8.41683366733 0.0
8.43687374749 0.0
8.45691382766 0.0
8.47695390782 0.0
8.49699398798 0.0
8.51703406814 0.0
8.5370741483 0.0
8.55711422846 0.0
8.57715430862 0.0
8.59719438878 0.0
8.61723446894 0.0
8.6372745491 0.0
8.65731462926 0.0
8.67735470942 0.0
8.69739478958 0.0
8.71743486974 0.0
8.7374749499 0.0
8.75751503006 0.0
8.77755511022 0.0
8.79759519038 0.0
8.81763527054 0.0
8.8376753507 0.0
8.85771543086 0.0
8.87775551102 0.0
8.89779559118 0.0
8.91783567134 0.0
8.9378757515 0.0
8.95791583166 0.0
8.97795591182 0.0
8.99799599198 0.0
9.01803607214 0.0
9.0380761523 0.0
9.05811623246 0.0
9.07815631263 0.0
9.09819639279 0.0
9.11823647295 0.0
9.13827655311 0.0
9.15831663327 0.0
9.17835671343 0.0
9.19839679359 0.0
9.21843687375 0.0
9.23847695391 0.0
9.25851703407 0.0
9.27855711423 0.0
9.29859719439 0.0
9.31863727455 0.0
9.33867735471 0.0
9.35871743487 0.0
9.37875751503 0.0
9.39879759519 0.0
9.41883767535 0.0
9.43887775551 0.0
9.45891783567 0.0
9.47895791583 0.0
9.49899799599 0.0
9.51903807615 0.0
9.53907815631 0.0
9.55911823647 0.0
9.57915831663 0.0
9.59919839679 0.0
9.61923847695 0.0
9.63927855711 0.0
9.65931863727 0.0
9.67935871743 0.0
9.6993987976 0.0
9.71943887776 0.0
9.73947895792 0.0
9.75951903808 0.0
9.77955911824 0.0
9.7995991984 0.0
9.81963927856 0.0
9.83967935872 0.0
9.85971943888 0.0
9.87975951904 0.0
9.8997995992 0.0
9.91983967936 0.0
9.93987975952 0.0
9.95991983968 0.0
9.97995991984 0.0
10.0 0.0
