0.0 0.0
0.0200400801603 0.0
0.0400801603206 0.0
0.060120240481 0.0
0.0801603206413 0.0
0.100200400802 0.0
0.120240480962 0.0
0.140280561122 0.0
0.160320641283 0.0
0.180360721443 1.09508651952e-12
0.200400801603 1.08498673921e-12
0.220440881764 5.41722368276e-11
0.240480961924 5.93806619409e-11
0.260521042084 2.03138155988e-12
0.280561122244 2.47939833607e-12
0.300601202405 2.92219841042e-12
0.320641282565 3.42062849983e-12
0.340681362725 4.00427917694e-12
0.360721442886 4.50750022943e-12
0.380761523046 5.00151667767e-12
0.400801603206 5.49553312592e-12
0.420841683367 5.99368448047e-12
0.440881763527 6.49498812026e-12
0.460921843687 6.99629176005e-12
0.480961923848 7.49260908575e-12
0.501002004008 7.972920631e-12
0.521042084168 8.45323217625e-12
0.541082164329 8.93354372149e-12
0.561122244489 9.41041497266e-12
0.581162324649 9.88693616496e-12
0.60120240481 1.03634573573e-11
0.62124248497 1.08329768421e-11
0.64128256513 1.12973792508e-11
0.661322645291 1.17617816595e-11
0.681362725451 1.2209276114e-11
0.701402805611 1.26054651073e-11
0.721442885772 1.30016541006e-11
0.741482965932 1.33978430938e-11
0.761523046092 1.37750830757e-11
0.781563126253 1.41506300013e-11
0.801603206413 1.45261769269e-11
0.821643286573 1.48420083897e-11
0.841683366733 1.51160143166e-11
0.861723446894 1.53900202435e-11
0.881763527054 1.56299901969e-11
0.901803607214 1.57721779602e-11
0.921843687375 1.59143657235e-11
0.941883767535 1.60565534868e-11
0.961923847695 1.61422775744e-11
0.981963927856 1.62236415587e-11
1.00200400802 1.6305005543e-11
1.02204408818 1.64133224041e-11
1.04208416834 1.65397258797e-11
1.0621242485 1.66661293553e-11
1.08216432866 1.67855931033e-11
1.10220440882 1.68861540943e-11
1.12224448898 1.69867150852e-11
1.14228456914 1.70872760761e-11
1.1623246493 1.71127767112e-11
1.18236472946 1.71333715273e-11
1.20240480962 1.71539663434e-11
1.22244488978 1.71686815735e-11
1.24248496994 1.7179618141e-11
1.2625250501 1.71905547085e-11
1.28256513026 1.72055830487e-11
1.30260521042 1.72311920416e-11
1.32264529058 1.72568010346e-11
1.34268537074 1.72824100276e-11
1.3627254509 1.73373725782e-11
1.38276553106 1.73939130409e-11
1.40280561122 1.74504535037e-11
1.42284569138 1.74842543576e-11
1.44288577154 1.75040646352e-11
1.4629258517 1.75238749129e-11
1.48296593186 1.75469512801e-11
1.50300601202 1.75780546795e-11
1.52304609218 1.7609158079e-11
1.54308617234 1.76402614784e-11
1.56312625251 1.76307646994e-11
1.58316633267 1.76195463719e-11
1.60320641283 1.76083280444e-11
1.62324649299 1.75979068478e-11
1.64328657315 1.75879549449e-11
1.66332665331 1.7578003042e-11
1.68336673347 1.7578121375e-11
1.70340681363 1.76017877981e-11
1.72344689379 1.76254542212e-11
1.74348697395 1.76491206442e-11
1.76352705411 1.75669884772e-11
1.78356713427 1.74815457038e-11
1.80360721443 1.73961029304e-11
1.82364729459 1.73457363888e-11
1.84368737475 1.73151199567e-11
1.86372745491 1.72845035246e-11
1.88376753507 1.72850877861e-11
1.90380761523 1.73551572289e-11
1.92384769539 1.74252266717e-11
1.94388777555 1.74952961144e-11
1.96392785571 1.74412103313e-11
1.98396793587 1.73845899115e-11
2.00400801603 1.73279694917e-11
2.02404809619 1.7276472843e-11
2.04408817635 1.72277338722e-11
2.06412825651 1.71789949015e-11
2.08416833667 1.71311718559e-11
2.10420841683 1.70852932111e-11
2.12424849699 1.70394145664e-11
2.14428857715 1.69935359217e-11
2.16432865731 1.69386333258e-11
2.18436873747 1.6883642606e-11
2.20440881764 1.68286518861e-11
2.2244488978 1.67462061843e-11
2.24448897796 1.66496447662e-11
2.26452905812 1.65530833481e-11
2.28456913828 1.64522242808e-11
2.30460921844 1.63426614532e-11
2.3246492986 1.62330986256e-11
2.34468937876 1.6123569431e-11
2.36472945892 1.60646282986e-11
2.38476953908 1.60056871661e-11
2.40480961924 1.59467460336e-11
2.4248496994 1.5882320036e-11
2.44488977956 1.5815202011e-11
2.46492985972 1.5748083986e-11
2.48496993988 1.56550011406e-11
2.50501002004 1.55117149468e-11
2.5250501002 1.5368428753e-11
2.54509018036 1.52263175083e-11
2.56513026052 1.51898457112e-11
2.58517034068 1.51533739142e-11
2.60521042084 1.51169021171e-11
2.625250501 1.50227085619e-11
2.64529058116 1.49014903806e-11
2.66533066132 1.47802721993e-11
2.68537074148 1.4660902794e-11
2.70541082164 1.45449484279e-11
2.7254509018 1.44289940617e-11
2.74549098196 1.43137379789e-11
2.76553106212 1.42305124328e-11
2.78557114228 1.41472868867e-11
2.80561122244 1.40640613406e-11
2.82565130261 1.39075283259e-11
2.84569138277 1.37182824475e-11
2.86573146293 1.35290365691e-11
2.88577154309 1.33780143228e-11
2.90581162325 1.32944873491e-11
2.92585170341 1.32109603753e-11
2.94589178357 1.31258290741e-11
2.96593186373 1.29916459618e-11
2.98597194389 1.28574628495e-11
3.00601202405 1.27232797372e-11
3.02605210421 1.25856201923e-11
3.04609218437 1.24464833639e-11
3.06613226453 1.23073465355e-11
3.08617234469 1.21728901185e-11
3.10621242485 1.20463386065e-11
3.12625250501 1.19197870945e-11
3.14629258517 1.17940294327e-11
3.16633266533 1.16863762134e-11
3.18637274549 1.1578722994e-11
3.20641282565 1.14710697746e-11
3.22645290581 1.13275059195e-11
3.24649298597 1.11694247918e-11
3.26653306613 1.10113436642e-11
3.28657314629 1.08448364445e-11
3.30661322645 1.06647107645e-11
3.32665330661 1.04845850845e-11
3.34669338677 1.03074144662e-11
3.36673346693 1.01837456226e-11
3.38677354709 1.00600767791e-11
3.40681362725 9.93640793549e-12
3.42685370741 9.80323160441e-12
3.44689378758 9.66640276711e-12
3.46693386774 9.52957392981e-12
3.4869739479 9.39596759432e-12
3.50701402806 9.26734757992e-12
3.52705410822 9.13872756552e-12
3.54709418838 9.0087268438e-12
3.56713426854 8.85807806579e-12
3.5871743487 8.70742928778e-12
3.60721442886 8.55678050977e-12
3.62725450902 8.41561054759e-12
3.64729458918 8.27789702348e-12
3.66733466934 8.14018349937e-12
3.6873747495 8.00850432039e-12
3.70741482966 7.88576803104e-12
3.72745490982 7.76303174168e-12
3.74749498998 7.6407874739e-12
3.76753507014 7.52479000695e-12
3.7875751503 7.40879254e-12
3.80761523046 7.29279507304e-12
3.82765531062 7.1559848309e-12
3.84769539078 7.01198025877e-12
3.86773547094 6.86797568664e-12
3.8877755511 6.73422140872e-12
3.90781563126 6.61502173675e-12
3.92785571142 6.49582206478e-12
3.94789579158 6.37770081347e-12
3.96793587174 6.27143983422e-12
3.9879759519 6.16517885498e-12
4.00801603206 6.05891787573e-12
4.02805611222 5.93959846314e-12
4.04809619238 5.81600620226e-12
4.06813627255 5.69241394139e-12
4.08817635271 5.57901631642e-12
4.10821643287 5.47949229336e-12
4.12825651303 5.3799682703e-12
4.14829659319 5.27997512221e-12
4.16833667335 5.17544357425e-12
4.18837675351 5.07091202629e-12
4.20841683367 4.96638047834e-12
4.22845691383 4.87085028563e-12
4.24849699399 4.77810376534e-12
4.26853707415 4.68535724505e-12
4.28857715431 4.58981883012e-12
4.30861723447 4.49063800432e-12
4.32865731463 4.39145717852e-12
4.34869739479 4.29360117196e-12
4.36873747495 4.20715660122e-12
4.38877755511 4.12071203048e-12
4.40881763527 4.03426745974e-12
4.42885771543 3.9551763425e-12
4.44889779559 3.87823074548e-12
4.46893787575 3.80128514845e-12
4.48897795591 3.72354536706e-12
4.50901803607 3.64481204574e-12
4.52905811623 3.56607872442e-12
4.54909819639 3.48781570702e-12
4.56913827655 3.41319505032e-12
4.58917835671 3.33857439362e-12
4.60921843687 3.26395373691e-12
4.62925851703 3.1903196394e-12
4.64929859719 3.11695660009e-12
4.66933867735 3.04359356078e-12
4.68937875752 2.97479860494e-12
4.70941883768 2.91148461392e-12
4.72945891784 2.8481706229e-12
4.749498998 2.7840915072e-12
4.76953907816 2.71464132811e-12
4.78957915832 2.64519114903e-12
4.80961923848 2.57574096994e-12
4.82965931864 2.51377490675e-12
4.8496993988 2.45374105048e-12
4.86973947896 2.3937071942e-12
4.88977955912 2.33520786762e-12
4.90981963928 2.27847468401e-12
4.92985971944 2.2217415004e-12
4.9498997996 2.16588425146e-12
4.96993987976 2.11563822025e-12
4.98997995992 2.06539218903e-12
5.01002004008 2.01623093456e-12
5.03006012024 1.96807629981e-12
5.0501002004 1.91992166505e-12
5.07014028056 1.87470832553e-12
5.09018036072 1.82955562355e-12
5.11022044088 1.78440292157e-12
5.13026052104 1.73925021959e-12
5.1503006012 1.69409751761e-12
5.17034068136 1.65263302566e-12
5.19038076152 1.61140645116e-12
5.21042084168 1.57017987665e-12
5.23046092184 1.52895330214e-12
5.250501002 1.48772672764e-12
5.27054108216 1.45078684921e-12
5.29058116232 1.4143285552e-12
5.31062124248 1.37787026119e-12
5.33066132265 1.34141196717e-12
5.35070140281 1.30495367316e-12
5.37074148297 1.2696929441e-12
5.39078156313 1.23462943238e-12
5.41082164329 1.19956592066e-12
5.43086172345 1.16450240894e-12
5.45090180361 1.12943889722e-12
5.47094188377 1.09824900701e-12
5.49098196393 1.06791979033e-12
5.51102204409 1.03759057366e-12
5.53106212425 1.00726135698e-12
5.55110220441 9.76932140306e-13
5.57114228457 9.48039750247e-13
5.59118236473 9.19557934757e-13
5.61122244489 8.91076119266e-13
5.63126252505 8.62594303776e-13
5.65130260521 8.34112488285e-13
5.67134268537 8.08291750942e-13
5.69138276553 7.83418878733e-13
5.71142284569 7.58546006524e-13
5.73146292585 7.33673134315e-13
5.75150300601 7.08800262106e-13
5.77154308617 6.84907978715e-13
5.79158316633 6.61442062709e-13
5.81162324649 6.37976146702e-13
5.83166332665 6.14510230696e-13
5.85170340681 5.9104431469e-13
5.87174348697 5.68797667148e-13
5.89178356713 5.47188810762e-13
5.91182364729 5.25579954376e-13
5.93186372745 5.0397109799e-13
5.95190380762 4.82362241605e-13
5.97194388778 4.63043100109e-13
5.99198396794 4.45150350542e-13
6.0120240481 4.27257600974e-13
6.03206412826 4.09364851407e-13
6.05210420842 3.91472101839e-13
6.07214428858 3.74544989598e-13
6.09218436874 3.58329390789e-13
6.1122244489 3.4211379198e-13
6.13226452906 3.25898193171e-13
6.15230460922 3.09682594362e-13
6.17234468938 2.940366246e-13
6.19238476954 2.78885033831e-13
6.2124248497 2.63733443063e-13
6.23246492986 2.48581852294e-13
6.25250501002 2.33430261525e-13
6.27254509018 2.19497717249e-13
6.29258517034 2.06809032755e-13
6.3126252505 1.9412034826e-13
6.33266533066 1.81431663766e-13
6.35270541082 1.68742979271e-13
6.37274549098 1.56908049725e-13
6.39278557114 1.4609755114e-13
6.4128256513 1.35287052555e-13
6.43286573146 1.2447655397e-13
6.45290581162 1.13666055385e-13
6.47294589178 1.04141467147e-13
6.49298597194 9.64357977673e-14
6.5130260521 8.87301283881e-14
6.53306613226 8.10244590088e-14
6.55310621242 7.33187896296e-14
6.57314629259 6.65226861466e-14
6.59318637275 6.12508612545e-14
6.61322645291 5.59790363625e-14
6.63326653307 5.07072114704e-14
6.65330661323 4.54353865784e-14
6.67334669339 4.03469349646e-14
6.69338677355 3.56252573599e-14
6.71342685371 3.09035797552e-14
6.73346693387 2.61819021504e-14
6.75350701403 2.14602245457e-14
6.77354709419 1.72421042284e-14
6.79358717435 1.42395350539e-14
6.81362725451 1.12369658793e-14
6.83366733467 8.23439670482e-15
6.85370741483 5.23182753031e-15
6.87374749499 2.85594524586e-15
6.89378757515 2.33512055231e-15
6.91382765531 1.81429585877e-15
6.93386773547 1.29347116522e-15
6.95390781563 7.72646471677e-16
6.97394789579 3.50810838358e-16
6.99398797595 2.96652183966e-16
7.01402805611 2.42493529575e-16
7.03406813627 1.88334875184e-16
7.05410821643 1.34176220793e-16
7.07414829659 8.62863847739e-17
7.09418837675 6.86336284603e-17
7.11422845691 5.09808721468e-17
7.13426853707 3.33281158332e-17
7.15430861723 1.56753595196e-17
7.17434869739 3.31914207337e-19
7.19438877756 2.64301866554e-19
7.21442885772 1.96689525771e-19
7.23446893788 1.29077184988e-19
7.25450901804 6.14648442055e-20
7.2745490982 0.0
7.29458917836 0.0
7.31462925852 0.0
7.33466933868 0.0
7.35470941884 0.0
7.374749499 0.0
7.39478957916 0.0
7.41482965932 0.0
7.43486973948 0.0
7.45490981964 0.0
7.4749498998 0.0
7.49498997996 0.0
7.51503006012 0.0
7.53507014028 0.0
7.55511022044 0.0
7.5751503006 0.0
7.59519038076 0.0
7.61523046092 0.0
7.63527054108 0.0
7.65531062124 0.0
7.6753507014 0.0
7.69539078156 0.0
7.71543086172 0.0
7.73547094188 0.0
7.75551102204 0.0
7.7755511022 0.0
7.79559118236 0.0
7.81563126253 0.0
7.83567134269 0.0
7.85571142285 0.0
7.87575150301 0.0
7.89579158317 0.0
7.91583166333 0.0
7.93587174349 0.0
7.95591182365 0.0
7.97595190381 0.0
7.99599198397 0.0
8.01603206413 0.0
8.03607214429 0.0
8.05611222445 0.0
8.07615230461 0.0
8.09619238477 0.0
8.11623246493 0.0
8.13627254509 0.0
8.15631262525 0.0
8.17635270541 0.0
8.19639278557 0.0
8.21643286573 0.0
8.23647294589 0.0
8.25651302605 0.0
8.27655310621 0.0
8.29659318637 0.0
8.31663326653 0.0
8.33667334669 0.0
8.35671342685 0.0
8.37675350701 0.0
8.39679358717 0.0
8.41683366733 0.0
8.43687374749 0.0
8.45691382766 0.0
8.47695390782 0.0
8.49699398798 0.0
8.51703406814 0.0
8.5370741483 0.0
8.55711422846 0.0
8.57715430862 0.0
8.59719438878 0.0
8.61723446894 0.0
8.6372745491 0.0
8.65731462926 0.0
8.67735470942 0.0
8.69739478958 0.0
8.71743486974 0.0
8.7374749499 0.0
8.75751503006 0.0
8.77755511022 0.0
8.79759519038 0.0
8.81763527054 0.0
8.8376753507 0.0
8.85771543086 0.0
8.87775551102 0.0
8.89779559118 0.0
8.91783567134 0.0
8.9378757515 0.0
8.95791583166 0.0
8.97795591182 0.0
8.99799599198 0.0
9.01803607214 0.0
9.0380761523 0.0
9.05811623246 0.0
9.07815631263 0.0
9.09819639279 0.0
9.11823647295 0.0
9.13827655311 0.0
9.15831663327 0.0
9.17835671343 0.0
9.19839679359 0.0
9.21843687375 0.0
9.23847695391 0.0
9.25851703407 0.0
9.27855711423 0.0
9.29859719439 0.0
9.31863727455 0.0
9.33867735471 0.0
9.35871743487 0.0
9.37875751503 0.0
9.39879759519 0.0
9.41883767535 0.0
9.43887775551 0.0
9.45891783567 0.0
9.47895791583 0.0
9.49899799599 0.0
9.51903807615 0.0
9.53907815631 0.0
9.55911823647 0.0
9.57915831663 0.0
9.59919839679 0.0
9.61923847695 0.0
9.63927855711 0.0
9.65931863727 0.0
9.67935871743 0.0
9.6993987976 0.0
9.71943887776 0.0
9.73947895792 0.0
9.75951903808 0.0
9.77955911824 0.0
9.7995991984 0.0
9.81963927856 0.0
9.83967935872 0.0
9.85971943888 0.0
9.87975951904 0.0
9.8997995992 0.0
9.91983967936 0.0
9.93987975952 0.0
9.95991983968 0.0
9.97995991984 0.0
10.0 0.0
