0.0 0.0
0.0200400801603 0.0
0.0400801603206 2.26633073813e-10
0.060120240481 3.22467727607e-10
0.0801603206413 3.63975059061e-10
0.100200400802 3.69304379385e-10
0.120240480962 3.56293166299e-10
0.140280561122 3.55697495516e-10
0.160320641283 3.68706089635e-10
0.180360721443 3.83852111049e-10
0.200400801603 4.05697530874e-10
0.220440881764 4.44952998913e-10
0.240480961924 4.69104991814e-10
0.260521042084 4.68058625569e-10
0.280561122244 4.79694696646e-10
0.300601202405 4.91389281417e-10
0.320641282565 5.0177661905e-10
0.340681362725 5.11668463585e-10
0.360721442886 5.2152997884e-10
0.380761523046 5.31190043922e-10
0.400801603206 5.40683892487e-10
0.420841683367 5.50182443628e-10
0.440881763527 5.59004097818e-10
0.460921843687 5.63944306472e-10
0.480961923848 5.68902023085e-10
0.501002004008 5.73877728409e-10
0.521042084168 5.75557190705e-10
0.541082164329 5.76420015834e-10
0.561122244489 5.77296694699e-10
0.581162324649 5.76757434315e-10
0.60120240481 5.74645920445e-10
0.62124248497 5.72544587477e-10
0.64128256513 5.70404700634e-10
0.661322645291 5.67957299241e-10
0.681362725451 5.65523475856e-10
0.701402805611 5.6307516383e-10
0.721442885772 5.57319370226e-10
0.741482965932 5.50809646359e-10
0.761523046092 5.4430083684e-10
0.781563126253 5.37248248152e-10
0.801603206413 5.29640862783e-10
0.821643286573 5.22023874537e-10
0.841683366733 5.1411667221e-10
0.861723446894 5.04714416005e-10
0.881763527054 4.95295057694e-10
0.901803607214 4.85835192113e-10
0.921843687375 4.75699995084e-10
0.941883767535 4.65441436923e-10
0.961923847695 4.5516826517e-10
0.981963927856 4.44470661651e-10
1.00200400802 4.33340640253e-10
1.02204408818 4.22220080254e-10
1.04208416834 4.10871676637e-10
1.0621242485 3.98387696648e-10
1.08216432866 3.85904434764e-10
1.10220440882 3.73423118236e-10
1.12224448898 3.61205324977e-10
1.14228456914 3.49026791116e-10
1.1623246493 3.36816122254e-10
1.18236472946 3.24646477433e-10
1.20240480962 3.1251715528e-10
1.22244488978 3.00389940207e-10
1.24248496994 2.88205647817e-10
1.2625250501 2.75759500623e-10
1.28256513026 2.6331553859e-10
1.30260521042 2.50879818794e-10
1.32264529058 2.39277259393e-10
1.34268537074 2.27819582439e-10
1.3627254509 2.1637185851e-10
1.38276553106 2.05277537673e-10
1.40280561122 1.94500361659e-10
1.42284569138 1.83715902952e-10
1.44288577154 1.73219651014e-10
1.4629258517 1.63926704129e-10
1.48296593186 1.54635308392e-10
1.50300601202 1.45346667622e-10
1.52304609218 1.37295283963e-10
1.54308617234 1.29443100372e-10
1.56312625251 1.21577636807e-10
1.58316633267 1.14099463564e-10
1.60320641283 1.06955654525e-10
1.62324649299 9.9812182025e-11
1.64328657315 9.29214138111e-11
1.66332665331 8.70272849181e-11
1.68336673347 8.11367819934e-11
1.70340681363 7.52547306422e-11
1.72344689379 7.05520468998e-11
1.74348697395 6.60175402244e-11
1.76352705411 6.14482862861e-11
1.78356713427 5.73161544753e-11
1.80360721443 5.35514962498e-11
1.82364729459 4.97985021166e-11
1.84368737475 4.62306256552e-11
1.86372745491 4.33162901626e-11
1.88376753507 4.0412512326e-11
1.90380761523 3.75322443335e-11
1.92384769539 3.52647654009e-11
1.94388777555 3.30765948126e-11
1.96392785571 3.0847576032e-11
1.98396793587 2.88521648306e-11
2.00400801603 2.70473283264e-11
2.02404809619 2.52442424284e-11
2.04408817635 2.35384095737e-11
2.06412825651 2.21589754685e-11
2.08416833667 2.07800011383e-11
2.10420841683 1.94022447077e-11
2.12424849699 1.83421715931e-11
2.14428857715 1.73188583603e-11
2.16432865731 1.62926156764e-11
2.18436873747 1.54005476558e-11
2.20440881764 1.46116935563e-11
2.2244488978 1.3813829823e-11
2.24448897796 1.30505590552e-11
2.26452905812 1.24135698435e-11
2.28456913828 1.1775252157e-11
2.30460921844 1.11347374934e-11
2.3246492986 1.06367147465e-11
2.34468937876 1.01446326434e-11
2.36472945892 9.6693756951e-12
2.38476953908 9.26447939545e-12
2.40480961924 8.91064226422e-12
2.4248496994 8.55513093413e-12
2.44488977956 8.22026664172e-12
2.46492985972 7.94879601856e-12
2.48496993988 7.66888508687e-12
2.50501002004 7.37260602595e-12
2.5250501002 7.13469677372e-12
2.54509018036 6.90268708445e-12
2.56513026052 6.70559352598e-12
2.58517034068 6.53279952932e-12
2.60521042084 6.37661888492e-12
2.625250501 6.20150080644e-12
2.64529058116 6.02933554729e-12
2.66533066132 5.8882576282e-12
2.68537074148 5.7478654368e-12
2.70541082164 5.60867704551e-12
2.7254509018 5.49517007578e-12
2.74549098196 5.38136300013e-12
2.76553106212 5.28132692154e-12
2.78557114228 5.19206088184e-12
2.80561122244 5.1102694823e-12
2.82565130261 5.00474601946e-12
2.84569138277 4.89249391704e-12
2.86573146293 4.79078468819e-12
2.88577154309 4.70201016558e-12
2.90581162325 4.63579189877e-12
2.92585170341 4.5779290348e-12
2.94589178357 4.52036810063e-12
2.96593186373 4.44688494267e-12
2.98597194389 4.38111740133e-12
3.00601202405 4.32045728935e-12
3.02605210421 4.2588444034e-12
3.04609218437 4.2014090021e-12
3.06613226453 4.14398908867e-12
3.08617234469 4.08964864959e-12
3.10621242485 4.03923385536e-12
3.12625250501 3.98995409268e-12
3.14629258517 3.94191247201e-12
3.16633266533 3.90067862194e-12
3.18637274549 3.8601693487e-12
3.20641282565 3.82028508558e-12
3.22645290581 3.76910483241e-12
3.24649298597 3.71360636318e-12
3.26653306613 3.65851157569e-12
3.28657314629 3.60098943004e-12
3.30661322645 3.53928227538e-12
3.32665330661 3.47783875435e-12
3.34669338677 3.41759856143e-12
3.36673346693 3.37519171528e-12
3.38677354709 3.33295934685e-12
3.40681362725 3.29087954028e-12
3.42685370741 3.24579983773e-12
3.44689378758 3.19963361248e-12
3.46693386774 3.15357053768e-12
3.4869739479 3.10866045679e-12
3.50701402806 3.06547407864e-12
3.52705410822 3.02235875657e-12
3.54709418838 2.97885140895e-12
3.56713426854 2.92859479661e-12
3.5871743487 2.87838814849e-12
3.60721442886 2.82822614513e-12
3.62725450902 2.78122822087e-12
3.64729458918 2.73540540199e-12
3.66733466934 2.68961491062e-12
3.6873747495 2.64584243247e-12
3.70741482966 2.60504380501e-12
3.72745490982 2.56426911808e-12
3.74749498998 2.52367836156e-12
3.76753507014 2.48516630381e-12
3.7875751503 2.44667236919e-12
3.80761523046 2.40819502918e-12
3.82765531062 2.36287331057e-12
3.84769539078 2.31519444516e-12
3.86773547094 2.26752848905e-12
3.8877755511 2.22325281272e-12
3.90781563126 2.18378516867e-12
3.92785571142 2.14432775207e-12
3.94789579158 2.10523526681e-12
3.96793587174 2.07006060263e-12
3.9879759519 2.03489417269e-12
4.00801603206 1.99973542749e-12
4.02805611222 1.9602799826e-12
4.04809619238 1.91942298725e-12
4.06813627255 1.87857229171e-12
4.08817635271 1.8410875208e-12
4.10821643287 1.80818085359e-12
4.12825651303 1.7752794088e-12
4.14829659319 1.74222826329e-12
4.16833667335 1.70768595594e-12
4.18837675351 1.67314801858e-12
4.20841683367 1.63861420661e-12
4.22845691383 1.60705101665e-12
4.24849699399 1.57640897262e-12
4.26853707415 1.54577041571e-12
4.28857715431 1.51421499004e-12
4.30861723447 1.48146220354e-12
4.32865731463 1.44871238275e-12
4.34869739479 1.41640201751e-12
4.36873747495 1.38785537629e-12
4.38877755511 1.35931127025e-12
4.40881763527 1.33076957266e-12
4.42885771543 1.30465376244e-12
4.44889779559 1.27924726303e-12
4.46893787575 1.25384283395e-12
4.48897795591 1.22817862258e-12
4.50901803607 1.20218882932e-12
4.52905811623 1.17620082185e-12
4.54909819639 1.15036952123e-12
4.56913827655 1.12574031403e-12
4.58917835671 1.10111265169e-12
4.60921843687 1.07648646219e-12
4.62925851703 1.05218683374e-12
4.64929859719 1.02797788216e-12
4.66933867735 1.00377020883e-12
4.68937875752 9.81069333578e-13
4.70941883768 9.60176074203e-13
4.72945891784 9.39283926475e-13
4.749498998 9.18140665562e-13
4.76953907816 8.95228188998e-13
4.78957915832 8.72316680889e-13
4.80961923848 8.49406098049e-13
4.82965931864 8.28963062226e-13
4.8496993988 8.09157700537e-13
4.86973947896 7.89353146544e-13
4.88977955912 7.70055124822e-13
4.90981963928 7.51339938083e-13
4.92985971944 7.32625457304e-13
4.9498997996 7.14200347837e-13
4.96993987976 6.97625265222e-13
4.98997995992 6.81050800337e-13
5.01002004008 6.64834454094e-13
5.03006012024 6.48950441464e-13
5.0501002004 6.3306696989e-13
5.07014028056 6.18153427018e-13
5.09018036072 6.03260365002e-13
5.11022044088 5.88367777295e-13
5.13026052104 5.7347564361e-13
5.1503006012 5.58583944563e-13
5.17034068136 5.44908245522e-13
5.19038076152 5.31311359243e-13
5.21042084168 5.17714854447e-13
5.23046092184 5.04118714956e-13
5.250501002 4.90522925297e-13
5.27054108216 4.78340307434e-13
5.29058116232 4.66316734134e-13
5.31062124248 4.5429346819e-13
5.33066132265 4.42270496656e-13
5.35070140281 4.30247807145e-13
5.37074148297 4.18620088938e-13
5.39078156313 4.07057629717e-13
5.41082164329 3.95495418478e-13
5.43086172345 3.83933444836e-13
5.45090180361 3.72371698848e-13
5.47094188377 3.62086863994e-13
5.49098196393 3.52085904469e-13
5.51102204409 3.42085145254e-13
5.53106212425 3.32084578e-13
5.55110220441 3.22084194713e-13
5.57114228457 3.12557546259e-13
5.59118236473 3.03166386581e-13
5.61122244489 2.93775388863e-13
5.63126252505 2.8438454638e-13
5.65130260521 2.74993852692e-13
5.67134268537 2.66480356813e-13
5.69138276553 2.58279401115e-13
5.71142284569 2.50078576473e-13
5.73146292585 2.41877877464e-13
5.75150300601 2.33677298892e-13
5.77154308617 2.25800024525e-13
5.79158316633 2.18063385743e-13
5.81162324649 2.10326853082e-13
5.83166332665 2.02590422163e-13
5.85170340681 1.9485408879e-13
5.87174348697 1.87519703254e-13
5.89178356713 1.80395614684e-13
5.91182364729 1.73271612094e-13
5.93186372745 1.66147691943e-13
5.95190380762 1.5902385084e-13
5.97194388778 1.52654744436e-13
5.99198396794 1.46755830103e-13
6.0120240481 1.40856985463e-13
6.03206412826 1.34958207654e-13
6.05210420842 1.29059493932e-13
6.07214428858 1.23479102603e-13
6.09218436874 1.18133275364e-13
6.1122244489 1.12787504642e-13
6.13226452906 1.0744178812e-13
6.15230460922 1.02096123576e-13
6.17234468938 9.69382508717e-14
6.19238476954 9.19433665694e-14
6.2124248497 8.6948528116e-14
6.23246492986 8.19537336346e-14
6.25250501002 7.69589813256e-14
6.27254509018 7.23660506162e-14
6.29258517034 6.81831179747e-14
6.3126252505 6.40002225395e-14
6.33266533066 5.98173627898e-14
6.35270541082 5.56345372672e-14
6.37274549098 5.17331305986e-14
6.39278557114 4.81693939366e-14
6.4128256513 4.46056874766e-14
6.43286573146 4.10420099854e-14
6.45290581162 3.74783602808e-14
6.47294589178 3.43385557984e-14
6.49298597194 3.17982678117e-14
6.5130260521 2.92580043475e-14
6.53306613226 2.6717764406e-14
6.55310621242 2.41775470282e-14
6.57314629259 2.19371318494e-14
6.59318637275 2.01991189355e-14
6.61322645291 1.84611259378e-14
6.63326653307 1.6723152045e-14
6.65330661323 1.49851964792e-14
6.67334669339 1.33076958339e-14
6.69338677355 1.17510957813e-14
6.71342685371 1.01945119074e-14
6.73346693387 8.63794355388e-15
6.75350701403 7.08139008942e-15
6.77354709419 5.6908165451e-15
6.79358717435 4.70088583614e-15
6.81362725451 3.71096827267e-15
6.83366733467 2.72106332033e-15
6.85370741483 1.73117046657e-15
6.87374749499 9.4783669973e-16
6.89378757515 7.75915833077e-16
6.91382765531 6.04005649541e-16
6.93386773547 4.32105715266e-16
6.95390781563 2.60215614095e-16
6.97394789579 1.20960395455e-16
6.99398797595 1.02895561964e-16
7.01402805611 8.48394121705e-17
7.03406813627 6.67915937414e-17
7.05410821643 4.87517686974e-17
7.07414829659 3.27857301472e-17
7.09418837675 2.67927802023e-17
7.11422845691 2.08068900865e-17
7.13426853707 1.48277736058e-17
7.15430861723 8.85515621564e-18
7.17434869739 3.64989205893e-18
7.19438877756 3.48531785894e-18
7.21442885772 3.32648434837e-18
7.23446893788 3.17315901005e-18
7.25450901804 3.02511878268e-18
7.2745490982 2.88417580588e-18
7.29458917836 2.76835663307e-18
7.31462925852 2.65720633888e-18
7.33466933868 2.55053597855e-18
7.35470941884 2.44816428424e-18
7.374749499 2.3499173518e-18
7.39478957916 2.25562834033e-18
7.41482965932 2.16513718415e-18
7.43486973948 2.07829031654e-18
7.45490981964 1.99494040471e-18
7.4749498998 1.91494609578e-18
7.49498997996 1.83817177303e-18
7.51503006012 1.76448732217e-18
7.53507014028 1.69376790721e-18
7.55511022044 1.62589375547e-18
7.5751503006 1.56074995135e-18
7.59519038076 1.4982262386e-18
7.61523046092 1.43821683067e-18
7.63527054108 1.38062022873e-18
7.65531062124 1.32533904724e-18
7.6753507014 1.27227984657e-18
7.69539078156 1.22135297249e-18
7.71543086172 1.17247240222e-18
7.73547094188 1.12555559676e-18
7.75551102204 1.08052335921e-18
7.7755511022 1.03729969897e-18
7.79559118236 9.95811701391e-19
7.81563126253 9.55989402784e-19
7.83567134269 9.17765670528e-19
7.85571142285 8.81076088066e-19
7.87575150301 8.45858844586e-19
7.89579158317 8.1205462921e-19
7.91583166333 7.79606529491e-19
7.93587174349 7.48459934048e-19
7.95591182365 7.1856243917e-19
7.97595190381 6.89863759229e-19
7.99599198397 6.62315640733e-19
8.01603206413 6.35871779896e-19
8.03607214429 6.10487743547e-19
8.05611222445 5.86120893276e-19
8.07615230461 5.62730312654e-19
8.09619238477 5.40276737426e-19
8.11623246493 5.18722488544e-19
8.13627254509 4.98031407915e-19
8.15631262525 4.78168796776e-19
8.17635270541 4.59101356568e-19
8.19639278557 4.40797132219e-19
8.21643286573 4.23225457728e-19
8.23647294589 4.06356903968e-19
8.25651302605 3.90163228603e-19
8.27655310621 3.74617328051e-19
8.29659318637 3.59693191388e-19
8.31663326653 3.45365856132e-19
8.33667334669 3.31611365821e-19
8.35671342685 3.18406729315e-19
8.37675350701 3.05729881749e-19
8.39679358717 2.93559647071e-19
8.41683366733 2.81875702107e-19
8.43687374749 2.70658542074e-19
8.45691382766 2.59889447501e-19
8.47695390782 2.49550452494e-19
8.49699398798 2.39624314274e-19
8.51703406814 2.30094483972e-19
8.5370741483 2.20945078589e-19
8.55711422846 2.12160854107e-19
8.57715430862 2.0372717968e-19
8.59719438878 1.95630012879e-19
8.61723446894 1.87855875936e-19
8.6372745491 1.80391832952e-19
8.65731462926 1.73225468027e-19
8.67735470942 1.6634486428e-19
8.69739478958 1.59738583713e-19
8.71743486974 1.53395647895e-19
8.7374749499 1.47305519427e-19
8.75751503006 1.41458084158e-19
8.77755511022 1.35843634117e-19
8.79759519038 1.30452851141e-19
8.81763527054 1.25276791163e-19
8.8376753507 1.20306869135e-19
8.85771543086 1.15534844562e-19
8.87775551102 1.10952807624e-19
8.89779559118 1.0655316585e-19
8.91783567134 1.02328631344e-19
8.9378757515 9.82722085149e-20
8.95791583166 9.43771823106e-20
8.97795591182 9.06371069248e-20
8.99799599198 8.70457949594e-20
9.01803607214 8.35973070261e-20
9.0380761523 8.02859417675e-20
9.05811623246 7.71062262811e-20
9.07815631263 7.40529069304e-20
9.09819639279 7.11209405266e-20
9.11823647295 6.83054858665e-20
9.13827655311 6.56018956122e-20
9.15831663327 6.30057084979e-20
9.17835671343 6.05126418514e-20
9.19839679359 5.81185844179e-20
9.21843687375 5.58195894723e-20
9.23847695391 5.36118682102e-20
9.25851703407 5.14917834043e-20
9.27855711423 4.94558433181e-20
9.29859719439 4.75006958632e-20
9.31863727455 4.56231229937e-20
9.33867735471 4.38200353253e-20
9.35871743487 4.20884669718e-20
9.37875751503 4.04255705896e-20
9.39879759519 3.88286126215e-20
9.41883767535 3.72949687326e-20
9.43887775551 3.58221194291e-20
9.45891783567 3.44076458546e-20
9.47895791583 3.30492257545e-20
9.49899799599 3.17446296037e-20
9.51903807615 3.04917168898e-20
9.53907815631 2.92884325456e-20
9.55911823647 2.81328035255e-20
9.57915831663 2.70229355194e-20
9.59919839679 2.59570097988e-20
9.61923847695 2.49332801897e-20
9.63927855711 2.39500701675e-20
9.65931863727 2.30057700677e-20
9.67935871743 2.20988344103e-20
9.6993987976 2.122777933e-20
9.71943887776 2.03911801109e-20
9.73947895792 1.95876688198e-20
9.75951903808 1.88159320342e-20
9.77955911824 1.80747086624e-20
9.7995991984 1.73627878502e-20
9.81963927856 1.6679006972e-20
9.83967935872 1.60222497031e-20
9.85971943888 1.53914441684e-20
9.87975951904 1.47855611658e-20
9.8997995992 1.42036124614e-20
9.91983967936 1.36446491518e-20
9.93987975952 1.31077600938e-20
9.95991983968 1.25920703955e-20
9.97995991984 1.20967399687e-20
10.0 1.16209621394e-20
