0.0 0.0
0.0200400801603 0.0
0.0400801603206 0.0
0.060120240481 0.0
0.0801603206413 0.0
0.100200400802 0.0
0.120240480962 0.0
0.140280561122 0.0
0.160320641283 0.0
0.180360721443 0.0
0.200400801603 0.0
0.220440881764 0.0
0.240480961924 0.0
0.260521042084 0.0
0.280561122244 0.0
0.300601202405 0.0
0.320641282565 0.0
0.340681362725 0.0
0.360721442886 0.0
0.380761523046 2.00882711214e-12
0.400801603206 2.20724565176e-12
0.420841683367 2.40732495e-12
0.440881763527 2.60867034339e-12
0.460921843687 2.81001573678e-12
0.480961923848 3.00935840909e-12
0.501002004008 3.20227246227e-12
0.521042084168 3.39518651546e-12
0.541082164329 3.58810056864e-12
0.561122244489 3.77963284976e-12
0.581162324649 3.97102453199e-12
0.60120240481 4.16241621421e-12
0.62124248497 4.35099570551e-12
0.64128256513 4.53751995599e-12
0.661322645291 4.72404420647e-12
0.681362725451 4.90377748553e-12
0.701402805611 5.06290425497e-12
0.721442885772 5.22203102441e-12
0.741482965932 5.38115779385e-12
0.761523046092 5.53267381432e-12
0.781563126253 5.6835098296e-12
0.801603206413 5.83434584488e-12
0.821643286573 5.96119752735e-12
0.841683366733 6.0712502514e-12
0.861723446894 6.18130297546e-12
0.881763527054 6.27768536894e-12
0.901803607214 6.33479417261e-12
0.921843687375 6.39190297628e-12
0.941883767535 6.44901177995e-12
0.961923847695 6.48344231021e-12
0.981963927856 6.51612163292e-12
1.00200400802 6.54880095564e-12
1.02204408818 6.59230572855e-12
1.04208416834 6.64307487423e-12
1.0621242485 6.69384401991e-12
1.08216432866 6.74182586852e-12
1.10220440882 6.78221554589e-12
1.12224448898 6.82260522326e-12
1.14228456914 6.86299490063e-12
1.1623246493 6.87323706726e-12
1.18236472946 6.88150884312e-12
1.20240480962 6.88978061898e-12
1.22244488978 6.89569089684e-12
1.24248496994 6.90008349907e-12
1.2625250501 6.9044761013e-12
1.28256513026 6.91051213778e-12
1.30260521042 6.92079782564e-12
1.32264529058 6.9310835135e-12
1.34268537074 6.94136920136e-12
1.3627254509 6.96344455748e-12
1.38276553106 6.9861536719e-12
1.40280561122 7.00886278633e-12
1.42284569138 7.02243868262e-12
1.44288577154 7.03039535365e-12
1.4629258517 7.03835202468e-12
1.48296593186 7.04762049963e-12
1.50300601202 7.06011298064e-12
1.52304609218 7.07260546164e-12
1.54308617234 7.08509794265e-12
1.56312625251 7.08128362222e-12
1.58316633267 7.07677785289e-12
1.60320641283 7.07227208356e-12
1.62324649299 7.06808647677e-12
1.64328657315 7.06408935877e-12
1.66332665331 7.06009224078e-12
1.68336673347 7.06013976846e-12
1.70340681363 7.06964523558e-12
1.72344689379 7.0791507027e-12
1.74348697395 7.08865616981e-12
1.76352705411 7.05566831141e-12
1.78356713427 7.02135076919e-12
1.80360721443 6.98703322697e-12
1.82364729459 6.96680382843e-12
1.84368737475 6.95450693473e-12
1.86372745491 6.94221004103e-12
1.88376753507 6.94244470592e-12
1.90380761523 6.97058764844e-12
1.92384769539 6.99873059096e-12
1.94388777555 7.02687353349e-12
1.96392785571 7.0051503254e-12
1.98396793587 6.98240909674e-12
2.00400801603 6.95966786808e-12
2.02404809619 6.93898456924e-12
2.04408817635 6.91940887407e-12
2.06412825651 6.8998331789e-12
2.08416833667 6.8806253592e-12
2.10420841683 6.86219849564e-12
2.12424849699 6.84377163208e-12
2.14428857715 6.82534476852e-12
2.16432865731 6.80329349282e-12
2.18436873747 6.78120682271e-12
2.20440881764 6.75912015261e-12
2.2244488978 6.72600636495e-12
2.24448897796 6.68722309038e-12
2.26452905812 6.64843981581e-12
2.28456913828 6.60793041797e-12
2.30460921844 6.56392521059e-12
2.3246492986 6.51992000322e-12
2.34468937876 6.47592830434e-12
2.36472945892 6.45225497631e-12
2.38476953908 6.42858164829e-12
2.40480961924 6.40490832026e-12
2.4248496994 6.3790320313e-12
2.44488977956 6.35207450682e-12
2.46492985972 6.32511698234e-12
2.48496993988 6.28773085417e-12
2.50501002004 6.23018087295e-12
2.5250501002 6.17263089174e-12
2.54509018036 6.11555282126e-12
2.56513026052 6.10090415777e-12
2.58517034068 6.08625549427e-12
2.60521042084 6.07160683077e-12
2.625250501 6.03377459315e-12
2.64529058116 5.98508808767e-12
2.66533066132 5.93640158219e-12
2.68537074148 5.88845762576e-12
2.70541082164 5.84188529791e-12
2.7254509018 5.79531297006e-12
2.74549098196 5.74902110323e-12
2.76553106212 5.71559409614e-12
2.78557114228 5.68216708906e-12
2.80561122244 5.64874008197e-12
2.82565130261 5.58586960005e-12
2.84569138277 5.50986020613e-12
2.86573146293 5.43385081221e-12
2.88577154309 5.37319369508e-12
2.90581162325 5.33964562151e-12
2.92585170341 5.30609754793e-12
2.94589178357 5.27190510653e-12
2.96593186373 5.21801131963e-12
2.98597194389 5.16411753273e-12
3.00601202405 5.11022374584e-12
3.02605210421 5.05493367206e-12
3.04609218437 4.99905025685e-12
3.06613226453 4.94316684165e-12
3.08617234469 4.88916328367e-12
3.10621242485 4.83833468011e-12
3.12625250501 4.78750607656e-12
3.14629258517 4.73699631786e-12
3.16633266533 4.69375809239e-12
3.18637274549 4.65051986693e-12
3.20641282565 4.60728164147e-12
3.22645290581 4.54962013935e-12
3.24649298597 4.48612786778e-12
3.26653306613 4.42263559621e-12
3.28657314629 4.35575903879e-12
3.30661322645 4.28341271409e-12
3.32665330661 4.21106638939e-12
3.34669338677 4.13990694628e-12
3.36673346693 4.09023614801e-12
3.38677354709 4.04056534975e-12
3.40681362725 3.99089455149e-12
3.42685370741 3.93740513182e-12
3.44689378758 3.88244870644e-12
3.46693386774 3.82749228106e-12
3.4869739479 3.77383015287e-12
3.50701402806 3.72217074858e-12
3.52705410822 3.6705113443e-12
3.54709418838 3.61829738777e-12
3.56713426854 3.55779027179e-12
3.5871743487 3.49728315581e-12
3.60721442886 3.43677603984e-12
3.62725450902 3.38007602948e-12
3.64729458918 3.32476427531e-12
3.66733466934 3.26945252114e-12
3.6873747495 3.21656442301e-12
3.70741482966 3.16726817918e-12
3.72745490982 3.11797193534e-12
3.74749498998 3.06887330881e-12
3.76753507014 3.02228366979e-12
3.7875751503 2.97569403078e-12
3.80761523046 2.92910439176e-12
3.82765531062 2.874155435e-12
3.84769539078 2.81631692172e-12
3.86773547094 2.75847840845e-12
3.8877755511 2.70475686013e-12
3.90781563126 2.656881076e-12
3.92785571142 2.60900529186e-12
3.94789579158 2.56156264847e-12
3.96793587174 2.51888360733e-12
3.9879759519 2.47620456618e-12
4.00801603206 2.43352552503e-12
4.02805611222 2.38560164784e-12
4.04809619238 2.33596160854e-12
4.06813627255 2.28632156923e-12
4.08817635271 2.24077614007e-12
4.10821643287 2.20080295419e-12
4.12825651303 2.16082976832e-12
4.14829659319 2.12066816137e-12
4.16833667335 2.07868373522e-12
4.18837675351 2.03669930907e-12
4.20841683367 1.99471488291e-12
4.22845691383 1.9563457934e-12
4.24849699399 1.91909474806e-12
4.26853707415 1.88184370272e-12
4.28857715431 1.8434713108e-12
4.30861723447 1.8036359679e-12
4.32865731463 1.763800625e-12
4.34869739479 1.72449738725e-12
4.36873747495 1.68977747956e-12
4.38877755511 1.65505757186e-12
4.40881763527 1.62033766416e-12
4.42885771543 1.58857122392e-12
4.44889779559 1.55766651812e-12
4.46893787575 1.52676181233e-12
4.48897795591 1.49553812747e-12
4.50901803607 1.46391539367e-12
4.52905811623 1.43229265987e-12
4.54909819639 1.40085882063e-12
4.56913827655 1.3708879122e-12
4.58917835671 1.34091700378e-12
4.60921843687 1.31094609536e-12
4.62925851703 1.28137143212e-12
4.64929859719 1.25190563766e-12
4.66933867735 1.2224398432e-12
4.68937875752 1.19480879019e-12
4.70941883768 1.16937913156e-12
4.72945891784 1.14394947293e-12
4.749498998 1.11821250688e-12
4.76953907816 1.09031828765e-12
4.78957915832 1.06242406842e-12
4.80961923848 1.03452984919e-12
4.82965931864 1.00964157713e-12
4.8496993988 9.85529363597e-13
4.86973947896 9.61417150064e-13
4.88977955912 9.37921270542e-13
4.90981963928 9.15134751025e-13
4.92985971944 8.92348231507e-13
4.9498997996 8.69913525535e-13
4.96993987976 8.49732529192e-13
4.98997995992 8.29551532849e-13
5.01002004008 8.09806230131e-13
5.03006012024 7.9046522977e-13
5.0501002004 7.71124229409e-13
5.07014028056 7.52964581423e-13
5.09018036072 7.34829288117e-13
5.11022044088 7.1669399481e-13
5.13026052104 6.98558701504e-13
5.1503006012 6.80423408198e-13
5.17034068136 6.63769460811e-13
5.19038076152 6.47211071437e-13
5.21042084168 6.30652682063e-13
5.23046092184 6.14094292689e-13
5.250501002 5.97535903315e-13
5.27054108216 5.82699237943e-13
5.29058116232 5.68055997863e-13
5.31062124248 5.53412757782e-13
5.33066132265 5.38769517702e-13
5.35070140281 5.24126277622e-13
5.37074148297 5.0996403183e-13
5.39078156313 4.95880997116e-13
5.41082164329 4.81797962402e-13
5.43086172345 4.67714927689e-13
5.45090180361 4.53631892975e-13
5.47094188377 4.4110467351e-13
5.49098196393 4.28923138053e-13
5.51102204409 4.16741602596e-13
5.53106212425 4.04560067139e-13
5.55110220441 3.92378531682e-13
5.57114228457 3.80774088425e-13
5.59118236473 3.69334549812e-13
5.61122244489 3.57895011198e-13
5.63126252505 3.46455472585e-13
5.65130260521 3.35015933971e-13
5.67134268537 3.24645200337e-13
5.69138276553 3.14655170658e-13
5.71142284569 3.04665140979e-13
5.73146292585 2.946751113e-13
5.75150300601 2.84685081621e-13
5.77154308617 2.75088899155e-13
5.79158316633 2.65663964415e-13
5.81162324649 2.56239029676e-13
5.83166332665 2.46814094937e-13
5.85170340681 2.37389160197e-13
5.87174348697 2.28453936821e-13
5.89178356713 2.19774878174e-13
5.91182364729 2.11095819527e-13
5.93186372745 2.02416760879e-13
5.95190380762 1.93737702232e-13
5.97194388778 1.85978292893e-13
5.99198396794 1.78791784728e-13
6.0120240481 1.71605276563e-13
6.03206412826 1.64418768398e-13
6.05210420842 1.57232260232e-13
6.07214428858 1.5043359411e-13
6.09218436874 1.43920702796e-13
6.1122244489 1.37407811481e-13
6.13226452906 1.30894920167e-13
6.15230460922 1.24382028853e-13
6.17234468938 1.18097925394e-13
6.19238476954 1.12012386089e-13
6.2124248497 1.05926846784e-13
6.23246492986 9.98413074785e-14
6.25250501002 9.37557681731e-14
6.27254509018 8.81598510772e-14
6.29258517034 8.30635222888e-14
6.3126252505 7.79671935004e-14
6.33266533066 7.2870864712e-14
6.35270541082 6.77745359236e-14
6.37274549098 6.30211123374e-14
6.39278557114 5.86791448798e-14
6.4128256513 5.43371774222e-14
6.43286573146 4.99952099646e-14
6.45290581162 4.5653242507e-14
6.47294589178 4.18277526967e-14
6.49298597194 3.87328199865e-14
6.5130260521 3.56378872764e-14
6.53306613226 3.25429545662e-14
6.55310621242 2.9448021856e-14
6.57314629259 2.67184104574e-14
6.59318637275 2.46010157837e-14
6.61322645291 2.24836211101e-14
6.63326653307 2.03662264364e-14
6.65330661323 1.82488317627e-14
6.67334669339 1.62050877908e-14
6.69338677355 1.43086562484e-14
6.71342685371 1.24122247061e-14
6.73346693387 1.05157931637e-14
6.75350701403 8.61936162133e-15
6.77354709419 6.92518063549e-15
6.79358717435 5.71921797405e-15
6.81362725451 4.51325531261e-15
6.83366733467 3.30729265117e-15
6.85370741483 2.10132998973e-15
6.87374749499 1.1470721004e-15
6.89378757515 9.37886200908e-16
6.91382765531 7.28700301412e-16
6.93386773547 5.19514401915e-16
6.95390781563 3.10328502419e-16
6.97394789579 1.40900924408e-16
6.99398797595 1.19148448047e-16
7.01402805611 9.73959716868e-17
7.03406813627 7.56434953263e-17
7.05410821643 5.38910189657e-17
7.07414829659 3.4656373319e-17
7.09418837675 2.75662569059e-17
7.11422845691 2.04761404928e-17
7.13426853707 1.33860240797e-17
7.15430861723 6.29590766661e-18
7.17434869739 1.33311213692e-19
7.19438877756 1.06155150435e-19
7.21442885772 7.89990871783e-20
7.23446893788 5.18430239213e-20
7.25450901804 2.46869606643e-20
7.2745490982 0.0
7.29458917836 0.0
7.31462925852 0.0
7.33466933868 0.0
7.35470941884 0.0
7.374749499 0.0
7.39478957916 0.0
7.41482965932 0.0
7.43486973948 0.0
7.45490981964 0.0
7.4749498998 0.0
7.49498997996 0.0
7.51503006012 0.0
7.53507014028 0.0
7.55511022044 0.0
7.5751503006 0.0
7.59519038076 0.0
7.61523046092 0.0
7.63527054108 0.0
7.65531062124 0.0
7.6753507014 0.0
7.69539078156 0.0
7.71543086172 0.0
7.73547094188 0.0
7.75551102204 0.0
7.7755511022 0.0
7.79559118236 0.0
7.81563126253 0.0
7.83567134269 0.0
7.85571142285 0.0
7.87575150301 0.0
7.89579158317 0.0
7.91583166333 0.0
7.93587174349 0.0
7.95591182365 0.0
7.97595190381 0.0
7.99599198397 0.0
8.01603206413 0.0
8.03607214429 0.0
8.05611222445 0.0
8.07615230461 0.0
8.09619238477 0.0
8.11623246493 0.0
8.13627254509 0.0
8.15631262525 0.0
8.17635270541 0.0
8.19639278557 0.0
8.21643286573 0.0
8.23647294589 0.0
8.25651302605 0.0
8.27655310621 0.0
8.29659318637 0.0
8.31663326653 0.0
8.33667334669 0.0
8.35671342685 0.0
8.37675350701 0.0
8.39679358717 0.0
8.41683366733 0.0
8.43687374749 0.0
8.45691382766 0.0
8.47695390782 0.0
8.49699398798 0.0
8.51703406814 0.0
8.5370741483 0.0
8.55711422846 0.0
8.57715430862 0.0
8.59719438878 0.0
8.61723446894 0.0
8.6372745491 0.0
8.65731462926 0.0
8.67735470942 0.0
8.69739478958 0.0
8.71743486974 0.0
8.7374749499 0.0
8.75751503006 0.0
8.77755511022 0.0
8.79759519038 0.0
8.81763527054 0.0
8.8376753507 0.0
8.85771543086 0.0
8.87775551102 0.0
8.89779559118 0.0
8.91783567134 0.0
8.9378757515 0.0
8.95791583166 0.0
8.97795591182 0.0
8.99799599198 0.0
9.01803607214 0.0
9.0380761523 0.0
9.05811623246 0.0
9.07815631263 0.0
9.09819639279 0.0
9.11823647295 0.0
9.13827655311 0.0
9.15831663327 0.0
9.17835671343 0.0
9.19839679359 0.0
9.21843687375 0.0
9.23847695391 0.0
9.25851703407 0.0
9.27855711423 0.0
9.29859719439 0.0
9.31863727455 0.0
9.33867735471 0.0
9.35871743487 0.0
9.37875751503 0.0
9.39879759519 0.0
9.41883767535 0.0
9.43887775551 0.0
9.45891783567 0.0
9.47895791583 0.0
9.49899799599 0.0
9.51903807615 0.0
9.53907815631 0.0
9.55911823647 0.0
9.57915831663 0.0
9.59919839679 0.0
9.61923847695 0.0
9.63927855711 0.0
9.65931863727 0.0
9.67935871743 0.0
9.6993987976 0.0
9.71943887776 0.0
9.73947895792 0.0
9.75951903808 0.0
9.77955911824 0.0
9.7995991984 0.0
9.81963927856 0.0
9.83967935872 0.0
9.85971943888 0.0
9.87975951904 0.0
9.8997995992 0.0
9.91983967936 0.0
9.93987975952 0.0
9.95991983968 0.0
9.97995991984 0.0
10.0 0.0
