0.0 0.0
0.0200400801603 0.0
0.0400801603206 0.0
0.060120240481 0.0
0.0801603206413 0.0
0.100200400802 0.0
0.120240480962 2.22715478042e-12
0.140280561122 1.85031111638e-12
0.160320641283 9.53779768592e-13
0.180360721443 7.48398590548e-13
0.200400801603 7.41496248846e-13
0.220440881764 3.70221210524e-11
0.240480961924 4.05816370762e-11
0.260521042084 1.38827669702e-12
0.280561122244 1.69445809718e-12
0.300601202405 1.99707432488e-12
0.320641282565 2.33770894119e-12
0.340681362725 2.7365845883e-12
0.360721442886 3.0804934208e-12
0.380761523046 3.41811168839e-12
0.400801603206 3.75572995597e-12
0.420841683367 4.09617408068e-12
0.440881763527 4.43877252452e-12
0.460921843687 4.78137096835e-12
0.480961923848 5.12056169018e-12
0.501002004008 5.44881382102e-12
0.521042084168 5.77706595186e-12
0.541082164329 6.1053180827e-12
0.561122244489 6.43121906484e-12
0.581162324649 6.7568808115e-12
0.60120240481 7.08254255815e-12
0.62124248497 7.40341923266e-12
0.64128256513 7.72079882042e-12
0.661322645291 8.03817840818e-12
0.681362725451 8.34400284584e-12
0.701402805611 8.61476436e-12
0.721442885772 8.88552587416e-12
0.741482965932 9.15628738831e-12
0.761523046092 9.41409886319e-12
0.781563126253 9.67075327796e-12
0.801603206413 9.92740769274e-12
0.821643286573 1.01432516625e-11
0.841683366733 1.03305114323e-11
0.861723446894 1.0517771202e-11
0.881763527054 1.06817702757e-11
0.901803607214 1.07789435308e-11
0.921843687375 1.08761167859e-11
0.941883767535 1.09732900409e-11
0.961923847695 1.10318751711e-11
0.981963927856 1.10874805412e-11
1.00200400802 1.11430859112e-11
1.02204408818 1.12171112825e-11
1.04208416834 1.1303497318e-11
1.0621242485 1.13898833535e-11
1.08216432866 1.14715266749e-11
1.10220440882 1.15402515679e-11
1.12224448898 1.16089764609e-11
1.14228456914 1.16777013539e-11
1.1623246493 1.16951288713e-11
1.18236472946 1.17092036782e-11
1.20240480962 1.17232784851e-11
1.22244488978 1.17333350947e-11
1.24248496994 1.17408093093e-11
1.2625250501 1.17482835239e-11
1.28256513026 1.17585541175e-11
1.30260521042 1.17760556883e-11
1.32264529058 1.17935572591e-11
1.34268537074 1.18110588299e-11
1.3627254509 1.18486210633e-11
1.38276553106 1.18872616655e-11
1.40280561122 1.19259022678e-11
1.42284569138 1.19490022795e-11
1.44288577154 1.1962540921e-11
1.4629258517 1.19760795626e-11
1.48296593186 1.19918502989e-11
1.50300601202 1.20131068296e-11
1.52304609218 1.20343633604e-11
1.54308617234 1.20556198912e-11
1.56312625251 1.20491296496e-11
1.58316633267 1.2041462876e-11
1.60320641283 1.20337961023e-11
1.62324649299 1.20266740999e-11
1.64328657315 1.20198728199e-11
1.66332665331 1.20130715398e-11
1.68336673347 1.20131524104e-11
1.70340681363 1.20293263997e-11
1.72344689379 1.2045500389e-11
1.74348697395 1.20616743783e-11
1.76352705411 1.20055440206e-11
1.78356713427 1.19471511447e-11
1.80360721443 1.18887582689e-11
1.82364729459 1.18543370172e-11
1.84368737475 1.18334132872e-11
1.86372745491 1.18124895572e-11
1.88376753507 1.18128888503e-11
1.90380761523 1.18607753609e-11
1.92384769539 1.19086618715e-11
1.94388777555 1.19565483821e-11
1.96392785571 1.19195853448e-11
1.98396793587 1.18808900987e-11
2.00400801603 1.18421948526e-11
2.02404809619 1.18070012687e-11
2.04408817635 1.17736923234e-11
2.06412825651 1.1740383378e-11
2.08416833667 1.17077003897e-11
2.10420841683 1.16763462342e-11
2.12424849699 1.16449920786e-11
2.14428857715 1.16136379231e-11
2.16432865731 1.15761166637e-11
2.18436873747 1.1538535179e-11
2.20440881764 1.15009536944e-11
2.2244488978 1.14446090623e-11
2.24448897796 1.13786175375e-11
2.26452905812 1.13126260128e-11
2.28456913828 1.12436974099e-11
2.30460921844 1.11688205264e-11
2.3246492986 1.10939436428e-11
2.34468937876 1.10190897447e-11
2.36472945892 1.09788084886e-11
2.38476953908 1.09385272326e-11
2.40480961924 1.08982459766e-11
2.4248496994 1.08542162812e-11
2.44488977956 1.08083468139e-11
2.46492985972 1.07624773466e-11
2.48496993988 1.06988631307e-11
2.50501002004 1.06009391918e-11
2.5250501002 1.05030152528e-11
2.54509018036 1.04058942917e-11
2.56513026052 1.03809689173e-11
2.58517034068 1.03560435429e-11
2.60521042084 1.03311181685e-11
2.625250501 1.02667448768e-11
2.64529058116 1.01839025493e-11
2.66533066132 1.01010602219e-11
2.68537074148 1.00194813757e-11
2.70541082164 9.94023641871e-12
2.7254509018 9.86099146168e-12
2.74549098196 9.78222372196e-12
2.76553106212 9.72534613258e-12
2.78557114228 9.66846854319e-12
2.80561122244 9.61159095381e-12
2.82565130261 9.50461393832e-12
2.84569138277 9.37528045998e-12
2.86573146293 9.24594698164e-12
2.88577154309 9.1427361081e-12
2.90581162325 9.08565251852e-12
2.92585170341 9.02856892894e-12
2.94589178357 8.97038891787e-12
2.96593186373 8.87868616166e-12
2.98597194389 8.78698340546e-12
3.00601202405 8.69528064925e-12
3.02605210421 8.60120204673e-12
3.04609218437 8.50611384648e-12
3.06613226453 8.41102564623e-12
3.08617234469 8.31913610948e-12
3.10621242485 8.23264890366e-12
3.12625250501 8.14616169784e-12
3.14629258517 8.06021702118e-12
3.16633266533 7.98664519265e-12
3.18637274549 7.91307336412e-12
3.20641282565 7.83950153559e-12
3.22645290581 7.74138783872e-12
3.24649298597 7.63335281954e-12
3.26653306613 7.52531780037e-12
3.28657314629 7.41152426323e-12
3.30661322645 7.28842366559e-12
3.32665330661 7.16532306795e-12
3.34669338677 7.04424200389e-12
3.36673346693 6.959724857e-12
3.38677354709 6.87520771011e-12
3.40681362725 6.79069056322e-12
3.42685370741 6.69967585644e-12
3.44689378758 6.606164972e-12
3.46693386774 6.51265408755e-12
3.4869739479 6.42134550929e-12
3.50701402806 6.33344465783e-12
3.52705410822 6.24554380636e-12
3.54709418838 6.15669935876e-12
3.56713426854 6.05374371907e-12
3.5871743487 5.95078807938e-12
3.60721442886 5.8478324397e-12
3.62725450902 5.75135476525e-12
3.64729458918 5.65723927254e-12
3.66733466934 5.56312377983e-12
3.6873747495 5.4731322493e-12
3.70741482966 5.38925242399e-12
3.72745490982 5.30537259868e-12
3.74749498998 5.2218290283e-12
3.76753507014 5.14255461552e-12
3.7875751503 5.06328020275e-12
3.80761523046 4.98400578997e-12
3.82765531062 4.89050761374e-12
3.84769539078 4.79209272424e-12
3.86773547094 4.69367783473e-12
3.8877755511 4.60226815039e-12
3.90781563126 4.52080530257e-12
3.92785571142 4.43934245474e-12
3.94789579158 4.35861661581e-12
3.96793587174 4.2859962651e-12
3.9879759519 4.2133759144e-12
4.00801603206 4.14075556369e-12
4.02805611222 4.05921088333e-12
4.04809619238 3.97474607421e-12
4.06813627255 3.89028126509e-12
4.08817635271 3.81278362341e-12
4.10821643287 3.74476740985e-12
4.12825651303 3.67675119628e-12
4.14829659319 3.60841437562e-12
4.16833667335 3.53697594425e-12
4.18837675351 3.46553751289e-12
4.20841683367 3.39409908153e-12
4.22845691383 3.32881231168e-12
4.24849699399 3.26542794539e-12
4.26853707415 3.20204357911e-12
4.28857715431 3.13675119006e-12
4.30861723447 3.06896952266e-12
4.32865731463 3.00118785527e-12
4.34869739479 2.93431158925e-12
4.36873747495 2.87523407004e-12
4.38877755511 2.81615655082e-12
4.40881763527 2.7570790316e-12
4.42885771543 2.70302697305e-12
4.44889779559 2.65044119528e-12
4.46893787575 2.5978554175e-12
4.48897795591 2.54472688219e-12
4.50901803607 2.49091934675e-12
4.52905811623 2.43711181131e-12
4.54909819639 2.38362568865e-12
4.56913827655 2.33262881004e-12
4.58917835671 2.28163193143e-12
4.60921843687 2.23063505282e-12
4.62925851703 2.1803124036e-12
4.64929859719 2.13017499962e-12
4.66933867735 2.08003759565e-12
4.68937875752 2.03302208859e-12
4.70941883768 1.98975235529e-12
4.72945891784 1.94648262199e-12
4.749498998 1.90268999097e-12
4.76953907816 1.8552266945e-12
4.78957915832 1.80776339802e-12
4.80961923848 1.76030010155e-12
4.82965931864 1.71795156239e-12
4.8496993988 1.67692352249e-12
4.86973947896 1.63589548259e-12
4.88977955912 1.59591616334e-12
4.90981963928 1.55714385276e-12
4.92985971944 1.51837154217e-12
4.9498997996 1.48019785851e-12
4.96993987976 1.4458589654e-12
4.98997995992 1.41152007229e-12
5.01002004008 1.37792253191e-12
5.03006012024 1.34501293058e-12
5.0501002004 1.31210332926e-12
5.07014028056 1.28120385331e-12
5.09018036072 1.25034581796e-12
5.11022044088 1.21948778262e-12
5.13026052104 1.18862974728e-12
5.1503006012 1.15777171194e-12
5.17034068136 1.12943425478e-12
5.19038076152 1.10125939398e-12
5.21042084168 1.07308453318e-12
5.23046092184 1.04490967238e-12
5.250501002 1.01673481157e-12
5.27054108216 9.9148954332e-13
5.29058116232 9.66573397092e-13
5.31062124248 9.41657250863e-13
5.33066132265 9.16741104634e-13
5.35070140281 8.91824958405e-13
5.37074148297 8.67727246072e-13
5.39078156313 8.4376431503e-13
5.41082164329 8.19801383989e-13
5.43086172345 7.95838452947e-13
5.45090180361 7.71875521906e-13
5.47094188377 7.50559882039e-13
5.49098196393 7.29832439405e-13
5.51102204409 7.09104996772e-13
5.53106212425 6.88377554138e-13
5.55110220441 6.67650111504e-13
5.57114228457 6.47904617781e-13
5.59118236473 6.2843971689e-13
5.61122244489 6.08974815999e-13
5.63126252505 5.89509915109e-13
5.65130260521 5.70045014218e-13
5.67134268537 5.52398734139e-13
5.69138276553 5.35400239342e-13
5.71142284569 5.18401744545e-13
5.73146292585 5.01403249748e-13
5.75150300601 4.84404754951e-13
5.77154308617 4.68076409295e-13
5.79158316633 4.52039449519e-13
5.81162324649 4.36002489742e-13
5.83166332665 4.19965529966e-13
5.85170340681 4.0392857019e-13
5.87174348697 3.88724876812e-13
5.89178356713 3.73957059499e-13
5.91182364729 3.59189242186e-13
5.93186372745 3.44421424873e-13
5.95190380762 3.2965360756e-13
5.97194388778 3.16450615825e-13
5.99198396794 3.04222441778e-13
6.0120240481 2.91994267731e-13
6.03206412826 2.79766093684e-13
6.05210420842 2.67537919636e-13
6.07214428858 2.55969676656e-13
6.09218436874 2.4488769265e-13
6.1122244489 2.33805708645e-13
6.13226452906 2.2272372464e-13
6.15230460922 2.11641740635e-13
6.17234468938 2.00949049684e-13
6.19238476954 1.9059422477e-13
6.2124248497 1.80239399855e-13
6.23246492986 1.69884574941e-13
6.25250501002 1.59529750026e-13
6.27254509018 1.50008039812e-13
6.29258517034 1.41336402072e-13
6.3126252505 1.32664764331e-13
6.33266533066 1.23993126591e-13
6.35270541082 1.1532148885e-13
6.37274549098 1.07233320077e-13
6.39278557114 9.98452628231e-14
6.4128256513 9.24572055693e-14
6.43286573146 8.50691483156e-14
6.45290581162 7.76810910618e-14
6.47294589178 7.11718442704e-14
6.49298597194 6.59056739726e-14
6.5130260521 6.06395036748e-14
6.53306613226 5.53733333769e-14
6.55310621242 5.01071630791e-14
6.57314629259 4.54626037889e-14
6.59318637275 4.1859759403e-14
6.61322645291 3.82569150172e-14
6.63326653307 3.46540706314e-14
6.65330661323 3.10512262456e-14
6.67334669339 2.7573701915e-14
6.69338677355 2.43468364561e-14
6.71342685371 2.11199709971e-14
6.73346693387 1.78931055382e-14
6.75350701403 1.46662400792e-14
6.77354709419 1.17835132408e-14
6.79358717435 9.73151232745e-15
6.81362725451 7.67951141413e-15
6.83366733467 5.6275105008e-15
6.85370741483 3.57550958748e-15
6.87374749499 1.95179591619e-15
6.89378757515 1.59585649075e-15
6.91382765531 1.2399170653e-15
6.93386773547 8.83977639857e-16
6.95390781563 5.28038214412e-16
6.97394789579 2.39749400888e-16
6.99398797595 2.02736562277e-16
7.01402805611 1.65723723665e-16
7.03406813627 1.28710885054e-16
7.05410821643 9.16980464432e-17
7.07414829659 5.89694125505e-17
7.09418837675 4.69052535011e-17
7.11422845691 3.48410944518e-17
7.13426853707 2.27769354024e-17
7.15430861723 1.0712776353e-17
7.17434869739 2.26835159163e-19
7.19438877756 1.80627869015e-19
7.21442885772 1.34420578866e-19
7.23446893788 8.82132887173e-20
7.25450901804 4.20059985687e-20
7.2745490982 0.0
7.29458917836 0.0
7.31462925852 0.0
7.33466933868 0.0
7.35470941884 0.0
7.374749499 0.0
7.39478957916 0.0
7.41482965932 0.0
7.43486973948 0.0
7.45490981964 0.0
7.4749498998 0.0
7.49498997996 0.0
7.51503006012 0.0
7.53507014028 0.0
7.55511022044 0.0
7.5751503006 0.0
7.59519038076 0.0
7.61523046092 0.0
7.63527054108 0.0
7.65531062124 0.0
7.6753507014 0.0
7.69539078156 0.0
7.71543086172 0.0
7.73547094188 0.0
7.75551102204 0.0
7.7755511022 0.0
7.79559118236 0.0
7.81563126253 0.0
7.83567134269 0.0
7.85571142285 0.0
7.87575150301 0.0
7.89579158317 0.0
7.91583166333 0.0
7.93587174349 0.0
7.95591182365 0.0
7.97595190381 0.0
7.99599198397 0.0
8.01603206413 0.0
8.03607214429 0.0
8.05611222445 0.0
8.07615230461 0.0
8.09619238477 0.0
8.11623246493 0.0
8.13627254509 0.0
8.15631262525 0.0
8.17635270541 0.0
8.19639278557 0.0
8.21643286573 0.0
8.23647294589 0.0
8.25651302605 0.0
8.27655310621 0.0
8.29659318637 0.0
8.31663326653 0.0
8.33667334669 0.0
8.35671342685 0.0
8.37675350701 0.0
8.39679358717 0.0
8.41683366733 0.0
8.43687374749 0.0
8.45691382766 0.0
8.47695390782 0.0
8.49699398798 0.0
8.51703406814 0.0
8.5370741483 0.0
8.55711422846 0.0
8.57715430862 0.0
8.59719438878 0.0
8.61723446894 0.0
8.6372745491 0.0
8.65731462926 0.0
8.67735470942 0.0
8.69739478958 0.0
8.71743486974 0.0
8.7374749499 0.0
8.75751503006 0.0
8.77755511022 0.0
8.79759519038 0.0
8.81763527054 0.0
8.8376753507 0.0
8.85771543086 0.0
8.87775551102 0.0
8.89779559118 0.0
8.91783567134 0.0
8.9378757515 0.0
8.95791583166 0.0
8.97795591182 0.0
8.99799599198 0.0
9.01803607214 0.0
9.0380761523 0.0
9.05811623246 0.0
9.07815631263 0.0
9.09819639279 0.0
9.11823647295 0.0
9.13827655311 0.0
9.15831663327 0.0
9.17835671343 0.0
9.19839679359 0.0
9.21843687375 0.0
9.23847695391 0.0
9.25851703407 0.0
9.27855711423 0.0
9.29859719439 0.0
9.31863727455 0.0
9.33867735471 0.0
9.35871743487 0.0
9.37875751503 0.0
9.39879759519 0.0
9.41883767535 0.0
9.43887775551 0.0
9.45891783567 0.0
9.47895791583 0.0
9.49899799599 0.0
9.51903807615 0.0
9.53907815631 0.0
9.55911823647 0.0
9.57915831663 0.0
9.59919839679 0.0
9.61923847695 0.0
9.63927855711 0.0
9.65931863727 0.0
9.67935871743 0.0
9.6993987976 0.0
9.71943887776 0.0
9.73947895792 0.0
9.75951903808 0.0
9.77955911824 0.0
9.7995991984 0.0
9.81963927856 0.0
9.83967935872 0.0
9.85971943888 0.0
9.87975951904 0.0
9.8997995992 0.0
9.91983967936 0.0
9.93987975952 0.0
9.95991983968 0.0
9.97995991984 0.0
10.0 0.0
