0.0 0.0
0.0200400801603 0.0
0.0400801603206 0.0
0.060120240481 0.0
0.0801603206413 0.0
0.100200400802 0.0
0.120240480962 0.0
0.140280561122 0.0
0.160320641283 0.0
0.180360721443 0.0
0.200400801603 1.21636228688e-12
0.220440881764 6.07316785465e-11
0.240480961924 6.65707654707e-11
0.260521042084 2.27735126191e-12
0.280561122244 2.77961611986e-12
0.300601202405 3.27603261198e-12
0.320641282565 3.83481507585e-12
0.340681362725 4.48913705666e-12
0.360721442886 5.05329059705e-12
0.380761523046 5.60712499431e-12
0.400801603206 6.16095939157e-12
0.420841683367 6.71942936999e-12
0.440881763527 7.2814333279e-12
0.460921843687 7.84343728581e-12
0.480961923848 8.39985116212e-12
0.501002004008 8.93832119911e-12
0.521042084168 9.47679123609e-12
0.541082164329 1.00152612731e-11
0.561122244489 1.05498744482e-11
0.581162324649 1.10840951776e-11
0.60120240481 1.1618315907e-11
0.62124248497 1.21446871277e-11
0.64128256513 1.26653216714e-11
0.661322645291 1.31859562151e-11
0.681362725451 1.3687635506e-11
0.701402805611 1.41317970174e-11
0.721442885772 1.45759585288e-11
0.741482965932 1.50201200401e-11
0.761523046092 1.54430381003e-11
0.781563126253 1.58640581005e-11
0.801603206413 1.62850781008e-11
0.821643286573 1.66391519955e-11
0.841683366733 1.69463359119e-11
0.861723446894 1.72535198284e-11
0.881763527054 1.75225465277e-11
0.901803607214 1.7681951087e-11
0.921843687375 1.78413556462e-11
0.941883767535 1.80007602055e-11
0.961923847695 1.80968641886e-11
0.981963927856 1.81880801255e-11
1.00200400802 1.82792960624e-11
1.02204408818 1.84007284635e-11
1.04208416834 1.85424374956e-11
1.0621242485 1.86841465277e-11
1.08216432866 1.88180755358e-11
1.10220440882 1.89308129477e-11
1.12224448898 1.90435503595e-11
1.14228456914 1.91562877714e-11
1.1623246493 1.91848761492e-11
1.18236472946 1.92079646873e-11
1.20240480962 1.92310532253e-11
1.22244488978 1.92475502481e-11
1.24248496994 1.92598110692e-11
1.2625250501 1.92720718902e-11
1.28256513026 1.92889199359e-11
1.30260521042 1.93176297921e-11
1.32264529058 1.93463396483e-11
1.34268537074 1.93750495045e-11
1.3627254509 1.94366671919e-11
1.38276553106 1.95000538529e-11
1.40280561122 1.95634405138e-11
1.42284569138 1.96013341419e-11
1.44288577154 1.96235431457e-11
1.4629258517 1.96457521495e-11
1.48296593186 1.96716227171e-11
1.50300601202 1.97064922696e-11
1.52304609218 1.97413618221e-11
1.54308617234 1.97762313746e-11
1.56312625251 1.97655846787e-11
1.58316633267 1.97530079808e-11
1.60320641283 1.97404312828e-11
1.62324649299 1.97287482364e-11
1.64328657315 1.9717591308e-11
1.66332665331 1.97064343796e-11
1.68336673347 1.97065670409e-11
1.70340681363 1.97330991113e-11
1.72344689379 1.97596311816e-11
1.74348697395 1.9786163252e-11
1.76352705411 1.96940861169e-11
1.78356713427 1.95982975109e-11
1.80360721443 1.95025089049e-11
1.82364729459 1.9446043734e-11
1.84368737475 1.94117201133e-11
1.86372745491 1.93773964925e-11
1.88376753507 1.93780514993e-11
1.90380761523 1.94566052959e-11
1.92384769539 1.95351590925e-11
1.94388777555 1.96137128891e-11
1.96392785571 1.95530781325e-11
1.98396793587 1.94896018329e-11
2.00400801603 1.94261255333e-11
2.02404809619 1.93683934163e-11
2.04408817635 1.93137528905e-11
2.06412825651 1.92591123647e-11
2.08416833667 1.92054986688e-11
2.10420841683 1.91540648114e-11
2.12424849699 1.9102630954e-11
2.14428857715 1.90511970966e-11
2.16432865731 1.89896466235e-11
2.18436873747 1.8927997356e-11
2.20440881764 1.88663480885e-11
2.2244488978 1.87739194542e-11
2.24448897796 1.86656659032e-11
2.26452905812 1.85574123522e-11
2.28456913828 1.84443407714e-11
2.30460921844 1.83215115361e-11
2.3246492986 1.81986823007e-11
2.34468937876 1.80758907709e-11
2.36472945892 1.80098127553e-11
2.38476953908 1.79437347396e-11
2.40480961924 1.7877656724e-11
2.4248496994 1.78054297087e-11
2.44488977956 1.77301847021e-11
2.46492985972 1.76549396955e-11
2.48496993988 1.75505859199e-11
2.50501002004 1.73899499268e-11
2.5250501002 1.72293139337e-11
2.54509018036 1.70699951583e-11
2.56513026052 1.70291071761e-11
2.58517034068 1.69882191939e-11
2.60521042084 1.69473312117e-11
2.625250501 1.68417322361e-11
2.64529058116 1.67058363593e-11
2.66533066132 1.65699404825e-11
2.68537074148 1.64361172407e-11
2.70541082164 1.63061225478e-11
2.7254509018 1.61761278549e-11
2.74549098196 1.60469159968e-11
2.76553106212 1.5953613091e-11
2.78557114228 1.58603101851e-11
2.80561122244 1.57670072793e-11
2.82565130261 1.55915204749e-11
2.84569138277 1.53793597718e-11
2.86573146293 1.51671990687e-11
2.88577154309 1.49978903037e-11
2.90581162325 1.49042494718e-11
2.92585170341 1.481060864e-11
2.94589178357 1.47151692208e-11
2.96593186373 1.45647385552e-11
2.98597194389 1.44143078896e-11
3.00601202405 1.4263877224e-11
3.02605210421 1.41095491821e-11
3.04609218437 1.39535649801e-11
3.06613226453 1.3797580778e-11
3.08617234469 1.36468437146e-11
3.10621242485 1.35049687212e-11
3.12625250501 1.33630937277e-11
3.14629258517 1.32221087077e-11
3.16633266533 1.31014203054e-11
3.18637274549 1.29807319031e-11
3.20641282565 1.28600435008e-11
3.22645290581 1.26990962257e-11
3.24649298597 1.25218738552e-11
3.26653306613 1.23446514846e-11
3.28657314629 1.21579827492e-11
3.30661322645 1.19560465632e-11
3.32665330661 1.17541103771e-11
3.34669338677 1.15554870662e-11
3.36673346693 1.14168437889e-11
3.38677354709 1.12782005115e-11
3.40681362725 1.11395572342e-11
3.42685370741 1.09902552559e-11
3.44689378758 1.08368585078e-11
3.46693386774 1.06834617598e-11
3.4869739479 1.053367771e-11
3.50701402806 1.03894837497e-11
3.52705410822 1.02452897893e-11
3.54709418838 1.00995479388e-11
3.56713426854 9.93065786344e-12
3.5871743487 9.76176778809e-12
3.60721442886 9.59287771274e-12
3.62725450902 9.43461419502e-12
3.64729458918 9.28022563793e-12
3.66733466934 9.12583708085e-12
3.6873747495 8.97821353718e-12
3.70741482966 8.84061573233e-12
3.72745490982 8.70301792749e-12
3.74749498998 8.56597172061e-12
3.76753507014 8.43592870803e-12
3.7875751503 8.30588569546e-12
3.80761523046 8.17584268288e-12
3.82765531062 8.0224667816e-12
3.84769539078 7.86102542536e-12
3.86773547094 7.69958406912e-12
3.8877755511 7.5496341633e-12
3.90781563126 7.41600120692e-12
3.92785571142 7.28236825054e-12
3.94789579158 7.14994429532e-12
3.96793587174 7.03081671241e-12
3.9879759519 6.91168912951e-12
4.00801603206 6.7925615466e-12
4.02805611222 6.65879435082e-12
4.04809619238 6.5202369292e-12
4.06813627255 6.38167950758e-12
4.08817635271 6.25455113868e-12
4.10821643287 6.14297625586e-12
4.12825651303 6.03140137304e-12
4.14829659319 5.91930056121e-12
4.16833667335 5.80211181767e-12
4.18837675351 5.68492307414e-12
4.20841683367 5.5677343306e-12
4.22845691383 5.46063687082e-12
4.24849699399 5.35666014424e-12
4.26853707415 5.25268341767e-12
4.28857715431 5.14557674007e-12
4.30861723447 5.03438661053e-12
4.32865731463 4.92319648099e-12
4.34869739479 4.81349158634e-12
4.36873747495 4.71657988046e-12
4.38877755511 4.61966817458e-12
4.40881763527 4.5227564687e-12
4.42885771543 4.43408860875e-12
4.44889779559 4.34782605919e-12
4.46893787575 4.26156350963e-12
4.48897795591 4.17441061195e-12
4.50901803607 4.08614387161e-12
4.52905811623 3.99787713128e-12
4.54909819639 3.91013764159e-12
4.56913827655 3.8264815476e-12
4.58917835671 3.7428254536e-12
4.60921843687 3.65916935961e-12
4.62925851703 3.57661928226e-12
4.64929859719 3.49437308418e-12
4.66933867735 3.41212688611e-12
4.68937875752 3.33500189758e-12
4.70941883768 3.26402153614e-12
4.72945891784 3.1930411747e-12
4.749498998 3.1212030435e-12
4.76953907816 3.04334349406e-12
4.78957915832 2.96548394463e-12
4.80961923848 2.8876243952e-12
4.82965931864 2.81815517533e-12
4.8496993988 2.75085212354e-12
4.86973947896 2.68354907174e-12
4.88977955912 2.61796635806e-12
4.90981963928 2.55436364066e-12
4.92985971944 2.49076092326e-12
4.9498997996 2.42814020302e-12
4.96993987976 2.37181013444e-12
4.98997995992 2.31548006585e-12
5.01002004008 2.26036612413e-12
5.03006012024 2.20638068861e-12
5.0501002004 2.15239525308e-12
5.07014028056 2.10170725933e-12
5.09018036072 2.05108724541e-12
5.11022044088 2.00046723149e-12
5.13026052104 1.94984721757e-12
5.1503006012 1.89922720365e-12
5.17034068136 1.85274198644e-12
5.19038076152 1.80652349489e-12
5.21042084168 1.76030500333e-12
5.23046092184 1.71408651177e-12
5.250501002 1.66786802021e-12
5.27054108216 1.62645527905e-12
5.29058116232 1.58558243491e-12
5.31062124248 1.54470959077e-12
5.33066132265 1.50383674664e-12
5.35070140281 1.4629639025e-12
5.37074148297 1.4234336304e-12
5.39078156313 1.38412445567e-12
5.41082164329 1.34481528095e-12
5.43086172345 1.30550610623e-12
5.45090180361 1.2661969315e-12
5.47094188377 1.2312304155e-12
5.49098196393 1.19722878762e-12
5.51102204409 1.16322715975e-12
5.53106212425 1.12922553188e-12
5.55110220441 1.095223904e-12
5.57114228457 1.0628330808e-12
5.59118236473 1.03090254656e-12
5.61122244489 9.98972012325e-13
5.63126252505 9.67041478086e-13
5.65130260521 9.35110943848e-13
5.67134268537 9.06163704229e-13
5.69138276553 8.78279101931e-13
5.71142284569 8.50394499633e-13
5.73146292585 8.22509897335e-13
5.75150300601 7.94625295037e-13
5.77154308617 7.67840016089e-13
5.79158316633 7.41532731193e-13
5.81162324649 7.15225446297e-13
5.83166332665 6.889181614e-13
5.85170340681 6.62610876504e-13
5.87174348697 6.37670495114e-13
5.89178356713 6.13445131779e-13
5.91182364729 5.89219768445e-13
5.93186372745 5.64994405111e-13
5.95190380762 5.40769041776e-13
5.97194388778 5.19110643309e-13
5.99198396794 4.99051351341e-13
6.0120240481 4.78992059374e-13
6.03206412826 4.58932767406e-13
6.05210420842 4.38873475439e-13
6.07214428858 4.1989674493e-13
6.09218436874 4.0171768141e-13
6.1122244489 3.8353861789e-13
6.13226452906 3.6535955437e-13
6.15230460922 3.4718049085e-13
6.17234468938 3.29640029873e-13
6.19238476954 3.12653809736e-13
6.2124248497 2.956675896e-13
6.23246492986 2.78681369464e-13
6.25250501002 2.61695149327e-13
6.27254509018 2.46075583848e-13
6.29258517034 2.31850490829e-13
6.3126252505 2.1762539781e-13
6.33266533066 2.03400304792e-13
6.35270541082 1.89175211773e-13
6.37274549098 1.75907250564e-13
6.39278557114 1.63787763472e-13
6.4128256513 1.5166827638e-13
6.43286573146 1.39548789288e-13
6.45290581162 1.27429302196e-13
6.47294589178 1.16751429819e-13
6.49298597194 1.08112719972e-13
6.5130260521 9.94740101246e-14
6.53306613226 9.08353002774e-14
6.55310621242 8.21965904302e-14
6.57314629259 7.45775812058e-14
6.59318637275 6.86674177448e-14
6.61322645291 6.27572542838e-14
6.63326653307 5.68470908228e-14
6.65330661323 5.09369273619e-14
6.67334669339 4.52323409205e-14
6.69338677355 3.99389392948e-14
6.71342685371 3.46455376691e-14
6.73346693387 2.93521360434e-14
6.75350701403 2.40587344176e-14
6.77354709419 1.93298632803e-14
6.79358717435 1.59637282155e-14
6.81362725451 1.25975931508e-14
6.83366733467 9.23145808606e-15
6.85370741483 5.86532302133e-15
6.87374749499 3.20175718736e-15
6.89378757515 2.61786847019e-15
6.91382765531 2.03397975302e-15
6.93386773547 1.45009103585e-15
6.95390781563 8.66202318678e-16
6.97394789579 3.93288745554e-16
6.99398797595 3.32572294072e-16
7.01402805611 2.71855842591e-16
7.03406813627 2.11139391109e-16
7.05410821643 1.50422939627e-16
7.07414829659 9.67343659762e-17
7.09418837675 7.69441268302e-17
7.11422845691 5.71538876841e-17
7.13426853707 3.7363648538e-17
7.15430861723 1.75734093919e-17
7.17434869739 3.72104017214e-19
7.19438877756 2.96304840612e-19
7.21442885772 2.2050566401e-19
7.23446893788 1.44706487409e-19
7.25450901804 6.89073108072e-20
7.2745490982 0.0
7.29458917836 0.0
7.31462925852 0.0
7.33466933868 0.0
7.35470941884 0.0
7.374749499 0.0
7.39478957916 0.0
7.41482965932 0.0
7.43486973948 0.0
7.45490981964 0.0
7.4749498998 0.0
7.49498997996 0.0
7.51503006012 0.0
7.53507014028 0.0
7.55511022044 0.0
7.5751503006 0.0
7.59519038076 0.0
7.61523046092 0.0
7.63527054108 0.0
7.65531062124 0.0
7.6753507014 0.0
7.69539078156 0.0
7.71543086172 0.0
7.73547094188 0.0
7.75551102204 0.0
7.7755511022 0.0
7.79559118236 0.0
7.81563126253 0.0
7.83567134269 0.0
7.85571142285 0.0
7.87575150301 0.0
7.89579158317 0.0
7.91583166333 0.0
7.93587174349 0.0
7.95591182365 0.0
7.97595190381 0.0
7.99599198397 0.0
8.01603206413 0.0
8.03607214429 0.0
8.05611222445 0.0
8.07615230461 0.0
8.09619238477 0.0
8.11623246493 0.0
8.13627254509 0.0
8.15631262525 0.0
8.17635270541 0.0
8.19639278557 0.0
8.21643286573 0.0
8.23647294589 0.0
8.25651302605 0.0
8.27655310621 0.0
8.29659318637 0.0
8.31663326653 0.0
8.33667334669 0.0
8.35671342685 0.0
8.37675350701 0.0
8.39679358717 0.0
8.41683366733 0.0
8.43687374749 0.0
8.45691382766 0.0
8.47695390782 0.0
8.49699398798 0.0
8.51703406814 0.0
8.5370741483 0.0
8.55711422846 0.0
8.57715430862 0.0
8.59719438878 0.0
8.61723446894 0.0
8.6372745491 0.0
8.65731462926 0.0
8.67735470942 0.0
8.69739478958 0.0
8.71743486974 0.0
8.7374749499 0.0
8.75751503006 0.0
8.77755511022 0.0
8.79759519038 0.0
8.81763527054 0.0
8.8376753507 0.0
8.85771543086 0.0
8.87775551102 0.0
8.89779559118 0.0
8.91783567134 0.0
8.9378757515 0.0
8.95791583166 0.0
8.97795591182 0.0
8.99799599198 0.0
9.01803607214 0.0
9.0380761523 0.0
9.05811623246 0.0
9.07815631263 0.0
9.09819639279 0.0
9.11823647295 0.0
9.13827655311 0.0
9.15831663327 0.0
9.17835671343 0.0
9.19839679359 0.0
9.21843687375 0.0
9.23847695391 0.0
9.25851703407 0.0
9.27855711423 0.0
9.29859719439 0.0
9.31863727455 0.0
9.33867735471 0.0
9.35871743487 0.0
9.37875751503 0.0
9.39879759519 0.0
9.41883767535 0.0
9.43887775551 0.0
9.45891783567 0.0
9.47895791583 0.0
9.49899799599 0.0
9.51903807615 0.0
9.53907815631 0.0
9.55911823647 0.0
9.57915831663 0.0
9.59919839679 0.0
9.61923847695 0.0
9.63927855711 0.0
9.65931863727 0.0
9.67935871743 0.0
9.6993987976 0.0
9.71943887776 0.0
9.73947895792 0.0
9.75951903808 0.0
9.77955911824 0.0
9.7995991984 0.0
9.81963927856 0.0
9.83967935872 0.0
9.85971943888 0.0
9.87975951904 0.0
9.8997995992 0.0
9.91983967936 0.0
9.93987975952 0.0
9.95991983968 0.0
9.97995991984 0.0
10.0 0.0
