0.0 0.0
0.0200400801603 0.0
0.0400801603206 0.0
0.060120240481 0.0
0.0801603206413 0.0
0.100200400802 0.0
0.120240480962 0.0
0.140280561122 0.0
0.160320641283 0.0
0.180360721443 0.0
0.200400801603 0.0
0.220440881764 6.48090870782e-11
0.240480961924 7.10401991104e-11
0.260521042084 2.43024826208e-12
0.280561122244 2.96623422022e-12
0.300601202405 3.49597916445e-12
0.320641282565 4.09227721228e-12
0.340681362725 4.79052911716e-12
0.360721442886 5.3925588453e-12
0.380761523046 5.98357662281e-12
0.400801603206 6.57459440031e-12
0.420841683367 7.17055898302e-12
0.440881763527 7.77029480982e-12
0.460921843687 8.37003063663e-12
0.480961923848 8.96380107447e-12
0.501002004008 9.538422958e-12
0.521042084168 1.01130448415e-11
0.541082164329 1.0687666725e-11
0.561122244489 1.12581728044e-11
0.581162324649 1.182826009e-11
0.60120240481 1.23983473755e-11
0.62124248497 1.29600581514e-11
0.64128256513 1.35156471008e-11
0.661322645291 1.40712360502e-11
0.681362725451 1.46065971275e-11
0.701402805611 1.50805787917e-11
0.721442885772 1.55545604559e-11
0.741482965932 1.60285421201e-11
0.761523046092 1.64798540884e-11
0.781563126253 1.69291405648e-11
0.801603206413 1.73784270412e-11
0.821643286573 1.77562727788e-11
0.841683366733 1.80840804348e-11
0.861723446894 1.84118880907e-11
0.881763527054 1.86989767272e-11
0.901803607214 1.88690834032e-11
0.921843687375 1.90391900791e-11
0.941883767535 1.9209296755e-11
0.961923847695 1.93118529754e-11
0.981963927856 1.94091929756e-11
1.00200400802 1.95065329757e-11
1.02204408818 1.96361181156e-11
1.04208416834 1.97873412205e-11
1.0621242485 1.99385643255e-11
1.08216432866 2.00814850706e-11
1.10220440882 2.02017914563e-11
1.12224448898 2.0322097842e-11
1.14228456914 2.04424042276e-11
1.1623246493 2.04729119744e-11
1.18236472946 2.04975506326e-11
1.20240480962 2.05221892909e-11
1.22244488978 2.05397938922e-11
1.24248496994 2.05528778813e-11
1.2625250501 2.05659618704e-11
1.28256513026 2.05839410616e-11
1.30260521042 2.06145784425e-11
1.32264529058 2.06452158234e-11
1.34268537074 2.06758532043e-11
1.3627254509 2.07416077852e-11
1.38276553106 2.08092501051e-11
1.40280561122 2.0876892425e-11
1.42284569138 2.09173301587e-11
1.44288577154 2.09410302325e-11
1.4629258517 2.09647303063e-11
1.48296593186 2.09923377742e-11
1.50300601202 2.10295484016e-11
1.52304609218 2.10667590291e-11
1.54308617234 2.11039696566e-11
1.56312625251 2.10926081619e-11
1.58316633267 2.10791870885e-11
1.60320641283 2.10657660152e-11
1.62324649299 2.10532985914e-11
1.64328657315 2.10413926082e-11
1.66332665331 2.1029486625e-11
1.68336673347 2.1029628193e-11
1.70340681363 2.10579415757e-11
1.72344689379 2.10862549584e-11
1.74348697395 2.11145683411e-11
1.76352705411 2.10163093236e-11
1.78356713427 2.09140896542e-11
1.80360721443 2.08118699847e-11
1.82364729459 2.07516138504e-11
1.84368737475 2.07149858075e-11
1.86372745491 2.06783577646e-11
1.88376753507 2.06790567473e-11
1.90380761523 2.07628844953e-11
1.92384769539 2.08467122433e-11
1.94388777555 2.09305399913e-11
1.96392785571 2.08658343333e-11
1.98396793587 2.07980963566e-11
2.00400801603 2.07303583799e-11
2.02404809619 2.06687502391e-11
2.04408817635 2.06104412531e-11
2.06412825651 2.05521322671e-11
2.08416833667 2.04949190504e-11
2.10420841683 2.04400320224e-11
2.12424849699 2.03851449943e-11
2.14428857715 2.03302579663e-11
2.16432865731 2.02645751123e-11
2.18436873747 2.01987868311e-11
2.20440881764 2.013299855e-11
2.2244488978 2.00343644343e-11
2.24448897796 1.99188429473e-11
2.26452905812 1.98033214603e-11
2.28456913828 1.96826584703e-11
2.30460921844 1.95515827154e-11
2.3246492986 1.94205069605e-11
2.34468937876 1.92894714426e-11
2.36472945892 1.92189570756e-11
2.38476953908 1.91484427087e-11
2.40480961924 1.90779283417e-11
2.4248496994 1.9000852143e-11
2.44488977956 1.89205553308e-11
2.46492985972 1.88402585187e-11
2.48496993988 1.87288986305e-11
2.50501002004 1.85574778446e-11
2.5250501002 1.83860570587e-11
2.54509018036 1.8216041926e-11
2.56513026052 1.8172408803e-11
2.58517034068 1.812877568e-11
2.60521042084 1.8085142557e-11
2.625250501 1.79724538685e-11
2.64529058116 1.78274342029e-11
2.66533066132 1.76824145374e-11
2.68537074148 1.75396066595e-11
2.70541082164 1.7400884372e-11
2.7254509018 1.72621620845e-11
2.74549098196 1.71242751899e-11
2.76553106212 1.70247081057e-11
2.78557114228 1.69251410216e-11
2.80561122244 1.68255739374e-11
2.82565130261 1.66383052852e-11
2.84569138277 1.6411900519e-11
2.86573146293 1.61854957528e-11
2.88577154309 1.60048199217e-11
2.90581162325 1.59048922238e-11
2.92585170341 1.58049645259e-11
2.94589178357 1.5703117487e-11
2.96593186373 1.55425871948e-11
2.98597194389 1.53820569025e-11
3.00601202405 1.52215266103e-11
3.02605210421 1.50568372794e-11
3.04609218437 1.48903805969e-11
3.06613226453 1.47239239144e-11
3.08617234469 1.45630666534e-11
3.10621242485 1.44116664447e-11
3.12625250501 1.4260266236e-11
3.14629258517 1.41098157519e-11
3.16633266533 1.39810245615e-11
3.18637274549 1.38522333711e-11
3.20641282565 1.37234421807e-11
3.22645290581 1.3551689214e-11
3.24649298597 1.33625684731e-11
3.26653306613 1.31734477321e-11
3.28657314629 1.29742464155e-11
3.30661322645 1.27587526208e-11
3.32665330661 1.25432588262e-11
3.34669338677 1.23313003267e-11
3.36673346693 1.21833488054e-11
3.38677354709 1.20353972841e-11
3.40681362725 1.18874457628e-11
3.42685370741 1.17281199357e-11
3.44689378758 1.15644244239e-11
3.46693386774 1.14007289121e-11
3.4869739479 1.12408886482e-11
3.50701402806 1.10870137817e-11
3.52705410822 1.09331389151e-11
3.54709418838 1.0777612236e-11
3.56713426854 1.05973832046e-11
3.5871743487 1.04171541732e-11
3.60721442886 1.02369251418e-11
3.62725450902 1.00680361147e-11
3.64729458918 9.90328220573e-12
3.66733466934 9.73852829674e-12
3.6873747495 9.58099359121e-12
3.70741482966 9.43415773339e-12
3.72745490982 9.28732187558e-12
3.74749498998 9.14107464896e-12
3.76753507014 9.00230079769e-12
3.7875751503 8.86352694642e-12
3.80761523046 8.72475309515e-12
3.82765531062 8.56107982973e-12
3.84769539078 8.38879961017e-12
3.86773547094 8.21651939061e-12
3.8877755511 8.05650213542e-12
3.90781563126 7.9138973184e-12
3.92785571142 7.77129250138e-12
3.94789579158 7.62997785554e-12
3.96793587174 7.50285227497e-12
3.9879759519 7.37572669441e-12
4.00801603206 7.24860111384e-12
4.02805611222 7.10585304484e-12
4.04809619238 6.95799314342e-12
4.06813627255 6.810133242e-12
4.08817635271 6.67446971799e-12
4.10821643287 6.55540391133e-12
4.12825651303 6.43633810466e-12
4.14829659319 6.31671105912e-12
4.16833667335 6.19165448788e-12
4.18837675351 6.06659791664e-12
4.20841683367 5.9415413454e-12
4.22845691383 5.82725356738e-12
4.24849699399 5.71629604261e-12
4.26853707415 5.60533851784e-12
4.28857715431 5.49104090313e-12
4.30861723447 5.37238568134e-12
4.32865731463 5.25373045955e-12
4.34869739479 5.13666018847e-12
4.36873747495 5.03324201635e-12
4.38877755511 4.92982384423e-12
4.40881763527 4.8264056721e-12
4.42885771543 4.73178482193e-12
4.44889779559 4.63973077008e-12
4.46893787575 4.54767671823e-12
4.48897795591 4.45467254198e-12
4.50901803607 4.36047974183e-12
4.52905811623 4.26628694167e-12
4.54909819639 4.17265679076e-12
4.56913827655 4.08338418691e-12
4.58917835671 3.99411158306e-12
4.60921843687 3.9048389792e-12
4.62925851703 3.81674664783e-12
4.64929859719 3.7289785976e-12
4.66933867735 3.64121054738e-12
4.68937875752 3.5589075349e-12
4.70941883768 3.48316168799e-12
4.72945891784 3.40741584109e-12
4.749498998 3.33075463541e-12
4.76953907816 3.24766774501e-12
4.78957915832 3.16458085461e-12
4.80961923848 3.08149396421e-12
4.82965931864 3.00736071403e-12
4.8496993988 2.9355390643e-12
4.86973947896 2.86371741456e-12
4.88977955912 2.79373160314e-12
4.90981963928 2.72585872117e-12
4.92985971944 2.65798583919e-12
4.9498997996 2.59116088378e-12
4.96993987976 2.53104892232e-12
4.98997995992 2.47093696086e-12
5.01002004008 2.41212277469e-12
5.03006012024 2.35451286047e-12
5.0501002004 2.29690294624e-12
5.07014028056 2.24281185771e-12
5.09018036072 2.18879331305e-12
5.11022044088 2.13477476839e-12
5.13026052104 2.08075622372e-12
5.1503006012 2.02673767906e-12
5.17034068136 1.97713153344e-12
5.19038076152 1.92781002091e-12
5.21042084168 1.87848850839e-12
5.23046092184 1.82916699587e-12
5.250501002 1.77984548334e-12
5.27054108216 1.73565237009e-12
5.29058116232 1.69203540151e-12
5.31062124248 1.64841843293e-12
5.33066132265 1.60480146436e-12
5.35070140281 1.56118449578e-12
5.37074148297 1.51900023695e-12
5.39078156313 1.47705191955e-12
5.41082164329 1.43510360216e-12
5.43086172345 1.39315528476e-12
5.45090180361 1.35120696737e-12
5.47094188377 1.31389286647e-12
5.49098196393 1.27760843445e-12
5.51102204409 1.24132400243e-12
5.53106212425 1.20503957041e-12
5.55110220441 1.1687551384e-12
5.57114228457 1.13418965739e-12
5.59118236473 1.10011536826e-12
5.61122244489 1.06604107914e-12
5.63126252505 1.03196679001e-12
5.65130260521 9.97892500883e-13
5.67134268537 9.67001799061e-13
5.69138276553 9.37245077993e-13
5.71142284569 9.07488356926e-13
5.73146292585 8.77731635858e-13
5.75150300601 8.4797491479e-13
5.77154308617 8.19391323537e-13
5.79158316633 7.91317817939e-13
5.81162324649 7.63244312341e-13
5.83166332665 7.35170806744e-13
5.85170340681 7.07097301146e-13
5.87174348697 6.80482470336e-13
5.89178356713 6.54630662525e-13
5.91182364729 6.28778854714e-13
5.93186372745 6.02927046903e-13
5.95190380762 5.77075239092e-13
5.97194388778 5.5396273725e-13
5.99198396794 5.32556702855e-13
6.0120240481 5.1115066846e-13
6.03206412826 4.89744634064e-13
6.05210420842 4.68338599669e-13
6.07214428858 4.48087807835e-13
6.09218436874 4.28688236822e-13
6.1122244489 4.0928866581e-13
6.13226452906 3.89889094797e-13
6.15230460922 3.70489523785e-13
6.17234468938 3.51771429866e-13
6.19238476954 3.33644787456e-13
6.2124248497 3.15518145047e-13
6.23246492986 2.97391502637e-13
6.25250501002 2.79264860228e-13
6.27254509018 2.6259662705e-13
6.29258517034 2.47416488543e-13
6.3126252505 2.32236350035e-13
6.33266533066 2.17056211527e-13
6.35270541082 2.01876073019e-13
6.37274549098 1.87717326317e-13
6.39278557114 1.74784160084e-13
6.4128256513 1.6185099385e-13
6.43286573146 1.48917827616e-13
6.45290581162 1.35984661382e-13
6.47294589178 1.24589897113e-13
6.49298597194 1.15371200839e-13
6.5130260521 1.06152504566e-13
6.53306613226 9.69338082916e-14
6.55310621242 8.77151120176e-14
6.57314629259 7.95845771123e-14
6.59318637275 7.32776166008e-14
6.61322645291 6.69706560893e-14
6.63326653307 6.06636955779e-14
6.65330661323 5.43567350664e-14
6.67334669339 4.82691536217e-14
6.69338677355 4.26203631534e-14
6.71342685371 3.6971572685e-14
6.73346693387 3.13227822167e-14
6.75350701403 2.56739917483e-14
6.77354709419 2.06276332636e-14
6.79358717435 1.70355023404e-14
6.81362725451 1.34433714171e-14
6.83366733467 9.85124049387e-15
6.85370741483 6.25910957063e-15
6.87374749499 3.41671703014e-15
6.89378757515 2.79362714327e-15
6.91382765531 2.17053725639e-15
6.93386773547 1.54744736952e-15
6.95390781563 9.24357482653e-16
6.97394789579 4.19693398363e-16
6.99398797595 3.54900560666e-16
7.01402805611 2.90107722968e-16
7.03406813627 2.25314885271e-16
7.05410821643 1.60522047574e-16
7.07414829659 1.03228925958e-16
7.09418837675 8.21100080755e-17
7.11422845691 6.09910901925e-17
7.13426853707 3.98721723096e-17
7.15430861723 1.87532544267e-17
7.17434869739 3.97086367953e-19
7.19438877756 3.16198179871e-19
7.21442885772 2.35309991789e-19
7.23446893788 1.54421803706e-19
7.25450901804 7.35336156238e-20
7.2745490982 0.0
7.29458917836 0.0
7.31462925852 0.0
7.33466933868 0.0
7.35470941884 0.0
7.374749499 0.0
7.39478957916 0.0
7.41482965932 0.0
7.43486973948 0.0
7.45490981964 0.0
7.4749498998 0.0
7.49498997996 0.0
7.51503006012 0.0
7.53507014028 0.0
7.55511022044 0.0
7.5751503006 0.0
7.59519038076 0.0
7.61523046092 0.0
7.63527054108 0.0
7.65531062124 0.0
7.6753507014 0.0
7.69539078156 0.0
7.71543086172 0.0
7.73547094188 0.0
7.75551102204 0.0
7.7755511022 0.0
7.79559118236 0.0
7.81563126253 0.0
7.83567134269 0.0
7.85571142285 0.0
7.87575150301 0.0
7.89579158317 0.0
7.91583166333 0.0
7.93587174349 0.0
7.95591182365 0.0
7.97595190381 0.0
7.99599198397 0.0
8.01603206413 0.0
8.03607214429 0.0
8.05611222445 0.0
8.07615230461 0.0
8.09619238477 0.0
8.11623246493 0.0
8.13627254509 0.0
8.15631262525 0.0
8.17635270541 0.0
8.19639278557 0.0
8.21643286573 0.0
8.23647294589 0.0
8.25651302605 0.0
8.27655310621 0.0
8.29659318637 0.0
8.31663326653 0.0
8.33667334669 0.0
8.35671342685 0.0
8.37675350701 0.0
8.39679358717 0.0
8.41683366733 0.0
8.43687374749 0.0
8.45691382766 0.0
8.47695390782 0.0
8.49699398798 0.0
8.51703406814 0.0
8.5370741483 0.0
8.55711422846 0.0
8.57715430862 0.0
8.59719438878 0.0
8.61723446894 0.0
8.6372745491 0.0
8.65731462926 0.0
8.67735470942 0.0
8.69739478958 0.0
8.71743486974 0.0
8.7374749499 0.0
8.75751503006 0.0
8.77755511022 0.0
8.79759519038 0.0
8.81763527054 0.0
8.8376753507 0.0
8.85771543086 0.0
8.87775551102 0.0
8.89779559118 0.0
8.91783567134 0.0
8.9378757515 0.0
8.95791583166 0.0
8.97795591182 0.0
8.99799599198 0.0
9.01803607214 0.0
9.0380761523 0.0
9.05811623246 0.0
9.07815631263 0.0
9.09819639279 0.0
9.11823647295 0.0
9.13827655311 0.0
9.15831663327 0.0
9.17835671343 0.0
9.19839679359 0.0
9.21843687375 0.0
9.23847695391 0.0
9.25851703407 0.0
9.27855711423 0.0
9.29859719439 0.0
9.31863727455 0.0
9.33867735471 0.0
9.35871743487 0.0
9.37875751503 0.0
9.39879759519 0.0
9.41883767535 0.0
9.43887775551 0.0
9.45891783567 0.0
9.47895791583 0.0
9.49899799599 0.0
9.51903807615 0.0
9.53907815631 0.0
9.55911823647 0.0
9.57915831663 0.0
9.59919839679 0.0
9.61923847695 0.0
9.63927855711 0.0
9.65931863727 0.0
9.67935871743 0.0
9.6993987976 0.0
9.71943887776 0.0
9.73947895792 0.0
9.75951903808 0.0
9.77955911824 0.0
9.7995991984 0.0
9.81963927856 0.0
9.83967935872 0.0
9.85971943888 0.0
9.87975951904 0.0
9.8997995992 0.0
9.91983967936 0.0
9.93987975952 0.0
9.95991983968 0.0
9.97995991984 0.0
10.0 0.0
