0.0 0.0
0.0200400801603 0.0
0.0400801603206 0.0
0.060120240481 0.0
0.0801603206413 0.0
0.100200400802 0.0
0.120240480962 0.0
0.140280561122 0.0
0.160320641283 0.0
0.180360721443 0.0
0.200400801603 0.0
0.220440881764 0.0
0.240480961924 0.0
0.260521042084 0.0
0.280561122244 0.0
0.300601202405 3.8719455178e-12
0.320641282565 4.53237095084e-12
0.340681362725 5.305714614e-12
0.360721442886 5.9724881266e-12
0.380761523046 6.62706543582e-12
0.400801603206 7.28164274504e-12
0.420841683367 7.94169885128e-12
0.440881763527 8.60593177065e-12
0.460921843687 9.27016469002e-12
0.480961923848 9.92779068756e-12
0.501002004008 1.05642088473e-11
0.521042084168 1.1200627007e-11
0.541082164329 1.18370451668e-11
0.561122244489 1.24689048985e-11
0.581162324649 1.31003007982e-11
0.60120240481 1.3731696698e-11
0.62124248497 1.43538152572e-11
0.64128256513 1.49691536334e-11
0.661322645291 1.55844920097e-11
0.681362725451 1.61774271578e-11
0.701402805611 1.6702381997e-11
0.721442885772 1.72273368362e-11
0.741482965932 1.77522916755e-11
0.761523046092 1.8252138863e-11
0.781563126253 1.87497427321e-11
0.801603206413 1.92473466012e-11
0.821643286573 1.96658268155e-11
0.841683366733 2.00288877276e-11
0.861723446894 2.03919486398e-11
0.881763527054 2.07099115071e-11
0.901803607214 2.08983118809e-11
0.921843687375 2.10867122547e-11
0.941883767535 2.12751126286e-11
0.961923847695 2.13886980017e-11
0.981963927856 2.14965061892e-11
1.00200400802 2.16043143767e-11
1.02204408818 2.1747835427e-11
1.04208416834 2.19153214433e-11
1.0621242485 2.20828074596e-11
1.08216432866 2.22410982595e-11
1.10220440882 2.23743426952e-11
1.12224448898 2.25075871308e-11
1.14228456914 2.26408315665e-11
1.1623246493 2.26746201927e-11
1.18236472946 2.27019085539e-11
1.20240480962 2.27291969152e-11
1.22244488978 2.27486947594e-11
1.24248496994 2.27631858335e-11
1.2625250501 2.27776769075e-11
1.28256513026 2.27975896259e-11
1.30260521042 2.28315218275e-11
1.32264529058 2.28654540291e-11
1.34268537074 2.28993862307e-11
1.3627254509 2.29722122239e-11
1.38276553106 2.30471289682e-11
1.40280561122 2.31220457126e-11
1.42284569138 2.31668322214e-11
1.44288577154 2.31930810604e-11
1.4629258517 2.32193298995e-11
1.48296593186 2.32499063437e-11
1.50300601202 2.32911186952e-11
1.52304609218 2.33323310467e-11
1.54308617234 2.33735433982e-11
1.56312625251 2.33609600599e-11
1.58316633267 2.33460956508e-11
1.60320641283 2.33312312416e-11
1.62324649299 2.33174230398e-11
1.64328657315 2.33042366574e-11
1.66332665331 2.32910502749e-11
1.68336673347 2.32912070675e-11
1.70340681363 2.33225653423e-11
1.72344689379 2.3353923617e-11
1.74348697395 2.33852818918e-11
1.76352705411 2.32764558536e-11
1.78356713427 2.31632432249e-11
1.80360721443 2.30500305962e-11
1.82364729459 2.29832943664e-11
1.84368737475 2.2942727252e-11
1.86372745491 2.29021601376e-11
1.88376753507 2.29029342907e-11
1.90380761523 2.29957770846e-11
1.92384769539 2.30886198786e-11
1.94388777555 2.31814626725e-11
1.96392785571 2.3109798406e-11
1.98396793587 2.30347757177e-11
2.00400801603 2.29597530293e-11
2.02404809619 2.28915193948e-11
2.04408817635 2.28269397145e-11
2.06412825651 2.27623600341e-11
2.08416833667 2.26989939648e-11
2.10420841683 2.26382042483e-11
2.12424849699 2.25774145318e-11
2.14428857715 2.25166248154e-11
2.16432865731 2.24438782628e-11
2.18436873747 2.23710149451e-11
2.20440881764 2.22981516275e-11
2.2244488978 2.2188910152e-11
2.24448897796 2.20609651951e-11
2.26452905812 2.19330202381e-11
2.28456913828 2.17993808479e-11
2.30460921844 2.16542088782e-11
2.3246492986 2.15090369084e-11
2.34468937876 2.13639095028e-11
2.36472945892 2.12858118442e-11
2.38476953908 2.12077141857e-11
2.40480961924 2.11296165271e-11
2.4248496994 2.10442513609e-11
2.44488977956 2.09553192285e-11
2.46492985972 2.08663870961e-11
2.48496993988 2.07430512868e-11
2.50501002004 2.05531954803e-11
2.5250501002 2.03633396739e-11
2.54509018036 2.01750406881e-11
2.56513026052 2.01267151498e-11
2.58517034068 2.00783896115e-11
2.60521042084 2.00300640732e-11
2.625250501 1.9905256561e-11
2.64529058116 1.97446411174e-11
2.66533066132 1.95840256738e-11
2.68537074148 1.94258598792e-11
2.70541082164 1.92722190495e-11
2.7254509018 1.91185782199e-11
2.74549098196 1.89658626234e-11
2.76553106212 1.88555878457e-11
2.78557114228 1.87453130679e-11
2.80561122244 1.86350382902e-11
2.82565130261 1.84276302982e-11
2.84569138277 1.81768773965e-11
2.86573146293 1.79261244949e-11
2.88577154309 1.77260183325e-11
2.90581162325 1.76153441597e-11
2.92585170341 1.7504669987e-11
2.94589178357 1.73918700625e-11
2.96593186373 1.72140759406e-11
2.98597194389 1.70362818188e-11
3.00601202405 1.68584876969e-11
3.02605210421 1.66760872631e-11
3.04609218437 1.64917294121e-11
3.06613226453 1.63073715611e-11
3.08617234469 1.61292153075e-11
3.10621242485 1.59615331413e-11
3.12625250501 1.5793850975e-11
3.14629258517 1.56272206692e-11
3.16633266533 1.54845789517e-11
3.18637274549 1.53419372341e-11
3.20641282565 1.51992955166e-11
3.22645290581 1.50090718058e-11
3.24649298597 1.47996125468e-11
3.26653306613 1.45901532878e-11
3.28657314629 1.43695293628e-11
3.30661322645 1.41308608259e-11
3.32665330661 1.38921922889e-11
3.34669338677 1.36574392417e-11
3.36673346693 1.34935766433e-11
3.38677354709 1.33297140449e-11
3.40681362725 1.31658514465e-11
3.42685370741 1.2989391321e-11
3.44689378758 1.2808091584e-11
3.46693386774 1.2626791847e-11
3.4869739479 1.24497619609e-11
3.50701402806 1.22793390059e-11
3.52705410822 1.21089160508e-11
3.54709418838 1.19366636432e-11
3.56713426854 1.17370523305e-11
3.5871743487 1.15374410177e-11
3.60721442886 1.1337829705e-11
3.62725450902 1.11507779291e-11
3.64729458918 1.09683059722e-11
3.66733466934 1.07858340152e-11
3.6873747495 1.0611357633e-11
3.70741482966 1.04487306794e-11
3.72745490982 1.02861037257e-11
3.74749498998 1.01241287062e-11
3.76753507014 9.97043076742e-12
3.7875751503 9.81673282869e-12
3.80761523046 9.66303488996e-12
3.82765531062 9.48175979174e-12
3.84769539078 9.29095212598e-12
3.86773547094 9.10014446021e-12
3.8877755511 8.92291854871e-12
3.90781563126 8.76497765258e-12
3.92785571142 8.60703675645e-12
3.94789579158 8.45052477974e-12
3.96793587174 8.30972779592e-12
3.9879759519 8.16893081209e-12
4.00801603206 8.02813382827e-12
4.02805611222 7.87003427448e-12
4.04809619238 7.70627314902e-12
4.06813627255 7.54251202356e-12
4.08817635271 7.39225890448e-12
4.10821643287 7.26038846282e-12
4.12825651303 7.12851802116e-12
4.14829659319 6.99602598359e-12
4.16833667335 6.85752051554e-12
4.18837675351 6.71901504748e-12
4.20841683367 6.58050957943e-12
4.22845691383 6.45393100758e-12
4.24849699399 6.33104083276e-12
4.26853707415 6.20815065793e-12
4.28857715431 6.08156119153e-12
4.30861723447 5.95014549008e-12
4.32865731463 5.81872978862e-12
4.34869739479 5.68906948745e-12
4.36873747495 5.57452946613e-12
4.38877755511 5.45998944482e-12
4.40881763527 5.3454494235e-12
4.42885771543 5.24065281016e-12
4.44889779559 5.13869903508e-12
4.46893787575 5.03674525999e-12
4.48897795591 4.93373918174e-12
4.50901803607 4.82941665199e-12
4.52905811623 4.72509412225e-12
4.54909819639 4.62139475046e-12
4.56913827655 4.52252154725e-12
4.58917835671 4.42364834403e-12
4.60921843687 4.32477514082e-12
4.62925851703 4.22720913955e-12
4.64929859719 4.13000229343e-12
4.66933867735 4.03279544731e-12
4.68937875752 3.94164136278e-12
4.70941883768 3.85774961783e-12
4.72945891784 3.77385787288e-12
4.749498998 3.68895232918e-12
4.76953907816 3.59693006653e-12
4.78957915832 3.50490780389e-12
4.80961923848 3.41288554125e-12
4.82965931864 3.33077981571e-12
4.8496993988 3.25123428592e-12
4.86973947896 3.17168875613e-12
4.88977955912 3.09417649531e-12
4.90981963928 3.01900439365e-12
4.92985971944 2.94383229198e-12
4.9498997996 2.86982081354e-12
4.96993987976 2.80324426122e-12
4.98997995992 2.73666770891e-12
5.01002004008 2.67152849788e-12
5.03006012024 2.60772306923e-12
5.0501002004 2.54391764057e-12
5.07014028056 2.48400946094e-12
5.09018036072 2.42418162672e-12
5.11022044088 2.3643537925e-12
5.13026052104 2.30452595828e-12
5.1503006012 2.24469812406e-12
5.17034068136 2.18975720932e-12
5.19038076152 2.13513153784e-12
5.21042084168 2.08050586636e-12
5.23046092184 2.02588019487e-12
5.250501002 1.97125452339e-12
5.27054108216 1.92230877208e-12
5.29058116232 1.87400112548e-12
5.31062124248 1.82569347888e-12
5.33066132265 1.77738583229e-12
5.35070140281 1.72907818569e-12
5.37074148297 1.68235732604e-12
5.39078156313 1.63589778155e-12
5.41082164329 1.58943823706e-12
5.43086172345 1.54297869258e-12
5.45090180361 1.49651914809e-12
5.47094188377 1.45519219535e-12
5.49098196393 1.41500564465e-12
5.51102204409 1.37481909396e-12
5.53106212425 1.33463254326e-12
5.55110220441 1.29444599257e-12
5.57114228457 1.25616325318e-12
5.59118236473 1.21842452968e-12
5.61122244489 1.18068580617e-12
5.63126252505 1.14294708267e-12
5.65130260521 1.10520835917e-12
5.67134268537 1.07099559392e-12
5.69138276553 1.03803876056e-12
5.71142284569 1.0050819272e-12
5.73146292585 9.72125093836e-13
5.75150300601 9.39168260474e-13
5.77154308617 9.07510718243e-13
5.79158316633 8.76418117556e-13
5.81162324649 8.4532551687e-13
5.83166332665 8.14232916184e-13
5.85170340681 7.83140315497e-13
5.87174348697 7.53663259138e-13
5.89178356713 7.25031283182e-13
5.91182364729 6.96399307225e-13
5.93186372745 6.67767331268e-13
5.95190380762 6.39135355312e-13
5.97194388778 6.13537277148e-13
5.99198396794 5.89829184213e-13
6.0120240481 5.66121091278e-13
6.03206412826 5.42412998342e-13
6.05210420842 5.18704905407e-13
6.07214428858 4.96276292711e-13
6.09218436874 4.74790443255e-13
6.1122244489 4.53304593798e-13
6.13226452906 4.31818744342e-13
6.15230460922 4.10332894886e-13
6.17234468938 3.89601810277e-13
6.19238476954 3.69525783353e-13
6.2124248497 3.49449756429e-13
6.23246492986 3.29373729505e-13
6.25250501002 3.09297702582e-13
6.27254509018 2.90836925871e-13
6.29258517034 2.74024277256e-13
6.3126252505 2.57211628642e-13
6.33266533066 2.40398980028e-13
6.35270541082 2.23586331414e-13
6.37274549098 2.07904917638e-13
6.39278557114 1.93580886322e-13
6.4128256513 1.79256855007e-13
6.43286573146 1.64932823691e-13
6.45290581162 1.50608792376e-13
6.47294589178 1.37988606625e-13
6.49298597194 1.2777850867e-13
6.5130260521 1.17568410715e-13
6.53306613226 1.07358312759e-13
6.55310621242 9.71482148044e-14
6.57314629259 8.81433018164e-14
6.59318637275 8.11580749788e-14
6.61322645291 7.41728481411e-14
6.63326653307 6.71876213035e-14
6.65330661323 6.02023944658e-14
6.67334669339 5.34601392692e-14
6.69338677355 4.72038637291e-14
6.71342685371 4.09475881891e-14
6.73346693387 3.46913126491e-14
6.75350701403 2.84350371091e-14
6.77354709419 2.28459805968e-14
6.79358717435 1.88675429193e-14
6.81362725451 1.48891052418e-14
6.83366733467 1.09106675643e-14
6.85370741483 6.93222988679e-15
6.87374749499 3.78415933509e-15
6.89378757515 3.09406080155e-15
6.91382765531 2.40396226802e-15
6.93386773547 1.71386373448e-15
6.95390781563 1.02376520095e-15
6.97394789579 4.64828277344e-16
6.99398797595 3.93067455638e-16
7.01402805611 3.21306633932e-16
7.03406813627 2.49545812226e-16
7.05410821643 1.7778499052e-16
7.07414829659 1.14330423143e-16
7.09418837675 9.09403239491e-17
7.11422845691 6.75502247548e-17
7.13426853707 4.41601255605e-17
7.15430861723 2.07700263663e-17
7.17434869739 4.39790030275e-19
7.19438877756 3.50202923901e-19
7.21442885772 2.60615817527e-19
7.23446893788 1.71028711152e-19
7.25450901804 8.14416047777e-20
7.2745490982 0.0
7.29458917836 0.0
7.31462925852 0.0
7.33466933868 0.0
7.35470941884 0.0
7.374749499 0.0
7.39478957916 0.0
7.41482965932 0.0
7.43486973948 0.0
7.45490981964 0.0
7.4749498998 0.0
7.49498997996 0.0
7.51503006012 0.0
7.53507014028 0.0
7.55511022044 0.0
7.5751503006 0.0
7.59519038076 0.0
7.61523046092 0.0
7.63527054108 0.0
7.65531062124 0.0
7.6753507014 0.0
7.69539078156 0.0
7.71543086172 0.0
7.73547094188 0.0
7.75551102204 0.0
7.7755511022 0.0
7.79559118236 0.0
7.81563126253 0.0
7.83567134269 0.0
7.85571142285 0.0
7.87575150301 0.0
7.89579158317 0.0
7.91583166333 0.0
7.93587174349 0.0
7.95591182365 0.0
7.97595190381 0.0
7.99599198397 0.0
8.01603206413 0.0
8.03607214429 0.0
8.05611222445 0.0
8.07615230461 0.0
8.09619238477 0.0
8.11623246493 0.0
8.13627254509 0.0
8.15631262525 0.0
8.17635270541 0.0
8.19639278557 0.0
8.21643286573 0.0
8.23647294589 0.0
8.25651302605 0.0
8.27655310621 0.0
8.29659318637 0.0
8.31663326653 0.0
8.33667334669 0.0
8.35671342685 0.0
8.37675350701 0.0
8.39679358717 0.0
8.41683366733 0.0
8.43687374749 0.0
8.45691382766 0.0
8.47695390782 0.0
8.49699398798 0.0
8.51703406814 0.0
8.5370741483 0.0
8.55711422846 0.0
8.57715430862 0.0
8.59719438878 0.0
8.61723446894 0.0
8.6372745491 0.0
8.65731462926 0.0
8.67735470942 0.0
8.69739478958 0.0
8.71743486974 0.0
8.7374749499 0.0
8.75751503006 0.0
8.77755511022 0.0
8.79759519038 0.0
8.81763527054 0.0
8.8376753507 0.0
8.85771543086 0.0
8.87775551102 0.0
8.89779559118 0.0
8.91783567134 0.0
8.9378757515 0.0
8.95791583166 0.0
8.97795591182 0.0
8.99799599198 0.0
9.01803607214 0.0
9.0380761523 0.0
9.05811623246 0.0
9.07815631263 0.0
9.09819639279 0.0
9.11823647295 0.0
9.13827655311 0.0
9.15831663327 0.0
9.17835671343 0.0
9.19839679359 0.0
9.21843687375 0.0
9.23847695391 0.0
9.25851703407 0.0
9.27855711423 0.0
9.29859719439 0.0
9.31863727455 0.0
9.33867735471 0.0
9.35871743487 0.0
9.37875751503 0.0
9.39879759519 0.0
9.41883767535 0.0
9.43887775551 0.0
9.45891783567 0.0
9.47895791583 0.0
9.49899799599 0.0
9.51903807615 0.0
9.53907815631 0.0
9.55911823647 0.0
9.57915831663 0.0
9.59919839679 0.0
9.61923847695 0.0
9.63927855711 0.0
9.65931863727 0.0
9.67935871743 0.0
9.6993987976 0.0
9.71943887776 0.0
9.73947895792 0.0
9.75951903808 0.0
9.77955911824 0.0
9.7995991984 0.0
9.81963927856 0.0
9.83967935872 0.0
9.85971943888 0.0
9.87975951904 0.0
9.8997995992 0.0
9.91983967936 0.0
9.93987975952 0.0
9.95991983968 0.0
9.97995991984 0.0
10.0 0.0
