0.0 0.0
0.0200400801603 0.0
0.0400801603206 0.0
0.060120240481 0.0
0.0801603206413 0.0
0.100200400802 0.0
0.120240480962 0.0
0.140280561122 0.0
0.160320641283 0.0
0.180360721443 0.0
0.200400801603 0.0
0.220440881764 0.0
0.240480961924 0.0
0.260521042084 0.0
0.280561122244 0.0
0.300601202405 0.0
0.320641282565 3.99540575214e-12
0.340681362725 4.67712879593e-12
0.360721442886 5.26490741257e-12
0.380761523046 5.84193475099e-12
0.400801603206 6.41896208941e-12
0.420841683367 7.00081913337e-12
0.440881763527 7.5863581494e-12
0.460921843687 8.17189716542e-12
0.480961923848 8.75161200382e-12
0.501002004008 9.31263156815e-12
0.521042084168 9.87365113247e-12
0.541082164329 1.04346706968e-11
0.561122244489 1.09916718853e-11
0.581162324649 1.15482641937e-11
0.60120240481 1.2104856502e-11
0.62124248497 1.26532705875e-11
0.64128256513 1.3195707761e-11
0.661322645291 1.37381449345e-11
0.681362725451 1.42608330656e-11
0.701402805611 1.47235947431e-11
0.721442885772 1.51863564205e-11
0.741482965932 1.5649118098e-11
0.761523046092 1.60897467116e-11
0.781563126253 1.65283977802e-11
0.801603206413 1.69670488488e-11
0.821643286573 1.73359503075e-11
0.841683366733 1.76559981749e-11
0.861723446894 1.79760460422e-11
0.881763527054 1.82563387814e-11
0.901803607214 1.84224187306e-11
0.921843687375 1.85884986798e-11
0.941883767535 1.8754578629e-11
0.961923847695 1.88547071618e-11
0.981963927856 1.89497429515e-11
1.00200400802 1.90447787412e-11
1.02204408818 1.91712963709e-11
1.04208416834 1.93189397568e-11
1.0621242485 1.94665831426e-11
1.08216432866 1.96061207002e-11
1.10220440882 1.97235792203e-11
1.12224448898 1.98410377405e-11
1.14228456914 1.99584962606e-11
1.1623246493 1.99882818349e-11
1.18236472946 2.00123372524e-11
1.20240480962 2.00363926698e-11
1.22244488978 2.0053580539e-11
1.24248496994 2.00663548069e-11
1.2625250501 2.00791290748e-11
1.28256513026 2.00966826666e-11
1.30260521042 2.01265948064e-11
1.32264529058 2.01565069462e-11
1.34268537074 2.01864190859e-11
1.3627254509 2.02506171393e-11
1.38276553106 2.03166582455e-11
1.40280561122 2.03826993517e-11
1.42284569138 2.04221798525e-11
1.44288577154 2.04453189035e-11
1.4629258517 2.04684579545e-11
1.48296593186 2.04954119047e-11
1.50300601202 2.05317416906e-11
1.52304609218 2.05680714765e-11
1.54308617234 2.06044012624e-11
1.56312625251 2.05933087144e-11
1.58316633267 2.05802053417e-11
1.60320641283 2.0567101969e-11
1.62324649299 2.05549296712e-11
1.64328657315 2.05433055237e-11
1.66332665331 2.05316813763e-11
1.68336673347 2.05318195931e-11
1.70340681363 2.05594627478e-11
1.72344689379 2.05871059025e-11
1.74348697395 2.06147490573e-11
1.76352705411 2.0518816005e-11
1.78356713427 2.04190160564e-11
1.80360721443 2.03192161079e-11
1.82364729459 2.02603863432e-11
1.84368737475 2.0224625351e-11
1.86372745491 2.01888643588e-11
1.88376753507 2.01895467953e-11
1.90380761523 2.02713901919e-11
1.92384769539 2.03532335884e-11
1.94388777555 2.0435076985e-11
1.96392785571 2.03719030247e-11
1.98396793587 2.0305768526e-11
2.00400801603 2.02396340273e-11
2.02404809619 2.01794842605e-11
2.04408817635 2.01225555516e-11
2.06412825651 2.00656268428e-11
2.08416833667 2.00097679643e-11
2.10420841683 1.99561802096e-11
2.12424849699 1.99025924549e-11
2.14428857715 1.98490047001e-11
2.16432865731 1.97848766759e-11
2.18436873747 1.972064572e-11
2.20440881764 1.96564147641e-11
2.2244488978 1.95601154929e-11
2.24448897796 1.94473286044e-11
2.26452905812 1.93345417159e-11
2.28456913828 1.92167350329e-11
2.30460921844 1.90887620736e-11
2.3246492986 1.89607891143e-11
2.34468937876 1.88328554396e-11
2.36472945892 1.87640102727e-11
2.38476953908 1.86951651059e-11
2.40480961924 1.86263199391e-11
2.4248496994 1.85510682707e-11
2.44488977956 1.84726722265e-11
2.46492985972 1.83942761823e-11
2.48496993988 1.82855523802e-11
2.50501002004 1.81181894284e-11
2.5250501002 1.79508264766e-11
2.54509018036 1.77848359036e-11
2.56513026052 1.7742235654e-11
2.58517034068 1.76996354044e-11
2.60521042084 1.76570351548e-11
2.625250501 1.75470140075e-11
2.64529058116 1.74054272146e-11
2.66533066132 1.72638404217e-11
2.68537074148 1.71244130596e-11
2.70541082164 1.69889745747e-11
2.7254509018 1.68535360898e-11
2.74549098196 1.67189132226e-11
2.76553106212 1.66217030679e-11
2.78557114228 1.65244929132e-11
2.80561122244 1.64272827585e-11
2.82565130261 1.62444470875e-11
2.84569138277 1.60234017237e-11
2.86573146293 1.58023563599e-11
2.88577154309 1.56259574462e-11
2.90581162325 1.55283952142e-11
2.92585170341 1.54308329821e-11
2.94589178357 1.53313968433e-11
2.96593186373 1.51746665878e-11
2.98597194389 1.50179363323e-11
3.00601202405 1.48612060768e-11
3.02605210421 1.47004152345e-11
3.04609218437 1.45378988769e-11
3.06613226453 1.43753825193e-11
3.08617234469 1.4218333035e-11
3.10621242485 1.40705167378e-11
3.12625250501 1.39227004406e-11
3.14629258517 1.37758113863e-11
3.16633266533 1.36500689118e-11
3.18637274549 1.35243264373e-11
3.20641282565 1.33985839628e-11
3.22645290581 1.32308966935e-11
3.24649298597 1.30462527759e-11
3.26653306613 1.28616088584e-11
3.28657314629 1.26671229903e-11
3.30661322645 1.24567303159e-11
3.32665330661 1.22463376416e-11
3.34669338677 1.20393965758e-11
3.36673346693 1.18949473294e-11
3.38677354709 1.1750498083e-11
3.40681362725 1.16060488366e-11
3.42685370741 1.14504945345e-11
3.44689378758 1.12906739858e-11
3.46693386774 1.11308534372e-11
3.4869739479 1.09747968758e-11
3.50701402806 1.08245645003e-11
3.52705410822 1.06743321247e-11
3.54709418838 1.0522487038e-11
3.56713426854 1.03465243474e-11
3.5871743487 1.01705616569e-11
3.60721442886 9.9945989663e-12
3.62725450902 9.82970784207e-12
3.64729458918 9.66885395033e-12
3.66733466934 9.50800005859e-12
3.6873747495 9.35419447896e-12
3.70741482966 9.21083448635e-12
3.72745490982 9.06747449373e-12
3.74749498998 8.92468919837e-12
3.76753507014 8.7892003703e-12
3.7875751503 8.65371154224e-12
3.80761523046 8.51822271417e-12
3.82765531062 8.35842388526e-12
3.84769539078 8.19022184407e-12
3.86773547094 8.02201980288e-12
3.8877755511 7.86579043994e-12
3.90781563126 7.72656133188e-12
3.92785571142 7.58733222382e-12
3.94789579158 7.4493627463e-12
3.96793587174 7.32524645371e-12
3.9879759519 7.20113016112e-12
4.00801603206 7.07701386853e-12
4.02805611222 6.93764489952e-12
4.04809619238 6.79328510423e-12
4.06813627255 6.64892530893e-12
4.08817635271 6.51647318117e-12
4.10821643287 6.40022587334e-12
4.12825651303 6.2839785655e-12
4.14829659319 6.16718330431e-12
4.16833667335 6.04508704393e-12
4.18837675351 5.92299078355e-12
4.20841683367 5.80089452316e-12
4.22845691383 5.68931213956e-12
4.24849699399 5.58098117621e-12
4.26853707415 5.47265021285e-12
4.28857715431 5.36105822542e-12
4.30861723447 5.24521178319e-12
4.32865731463 5.12936534096e-12
4.34869739479 5.01506633085e-12
4.36873747495 4.91409625029e-12
4.38877755511 4.81312616974e-12
4.40881763527 4.71215608918e-12
4.42885771543 4.61977508236e-12
4.44889779559 4.5299001132e-12
4.46893787575 4.44002514403e-12
4.48897795591 4.3492225416e-12
4.50901803607 4.25725945209e-12
4.52905811623 4.16529636259e-12
4.54909819639 4.07388260342e-12
4.56913827655 3.98672324045e-12
4.58917835671 3.89956387747e-12
4.60921843687 3.8124045145e-12
4.62925851703 3.72639748486e-12
4.64929859719 3.64070706006e-12
4.66933867735 3.55501663525e-12
4.68937875752 3.47466188106e-12
4.70941883768 3.4007090727e-12
4.72945891784 3.32675626435e-12
4.749498998 3.25190976538e-12
4.76953907816 3.17078968905e-12
4.78957915832 3.08966961272e-12
4.80961923848 3.00854953639e-12
4.82965931864 2.93617115173e-12
4.8496993988 2.86604964784e-12
4.86973947896 2.79592814394e-12
4.88977955912 2.72759902082e-12
4.90981963928 2.66133281034e-12
4.92985971944 2.59506659987e-12
4.9498997996 2.52982350968e-12
4.96993987976 2.47113450497e-12
4.98997995992 2.41244550026e-12
5.01002004008 2.3550235502e-12
5.03006012024 2.29877736483e-12
5.0501002004 2.24253117946e-12
5.07014028056 2.18972052293e-12
5.09018036072 2.13698069304e-12
5.11022044088 2.08424086314e-12
5.13026052104 2.03150103324e-12
5.1503006012 1.97876120335e-12
5.17034068136 1.93032932317e-12
5.19038076152 1.88217533833e-12
5.21042084168 1.83402135349e-12
5.23046092184 1.78586736865e-12
5.250501002 1.73771338381e-12
5.27054108216 1.69456639994e-12
5.29058116232 1.65198192237e-12
5.31062124248 1.6093974448e-12
5.33066132265 1.56681296724e-12
5.35070140281 1.52422848967e-12
5.37074148297 1.48304280707e-12
5.39078156313 1.44208748075e-12
5.41082164329 1.40113215443e-12
5.43086172345 1.36017682811e-12
5.45090180361 1.3192215018e-12
5.47094188377 1.28279069186e-12
5.49098196393 1.2473651767e-12
5.51102204409 1.21193966154e-12
5.53106212425 1.17651414639e-12
5.55110220441 1.14108863123e-12
5.57114228457 1.10734137647e-12
5.59118236473 1.0740736862e-12
5.61122244489 1.04080599594e-12
5.63126252505 1.00753830568e-12
5.65130260521 9.74270615411e-13
5.67134268537 9.44111151292e-13
5.69138276553 9.15058824592e-13
5.71142284569 8.86006497892e-13
5.73146292585 8.56954171192e-13
5.75150300601 8.27901844492e-13
5.77154308617 7.99994877543e-13
5.79158316633 7.72585921617e-13
5.81162324649 7.45176965691e-13
5.83166332665 7.17768009765e-13
5.85170340681 6.90359053839e-13
5.87174348697 6.64374243282e-13
5.89178356713 6.39134393616e-13
5.91182364729 6.13894543949e-13
5.93186372745 5.88654694282e-13
5.95190380762 5.63414844616e-13
5.97194388778 5.40849456688e-13
5.99198396794 5.19950141095e-13
6.0120240481 4.99050825502e-13
6.03206412826 4.78151509909e-13
6.05210420842 4.57252194316e-13
6.07214428858 4.37480774644e-13
6.09218436874 4.18540425887e-13
6.1122244489 3.99600077129e-13
6.13226452906 3.80659728372e-13
6.15230460922 3.61719379615e-13
6.17234468938 3.43444376179e-13
6.19238476954 3.25746823547e-13
6.2124248497 3.08049270915e-13
6.23246492986 2.90351718282e-13
6.25250501002 2.7265416565e-13
6.27254509018 2.56380499117e-13
6.29258517034 2.41559701413e-13
6.3126252505 2.26738903709e-13
6.33266533066 2.11918106004e-13
6.35270541082 1.970973083e-13
6.37274549098 1.83273724247e-13
6.39278557114 1.70646708997e-13
6.4128256513 1.58019693748e-13
6.43286573146 1.45392678499e-13
6.45290581162 1.32765663249e-13
6.47294589178 1.21640633262e-13
6.49298597194 1.1264015988e-13
6.5130260521 1.03639686498e-13
6.53306613226 9.46392131164e-14
6.55310621242 8.56387397346e-14
6.57314629259 7.77006690118e-14
6.59318637275 7.15430054424e-14
6.61322645291 6.53853418729e-14
6.63326653307 5.92276783035e-14
6.65330661323 5.30700147341e-14
6.67334669339 4.71265371398e-14
6.69338677355 4.16114635612e-14
6.71342685371 3.60963899826e-14
6.73346693387 3.05813164039e-14
6.75350701403 2.50662428253e-14
6.77354709419 2.01393405967e-14
6.79358717435 1.66322417838e-14
6.81362725451 1.3125142971e-14
6.83366733467 9.6180441581e-15
6.85370741483 6.11094534522e-15
6.87374749499 3.33583727775e-15
6.89378757515 2.72749703369e-15
6.91382765531 2.11915678962e-15
6.93386773547 1.51081654556e-15
6.95390781563 9.02476301492e-16
6.97394789579 4.09758511208e-16
6.99398797595 3.46499434903e-16
7.01402805611 2.83240358598e-16
7.03406813627 2.19981282292e-16
7.05410821643 1.56722205987e-16
7.07414829659 1.00785314182e-16
7.09418837675 8.01663185446e-17
7.11422845691 5.95473229069e-17
7.13426853707 3.89283272692e-17
7.15430861723 1.83093316315e-17
7.17434869739 3.87686629306e-19
7.19438877756 3.08713208108e-19
7.21442885772 2.2973978691e-19
7.23446893788 1.50766365712e-19
7.25450901804 7.17929445144e-20
7.2745490982 0.0
7.29458917836 0.0
7.31462925852 0.0
7.33466933868 0.0
7.35470941884 0.0
7.374749499 0.0
7.39478957916 0.0
7.41482965932 0.0
7.43486973948 0.0
7.45490981964 0.0
7.4749498998 0.0
7.49498997996 0.0
7.51503006012 0.0
7.53507014028 0.0
7.55511022044 0.0
7.5751503006 0.0
7.59519038076 0.0
7.61523046092 0.0
7.63527054108 0.0
7.65531062124 0.0
7.6753507014 0.0
7.69539078156 0.0
7.71543086172 0.0
7.73547094188 0.0
7.75551102204 0.0
7.7755511022 0.0
7.79559118236 0.0
7.81563126253 0.0
7.83567134269 0.0
7.85571142285 0.0
7.87575150301 0.0
7.89579158317 0.0
7.91583166333 0.0
7.93587174349 0.0
7.95591182365 0.0
7.97595190381 0.0
7.99599198397 0.0
8.01603206413 0.0
8.03607214429 0.0
8.05611222445 0.0
8.07615230461 0.0
8.09619238477 0.0
8.11623246493 0.0
8.13627254509 0.0
8.15631262525 0.0
8.17635270541 0.0
8.19639278557 0.0
8.21643286573 0.0
8.23647294589 0.0
8.25651302605 0.0
8.27655310621 0.0
8.29659318637 0.0
8.31663326653 0.0
8.33667334669 0.0
8.35671342685 0.0
8.37675350701 0.0
8.39679358717 0.0
8.41683366733 0.0
8.43687374749 0.0
8.45691382766 0.0
8.47695390782 0.0
8.49699398798 0.0
8.51703406814 0.0
8.5370741483 0.0
8.55711422846 0.0
8.57715430862 0.0
8.59719438878 0.0
8.61723446894 0.0
8.6372745491 0.0
8.65731462926 0.0
8.67735470942 0.0
8.69739478958 0.0
8.71743486974 0.0
8.7374749499 0.0
8.75751503006 0.0
8.77755511022 0.0
8.79759519038 0.0
8.81763527054 0.0
8.8376753507 0.0
8.85771543086 0.0
8.87775551102 0.0
8.89779559118 0.0
8.91783567134 0.0
8.9378757515 0.0
8.95791583166 0.0
8.97795591182 0.0
8.99799599198 0.0
9.01803607214 0.0
9.0380761523 0.0
9.05811623246 0.0
9.07815631263 0.0
9.09819639279 0.0
9.11823647295 0.0
9.13827655311 0.0
9.15831663327 0.0
9.17835671343 0.0
9.19839679359 0.0
9.21843687375 0.0
9.23847695391 0.0
9.25851703407 0.0
9.27855711423 0.0
9.29859719439 0.0
9.31863727455 0.0
9.33867735471 0.0
9.35871743487 0.0
9.37875751503 0.0
9.39879759519 0.0
9.41883767535 0.0
9.43887775551 0.0
9.45891783567 0.0
9.47895791583 0.0
9.49899799599 0.0
9.51903807615 0.0
9.53907815631 0.0
9.55911823647 0.0
9.57915831663 0.0
9.59919839679 0.0
9.61923847695 0.0
9.63927855711 0.0
9.65931863727 0.0
9.67935871743 0.0
9.6993987976 0.0
9.71943887776 0.0
9.73947895792 0.0
9.75951903808 0.0
9.77955911824 0.0
9.7995991984 0.0
9.81963927856 0.0
9.83967935872 0.0
9.85971943888 0.0
9.87975951904 0.0
9.8997995992 0.0
9.91983967936 0.0
9.93987975952 0.0
9.95991983968 0.0
9.97995991984 0.0
10.0 0.0
