0.0 0.0
0.0200400801603 0.0
0.0400801603206 0.0
0.060120240481 0.0
0.0801603206413 0.0
0.100200400802 0.0
0.120240480962 0.0
0.140280561122 0.0
0.160320641283 0.0
0.180360721443 1.02886535803e-12
0.200400801603 1.01937632324e-12
0.220440881764 5.08963783641e-11
0.240480961924 5.57898439245e-11
0.260521042084 1.9085415432e-12
0.280561122244 2.32946622141e-12
0.300601202405 2.74548965784e-12
0.320641282565 3.2137790973e-12
0.340681362725 3.76213573595e-12
0.360721442886 4.23492642335e-12
0.380761523046 4.6990691197e-12
0.400801603206 5.16321181604e-12
0.420841683367 5.63123937607e-12
0.440881763527 6.10222859897e-12
0.460921843687 6.57321782186e-12
0.480961923848 7.03952225891e-12
0.501002004008 7.49078880376e-12
0.521042084168 7.9420553486e-12
0.541082164329 8.39332189344e-12
0.561122244489 8.8413561828e-12
0.581162324649 9.28906158177e-12
0.60120240481 9.73676698074e-12
0.62124248497 1.01778940737e-11
0.64128256513 1.06142135261e-11
0.661322645291 1.10505329784e-11
0.681362725451 1.14709669204e-11
0.701402805611 1.18431979022e-11
0.721442885772 1.22154288841e-11
0.741482965932 1.2587659866e-11
0.761523046092 1.29420877054e-11
0.781563126253 1.32949248695e-11
0.801603206413 1.36477620337e-11
0.821643286573 1.39444947989e-11
0.841683366733 1.42019312672e-11
0.861723446894 1.44593677355e-11
0.881763527054 1.46848264254e-11
0.901803607214 1.48184159285e-11
0.921843687375 1.49520054316e-11
0.941883767535 1.50855949348e-11
0.961923847695 1.51661351866e-11
0.981963927856 1.52425789957e-11
1.00200400802 1.53190228047e-11
1.02204408818 1.54207896187e-11
1.04208416834 1.55395493284e-11
1.0621242485 1.56583090381e-11
1.08216432866 1.57705486737e-11
1.10220440882 1.5865028624e-11
1.12224448898 1.59595085743e-11
1.14228456914 1.60539885246e-11
1.1623246493 1.60779471065e-11
1.18236472946 1.609729653e-11
1.20240480962 1.61166459535e-11
1.22244488978 1.61304713365e-11
1.24248496994 1.61407465569e-11
1.2625250501 1.61510217774e-11
1.28256513026 1.61651413363e-11
1.30260521042 1.61892017235e-11
1.32264529058 1.62132621107e-11
1.34268537074 1.6237322498e-11
1.3627254509 1.62889613989e-11
1.38276553106 1.63420827938e-11
1.40280561122 1.63952041887e-11
1.42284569138 1.64269610655e-11
1.44288577154 1.64455733925e-11
1.4629258517 1.64641857195e-11
1.48296593186 1.64858666318e-11
1.50300601202 1.65150891724e-11
1.52304609218 1.65443117129e-11
1.54308617234 1.65735342534e-11
1.56312625251 1.65646117557e-11
1.58316633267 1.65540718136e-11
1.60320641283 1.65435318715e-11
1.62324649299 1.65337408568e-11
1.64328657315 1.65243907572e-11
1.66332665331 1.65150406575e-11
1.68336673347 1.65151518347e-11
1.70340681363 1.65373871215e-11
1.72344689379 1.65596224083e-11
1.74348697395 1.65818576952e-11
1.76352705411 1.65046921562e-11
1.78356713427 1.64244162072e-11
1.80360721443 1.63441402581e-11
1.82364729459 1.62968194402e-11
1.84368737475 1.62680544195e-11
1.86372745491 1.62392893988e-11
1.88376753507 1.62398383293e-11
1.90380761523 1.6305670591e-11
1.92384769539 1.63715028527e-11
1.94388777555 1.64373351144e-11
1.96392785571 1.63865199618e-11
1.98396793587 1.63333234449e-11
2.00400801603 1.62801269281e-11
2.02404809619 1.62317443419e-11
2.04408817635 1.61859526737e-11
2.06412825651 1.61401610054e-11
2.08416833667 1.60952298753e-11
2.10420841683 1.60521255658e-11
2.12424849699 1.60090212563e-11
2.14428857715 1.59659169468e-11
2.16432865731 1.59143343751e-11
2.18436873747 1.58626690083e-11
2.20440881764 1.58110036416e-11
2.2244488978 1.57335435277e-11
2.24448897796 1.56428212914e-11
2.26452905812 1.55520990551e-11
2.28456913828 1.54573390535e-11
2.30460921844 1.53544016181e-11
2.3246492986 1.52514641827e-11
2.34468937876 1.51485583465e-11
2.36472945892 1.50931814532e-11
2.38476953908 1.50378045598e-11
2.40480961924 1.49824276665e-11
2.4248496994 1.49218975842e-11
2.44488977956 1.48588382647e-11
2.46492985972 1.47957789451e-11
2.48496993988 1.47083249281e-11
2.50501002004 1.45737034179e-11
2.5250501002 1.44390819077e-11
2.54509018036 1.4305564296e-11
2.56513026052 1.42712979911e-11
2.58517034068 1.42370316862e-11
2.60521042084 1.42027653813e-11
2.625250501 1.41142678205e-11
2.64529058116 1.40003798443e-11
2.66533066132 1.3886491868e-11
2.68537074148 1.37743408702e-11
2.70541082164 1.36653984e-11
2.7254509018 1.35564559299e-11
2.74549098196 1.34481695171e-11
2.76553106212 1.3369976717e-11
2.78557114228 1.3291783917e-11
2.80561122244 1.32135911169e-11
2.82565130261 1.30665238365e-11
2.84569138277 1.28887218775e-11
2.86573146293 1.27109199186e-11
2.88577154309 1.2569030164e-11
2.90581162325 1.24905541639e-11
2.92585170341 1.24120781639e-11
2.94589178357 1.23320948519e-11
2.96593186373 1.22060259492e-11
2.98597194389 1.20799570465e-11
3.00601202405 1.19538881438e-11
3.02605210421 1.18245530324e-11
3.04609218437 1.16938299706e-11
3.06613226453 1.15631069088e-11
3.08617234469 1.14367812285e-11
3.10621242485 1.13178824343e-11
3.12625250501 1.11989836401e-11
3.14629258517 1.10808306911e-11
3.16633266533 1.09796873877e-11
3.18637274549 1.08785440843e-11
3.20641282565 1.07774007809e-11
3.22645290581 1.06425183999e-11
3.24649298597 1.04939966227e-11
3.26653306613 1.03454748456e-11
3.28657314629 1.01890365121e-11
3.30661322645 1.00198032424e-11
3.32665330661 9.85056997279e-12
3.34669338677 9.68411306881e-12
3.36673346693 9.56792262471e-12
3.38677354709 9.45173218062e-12
3.40681362725 9.33554173652e-12
3.42685370741 9.21041873381e-12
3.44689378758 9.08186409619e-12
3.46693386774 8.95330945857e-12
3.4869739479 8.82778245431e-12
3.50701402806 8.70694024248e-12
3.52705410822 8.58609803065e-12
3.54709418838 8.46395860449e-12
3.56713426854 8.32241973412e-12
3.5871743487 8.18088086376e-12
3.60721442886 8.03934199339e-12
3.62725450902 7.90670874379e-12
3.64729458918 7.7773229174e-12
3.66733466934 7.64793709102e-12
3.6873747495 7.52422070587e-12
3.70741482966 7.40890642335e-12
3.72745490982 7.29359214084e-12
3.74749498998 7.17874012678e-12
3.76753507014 7.0697571622e-12
3.7875751503 6.96077419762e-12
3.80761523046 6.85179123304e-12
3.82765531062 6.72325406611e-12
3.84769539078 6.58795761873e-12
3.86773547094 6.45266117135e-12
3.8877755511 6.32699517092e-12
3.90781563126 6.2150036424e-12
3.92785571142 6.10301211389e-12
3.94789579158 5.99203379268e-12
3.96793587174 5.89219853901e-12
3.9879759519 5.79236328535e-12
4.00801603206 5.69252803168e-12
4.02805611222 5.5804240034e-12
4.04809619238 5.46430551097e-12
4.06813627255 5.34818701854e-12
4.08817635271 5.24164668046e-12
4.10821643287 5.14814099137e-12
4.12825651303 5.05463530228e-12
4.14829659319 4.9606888567e-12
4.16833667335 4.8624784536e-12
4.18837675351 4.76426805049e-12
4.20841683367 4.66605764739e-12
4.22845691383 4.57630427707e-12
4.24849699399 4.48916624724e-12
4.26853707415 4.40202821741e-12
4.28857715431 4.31226712207e-12
4.30861723447 4.2190838767e-12
4.32865731463 4.12590063134e-12
4.34869739479 4.03396209184e-12
4.36873747495 3.95274492531e-12
4.38877755511 3.87152775878e-12
4.40881763527 3.79031059224e-12
4.42885771543 3.71600220728e-12
4.44889779559 3.64370960042e-12
4.46893787575 3.57141699357e-12
4.48897795591 3.4983782276e-12
4.50901803607 3.42440600222e-12
4.52905811623 3.35043377684e-12
4.54909819639 3.27690341556e-12
4.56913827655 3.20679515717e-12
4.58917835671 3.13668689877e-12
4.60921843687 3.06657864038e-12
4.62925851703 2.99739728279e-12
4.64929859719 2.92847059219e-12
4.66933867735 2.8595439016e-12
4.68937875752 2.79490905713e-12
4.70941883768 2.73542373713e-12
4.72945891784 2.67593841713e-12
4.749498998 2.61573424043e-12
4.76953907816 2.55048379483e-12
4.78957915832 2.48523334923e-12
4.80961923848 2.41998290363e-12
4.82965931864 2.36176400069e-12
4.8496993988 2.30536046186e-12
4.86973947896 2.24895692303e-12
4.88977955912 2.19399511908e-12
4.90981963928 2.14069265738e-12
4.92985971944 2.08739019568e-12
4.9498997996 2.03491069985e-12
4.96993987976 1.98770310486e-12
4.98997995992 1.94049550987e-12
5.01002004008 1.8943070939e-12
5.03006012024 1.84906442618e-12
5.0501002004 1.80382175846e-12
5.07014028056 1.76134252241e-12
5.09018036072 1.71892025708e-12
5.11022044088 1.67649799175e-12
5.13026052104 1.63407572642e-12
5.1503006012 1.59165346109e-12
5.17034068136 1.55269637543e-12
5.19038076152 1.51396282006e-12
5.21042084168 1.47522926469e-12
5.23046092184 1.43649570932e-12
5.250501002 1.39776215395e-12
5.27054108216 1.36305607314e-12
5.29058116232 1.32880245477e-12
5.31062124248 1.29454883639e-12
5.33066132265 1.26029521802e-12
5.35070140281 1.22604159965e-12
5.37074148297 1.19291312808e-12
5.39078156313 1.15996994789e-12
5.41082164329 1.1270267677e-12
5.43086172345 1.0940835875e-12
5.45090180361 1.06114040731e-12
5.47094188377 1.0318366062e-12
5.49098196393 1.0033414327e-12
5.51102204409 9.748462592e-13
5.53106212425 9.46351085698e-13
5.55110220441 9.17855912196e-13
5.57114228457 8.90710678726e-13
5.59118236473 8.63951191901e-13
5.61122244489 8.37191705075e-13
5.63126252505 8.10432218249e-13
5.65130260521 7.83672731424e-13
5.67134268537 7.5941340424e-13
5.69138276553 7.36044623679e-13
5.71142284569 7.12675843117e-13
5.73146292585 6.89307062555e-13
5.75150300601 6.65938281994e-13
5.77154308617 6.43490792899e-13
5.79158316633 6.21443888254e-13
5.81162324649 5.9939698361e-13
5.83166332665 5.77350078965e-13
5.85170340681 5.55303174321e-13
5.87174348697 5.34401807552e-13
5.89178356713 5.14099663963e-13
5.91182364729 4.93797520373e-13
5.93186372745 4.73495376784e-13
5.95190380762 4.53193233195e-13
5.97194388778 4.35042342761e-13
5.99198396794 4.18231588668e-13
6.0120240481 4.01420834575e-13
6.03206412826 3.84610080482e-13
6.05210420842 3.67799326389e-13
6.07214428858 3.51895816406e-13
6.09218436874 3.36660793805e-13
6.1122244489 3.21425771205e-13
6.13226452906 3.06190748604e-13
6.15230460922 2.90955726004e-13
6.17234468938 2.76255886316e-13
6.19238476954 2.62020529947e-13
6.2124248497 2.47785173577e-13
6.23246492986 2.33549817207e-13
6.25250501002 2.19314460838e-13
6.27254509018 2.06224433795e-13
6.29258517034 1.94303048879e-13
6.3126252505 1.82381663963e-13
6.33266533066 1.70460279047e-13
6.35270541082 1.58538894131e-13
6.37274549098 1.47419636605e-13
6.39278557114 1.37262861502e-13
6.4128256513 1.27106086399e-13
6.43286573146 1.16949311296e-13
6.45290581162 1.06792536193e-13
6.47294589178 9.78439109346e-14
6.49298597194 9.06042123871e-14
6.5130260521 8.33645138396e-14
6.53306613226 7.61248152921e-14
6.55310621242 6.88851167447e-14
6.57314629259 6.24999815808e-14
6.59318637275 5.75469501003e-14
6.61322645291 5.25939186198e-14
6.63326653307 4.76408871393e-14
6.65330661323 4.26878556588e-14
6.67334669339 3.79071086603e-14
6.69338677355 3.34709564178e-14
6.71342685371 2.90348041753e-14
6.73346693387 2.45986519327e-14
6.75350701403 2.01624996902e-14
6.77354709419 1.61994540376e-14
6.79358717435 1.33784537297e-14
6.81362725451 1.05574534218e-14
6.83366733467 7.73645311385e-15
6.85370741483 4.91545280594e-15
6.87374749499 2.68324289955e-15
6.89378757515 2.19391308383e-15
6.91382765531 1.70458326811e-15
6.93386773547 1.21525345239e-15
6.95390781563 7.25923636665e-16
6.97394789579 3.29596897025e-16
6.99398797595 2.78713279752e-16
7.01402805611 2.27829662478e-16
7.03406813627 1.76946045205e-16
7.05410821643 1.26062427931e-16
7.07414829659 8.10685462574e-17
7.09418837675 6.44832727461e-17
7.11422845691 4.78979992348e-17
7.13426853707 3.13127257235e-17
7.15430861723 1.47274522122e-17
7.17434869739 3.11842967363e-19
7.19438877756 2.48319223836e-19
7.21442885772 1.84795480308e-19
7.23446893788 1.2127173678e-19
7.25450901804 5.77479932522e-20
7.2745490982 0.0
7.29458917836 0.0
7.31462925852 0.0
7.33466933868 0.0
7.35470941884 0.0
7.374749499 0.0
7.39478957916 0.0
7.41482965932 0.0
7.43486973948 0.0
7.45490981964 0.0
7.4749498998 0.0
7.49498997996 0.0
7.51503006012 0.0
7.53507014028 0.0
7.55511022044 0.0
7.5751503006 0.0
7.59519038076 0.0
7.61523046092 0.0
7.63527054108 0.0
7.65531062124 0.0
7.6753507014 0.0
7.69539078156 0.0
7.71543086172 0.0
7.73547094188 0.0
7.75551102204 0.0
7.7755511022 0.0
7.79559118236 0.0
7.81563126253 0.0
7.83567134269 0.0
7.85571142285 0.0
7.87575150301 0.0
7.89579158317 0.0
7.91583166333 0.0
7.93587174349 0.0
7.95591182365 0.0
7.97595190381 0.0
7.99599198397 0.0
8.01603206413 0.0
8.03607214429 0.0
8.05611222445 0.0
8.07615230461 0.0
8.09619238477 0.0
8.11623246493 0.0
8.13627254509 0.0
8.15631262525 0.0
8.17635270541 0.0
8.19639278557 0.0
8.21643286573 0.0
8.23647294589 0.0
8.25651302605 0.0
8.27655310621 0.0
8.29659318637 0.0
8.31663326653 0.0
8.33667334669 0.0
8.35671342685 0.0
8.37675350701 0.0
8.39679358717 0.0
8.41683366733 0.0
8.43687374749 0.0
8.45691382766 0.0
8.47695390782 0.0
8.49699398798 0.0
8.51703406814 0.0
8.5370741483 0.0
8.55711422846 0.0
8.57715430862 0.0
8.59719438878 0.0
8.61723446894 0.0
8.6372745491 0.0
8.65731462926 0.0
8.67735470942 0.0
8.69739478958 0.0
8.71743486974 0.0
8.7374749499 0.0
8.75751503006 0.0
8.77755511022 0.0
8.79759519038 0.0
8.81763527054 0.0
8.8376753507 0.0
8.85771543086 0.0
8.87775551102 0.0
8.89779559118 0.0
8.91783567134 0.0
8.9378757515 0.0
8.95791583166 0.0
8.97795591182 0.0
8.99799599198 0.0
9.01803607214 0.0
9.0380761523 0.0
9.05811623246 0.0
9.07815631263 0.0
9.09819639279 0.0
9.11823647295 0.0
9.13827655311 0.0
9.15831663327 0.0
9.17835671343 0.0
9.19839679359 0.0
9.21843687375 0.0
9.23847695391 0.0
9.25851703407 0.0
9.27855711423 0.0
9.29859719439 0.0
9.31863727455 0.0
9.33867735471 0.0
9.35871743487 0.0
9.37875751503 0.0
9.39879759519 0.0
9.41883767535 0.0
9.43887775551 0.0
9.45891783567 0.0
9.47895791583 0.0
9.49899799599 0.0
9.51903807615 0.0
9.53907815631 0.0
9.55911823647 0.0
9.57915831663 0.0
9.59919839679 0.0
9.61923847695 0.0
9.63927855711 0.0
9.65931863727 0.0
9.67935871743 0.0
9.6993987976 0.0
9.71943887776 0.0
9.73947895792 0.0
9.75951903808 0.0
9.77955911824 0.0
9.7995991984 0.0
9.81963927856 0.0
9.83967935872 0.0
9.85971943888 0.0
9.87975951904 0.0
9.8997995992 0.0
9.91983967936 0.0
9.93987975952 0.0
9.95991983968 0.0
9.97995991984 0.0
10.0 0.0
