0.0 0.0
0.0200400801603 0.0
0.0400801603206 0.0
0.060120240481 1.22132753508e-12
0.0801603206413 1.69003214193e-12
0.100200400802 2.25970353091e-12
0.120240480962 3.0868965443e-12
0.140280561122 3.03278529161e-12
0.160320641283 2.56309191354e-12
0.180360721443 2.50882560923e-12
0.200400801603 2.53763345724e-12
0.220440881764 2.46239225594e-11
0.240480961924 2.68205884135e-11
0.260521042084 2.99570571282e-12
0.280561122244 3.17122592318e-12
0.300601202405 3.34457903285e-12
0.320641282565 3.53056083312e-12
0.340681362725 3.73927321085e-12
0.360721442886 3.91457384691e-12
0.380761523046 4.08505091328e-12
0.400801603206 4.24843505585e-12
0.420841683367 4.41353690408e-12
0.440881763527 4.5799482616e-12
0.460921843687 4.74292745581e-12
0.480961923848 4.90294696847e-12
0.501002004008 5.05631742608e-12
0.521042084168 5.20969292964e-12
0.541082164329 5.36307423289e-12
0.561122244489 5.51502638341e-12
0.581162324649 5.66740799114e-12
0.60120240481 5.82343849601e-12
0.62124248497 5.97656038055e-12
0.64128256513 6.12755655051e-12
0.661322645291 6.2820127092e-12
0.681362725451 6.43027274061e-12
0.701402805611 6.55721966973e-12
0.721442885772 6.68470809589e-12
0.741482965932 6.81278831241e-12
0.761523046092 6.93299680905e-12
0.781563126253 7.05285190692e-12
0.801603206413 7.17471087381e-12
0.821643286573 7.27176309041e-12
0.841683366733 7.35144031601e-12
0.861723446894 7.4339264452e-12
0.881763527054 7.50289210022e-12
0.901803607214 7.53123748267e-12
0.921843687375 7.56111902726e-12
0.941883767535 7.5925970721e-12
0.961923847695 7.60061921053e-12
0.981963927856 7.60699452005e-12
1.00200400802 7.61422528034e-12
1.02204408818 7.63265269315e-12
1.04208416834 7.65859357245e-12
1.0621242485 7.68661230108e-12
1.08216432866 7.71216749659e-12
1.10220440882 7.729870187e-12
1.12224448898 7.74818577183e-12
1.14228456914 7.76710711426e-12
1.1623246493 7.75484719443e-12
1.18236472946 7.74111665696e-12
1.20240480962 7.73008344977e-12
1.22244488978 7.71660776933e-12
1.24248496994 7.70156237249e-12
1.2625250501 7.68748907042e-12
1.28256513026 7.67529436743e-12
1.30260521042 7.66749503542e-12
1.32264529058 7.66053958678e-12
1.34268537074 7.65437731575e-12
1.3627254509 7.66040897812e-12
1.38276553106 7.66745121557e-12
1.40280561122 7.67604394844e-12
1.42284569138 7.67519028714e-12
1.44288577154 7.66852471858e-12
1.4629258517 7.66379477392e-12
1.48296593186 7.66074408762e-12
1.50300601202 7.66102795783e-12
1.52304609218 7.66128730286e-12
1.54308617234 7.66152472786e-12
1.56312625251 7.64489619481e-12
1.58316633267 7.6278928466e-12
1.60320641283 7.61226029727e-12
1.62324649299 7.59695888877e-12
1.64328657315 7.58185243231e-12
1.66332665331 7.56776424388e-12
1.68336673347 7.55801188087e-12
1.70340681363 7.55804176797e-12
1.72344689379 7.55875934375e-12
1.74348697395 7.56006130528e-12
1.76352705411 7.51741285452e-12
1.78356713427 7.47342559321e-12
1.80360721443 7.42957432386e-12
1.82364729459 7.40029427753e-12
1.84368737475 7.37921873989e-12
1.86372745491 7.35954991071e-12
1.88376753507 7.35302998342e-12
1.90380761523 7.37537530246e-12
1.92384769539 7.39806933082e-12
1.94388777555 7.42104504174e-12
1.96392785571 7.39244470272e-12
1.98396793587 7.36288534213e-12
2.00400801603 7.33365127188e-12
2.02404809619 7.30654569742e-12
2.04408817635 7.28058570611e-12
2.06412825651 7.25551898589e-12
2.08416833667 7.23093769928e-12
2.10420841683 7.20716414763e-12
2.12424849699 7.18364328782e-12
2.14428857715 7.16031640802e-12
2.16432865731 7.13324083579e-12
2.18436873747 7.10622067395e-12
2.20440881764 7.07949745582e-12
2.2244488978 7.04136900271e-12
2.24448897796 6.99737665723e-12
2.26452905812 6.95391328616e-12
2.28456913828 6.9087185677e-12
2.30460921844 6.86011689437e-12
2.3246492986 6.81156950757e-12
2.34468937876 6.7631654669e-12
2.36472945892 6.73590036588e-12
2.38476953908 6.70875383846e-12
2.40480961924 6.68172082725e-12
2.4248496994 6.65251799055e-12
2.44488977956 6.62230088231e-12
2.46492985972 6.59218337588e-12
2.48496993988 6.55137502483e-12
2.50501002004 6.48980269321e-12
2.5250501002 6.42831775458e-12
2.54509018036 6.36740457392e-12
2.56513026052 6.35045579226e-12
2.58517034068 6.3335836913e-12
2.60521042084 6.31678500044e-12
2.625250501 6.27607805481e-12
2.64529058116 6.22421193234e-12
2.66533066132 6.17241022164e-12
2.68537074148 6.12143818631e-12
2.70541082164 6.07194384677e-12
2.7254509018 6.02250602364e-12
2.74549098196 5.97341238435e-12
2.76553106212 5.93767653617e-12
2.78557114228 5.90199027685e-12
2.80561122244 5.86635149131e-12
2.82565130261 5.80030506959e-12
2.84569138277 5.72071271592e-12
2.86573146293 5.64116201686e-12
2.88577154309 5.57752989877e-12
2.90581162325 5.54197456446e-12
2.92585170341 5.50645577891e-12
2.94589178357 5.47030552018e-12
2.96593186373 5.41381185865e-12
2.98597194389 5.35735026587e-12
3.00601202405 5.30091937404e-12
3.02605210421 5.24307370846e-12
3.04609218437 5.18464249379e-12
3.06613226453 5.12623821687e-12
3.08617234469 5.06980404585e-12
3.10621242485 5.01667838661e-12
3.12625250501 4.96357636319e-12
3.14629258517 4.91082674543e-12
3.16633266533 4.86561966278e-12
3.18637274549 4.82043331875e-12
3.20641282565 4.77526682881e-12
3.22645290581 4.71520149851e-12
3.24649298597 4.64912365952e-12
3.26653306613 4.58306324097e-12
3.28657314629 4.51351916759e-12
3.30661322645 4.43833373592e-12
3.32665330661 4.36316358935e-12
3.34669338677 4.28923565546e-12
3.36673346693 4.23754721635e-12
3.38677354709 4.18587218876e-12
3.40681362725 4.13421000067e-12
3.42685370741 4.07861054335e-12
3.44689378758 4.0215055446e-12
3.46693386774 3.96441181152e-12
3.4869739479 3.90866754198e-12
3.50701402806 3.85500499447e-12
3.52705410822 3.80135233173e-12
3.54709418838 3.74713556444e-12
3.56713426854 3.68435032663e-12
3.5871743487 3.62157376195e-12
3.60721442886 3.55880550049e-12
3.62725450902 3.49998283851e-12
3.64729458918 3.44260364574e-12
3.66733466934 3.3852317384e-12
3.6873747495 3.33037356843e-12
3.70741482966 3.27923709384e-12
3.72745490982 3.22810701167e-12
3.74749498998 3.17718744283e-12
3.76753507014 3.12886875286e-12
3.7875751503 3.08055567175e-12
3.80761523046 3.03224796026e-12
3.82765531062 2.97529943247e-12
3.84769539078 2.91536718724e-12
3.86773547094 2.85543965345e-12
3.8877755511 2.79977476492e-12
3.90781563126 2.75016040865e-12
3.92785571142 2.7005501863e-12
3.94789579158 2.6513919146e-12
3.96793587174 2.60716437682e-12
3.9879759519 2.56294046625e-12
4.00801603206 2.51872002818e-12
4.02805611222 2.46907823418e-12
4.04809619238 2.41766461383e-12
4.06813627255 2.36625404033e-12
4.08817635271 2.31908139717e-12
4.10821643287 2.27767486077e-12
4.12825651303 2.23627099774e-12
4.14829659319 2.19467481209e-12
4.16833667335 2.15119575335e-12
4.18837675351 2.1077190403e-12
4.20841683367 2.06424457288e-12
4.22845691383 2.02451156106e-12
4.24849699399 1.98593698907e-12
4.26853707415 1.94736438746e-12
4.28857715431 1.90763387486e-12
4.30861723447 1.86639205291e-12
4.32865731463 1.82515195981e-12
4.34869739479 1.78446387276e-12
4.36873747495 1.74851786164e-12
4.38877755511 1.71257336747e-12
4.40881763527 1.67663032554e-12
4.42885771543 1.64374341511e-12
4.44889779559 1.6117491188e-12
4.46893787575 1.57975609673e-12
4.48897795591 1.54743437775e-12
4.50901803607 1.51470109438e-12
4.52905811623 1.48196892905e-12
4.54909819639 1.44943320577e-12
4.56913827655 1.4184116016e-12
4.58917835671 1.38739097842e-12
4.60921843687 1.35637129439e-12
4.62925851703 1.32576234179e-12
4.64929859719 1.29526685182e-12
4.66933867735 1.26477218588e-12
4.68937875752 1.23617596315e-12
4.70941883768 1.20985737537e-12
4.72945891784 1.18353951063e-12
4.749498998 1.15690449314e-12
4.76953907816 1.1280389134e-12
4.78957915832 1.09917396806e-12
4.80961923848 1.07030963007e-12
4.82965931864 1.04455489396e-12
4.8496993988 1.01960338388e-12
4.86973947896 9.94652406704e-13
4.88977955912 9.70339407662e-13
4.90981963928 9.46760580832e-13
4.92985971944 9.23182221579e-13
4.9498997996 8.99968187113e-13
4.96993987976 8.79085570025e-13
4.98997995992 8.58203363199e-13
5.01002004008 8.377721826e-13
5.03006012024 8.1775954381e-13
5.0501002004 7.97747264994e-13
5.07014028056 7.78957191487e-13
5.09018036072 7.60192637698e-13
5.11022044088 7.41428399758e-13
5.13026052104 7.22664464198e-13
5.1503006012 7.03900818118e-13
5.17034068136 6.86669590118e-13
5.19038076152 6.69537462108e-13
5.21042084168 6.52405588096e-13
5.23046092184 6.35273957248e-13
5.250501002 6.18142559192e-13
5.27054108216 6.02792145541e-13
5.29058116232 5.87642003049e-13
5.31062124248 5.72492064814e-13
5.33066132265 5.57342322126e-13
5.35070140281 5.42192766643e-13
5.37074148297 5.27540877858e-13
5.39078156313 5.12971087858e-13
5.41082164329 4.98401462117e-13
5.43086172345 4.83831993628e-13
5.45090180361 4.69262675685e-13
5.47094188377 4.56302665677e-13
5.49098196393 4.43700331082e-13
5.51102204409 4.3109812858e-13
5.53106212425 4.18496052536e-13
5.55110220441 4.05894097556e-13
5.57114228457 3.93889139042e-13
5.59118236473 3.82054850673e-13
5.61122244489 3.70220668528e-13
5.63126252505 3.58386588077e-13
5.65130260521 3.46552604983e-13
5.67134268537 3.3582416916e-13
5.69138276553 3.25489580776e-13
5.71142284569 3.15155077814e-13
5.73146292585 3.04820656633e-13
5.75150300601 2.94486313742e-13
5.77154308617 2.84559397951e-13
5.79158316633 2.74809673689e-13
5.81162324649 2.65060018122e-13
5.83166332665 2.5531042832e-13
5.85170340681 2.45560901478e-13
5.87174348697 2.36317938367e-13
5.89178356713 2.27339981522e-13
5.91182364729 2.18362079919e-13
5.93186372745 2.09384231203e-13
5.95190380762 2.00406433117e-13
5.97194388778 1.92379867382e-13
5.99198396794 1.84945893881e-13
6.0120240481 1.77511964803e-13
6.03206412826 1.70078078255e-13
6.05210420842 1.62644232423e-13
6.07214428858 1.55611566631e-13
6.09218436874 1.48874512119e-13
6.1122244489 1.42137493332e-13
6.13226452906 1.35400508746e-13
6.15230460922 1.28663556903e-13
6.17234468938 1.22163269345e-13
6.19238476954 1.15868384672e-13
6.2124248497 1.09573528727e-13
6.23246492986 1.03278700286e-13
6.25250501002 9.69838981755e-14
6.27254509018 9.11955325197e-14
6.29258517034 8.59239100767e-14
6.3126252505 8.06523107367e-14
6.33266533066 7.53807335144e-14
6.35270541082 7.01091774663e-14
6.37274549098 6.51923050356e-14
6.39278557114 6.070101688e-14
6.4128256513 5.62097473032e-14
6.43286573146 5.17184955128e-14
6.45290581162 4.72272607501e-14
6.47294589178 4.32702298412e-14
6.49298597194 4.00688222805e-14
6.5130260521 3.68674296605e-14
6.53306613226 3.36660513438e-14
6.55310621242 3.04646867203e-14
6.57314629259 2.76411833049e-14
6.59318637275 2.54509019412e-14
6.61322645291 2.32606325923e-14
6.63326653307 2.10703747458e-14
6.65330661323 1.88801279109e-14
6.67334669339 1.67660677863e-14
6.69338677355 1.48043814943e-14
6.71342685371 1.28427048644e-14
6.73346693387 1.08810374842e-14
6.75350701403 8.91937895945e-15
6.77354709419 7.16691459586e-15
6.79358717435 5.91941757155e-15
6.81362725451 4.67192831711e-15
6.83366733467 3.42444650115e-15
6.85370741483 2.1769718064e-15
6.87374749499 1.18983960244e-15
6.89378757515 9.73334269472e-16
6.91382765531 7.56835184821e-16
6.93386773547 5.40342081983e-16
6.95390781563 3.23854705822e-16
6.97394789579 1.48494437658e-16
6.99398797595 1.25878266446e-16
7.01402805611 1.03267119957e-16
7.03406813627 8.06607838756e-17
7.05410821643 5.8059053028e-17
7.07414829659 3.80658975659e-17
7.09418837675 3.06379253367e-17
7.11422845691 2.32139938492e-17
7.13426853707 1.57939307573e-17
7.15430861723 8.3775710659e-18
7.17434869739 1.92408123275e-18
7.19438877756 1.81980891152e-18
7.21442885772 1.71878604202e-18
7.23446893788 1.6208740284e-18
7.25450901804 1.5259401862e-18
7.2745490982 1.43641125781e-18
7.29458917836 1.37514533947e-18
7.31462925852 1.31649253958e-18
7.33466933868 1.26034140321e-18
7.35470941884 1.20658522922e-18
7.374749499 1.15512186751e-18
7.39478957916 1.10585352488e-18
7.41482965932 1.05868657922e-18
7.43486973948 1.01353140158e-18
7.45490981964 9.70302185888e-19
7.4749498998 9.28916785877e-19
7.49498997996 8.89296558983e-19
7.51503006012 8.51366216913e-19
7.53507014028 8.15053682575e-19
7.55511022044 7.80289953116e-19
7.5751503006 7.47008968796e-19
7.59519038076 7.1514748746e-19
7.61523046092 6.84644964364e-19
7.63527054108 6.5544343712e-19
7.65531062124 6.27487415558e-19
7.6753507014 6.00723776279e-19
7.69539078156 5.75101661706e-19
7.71543086172 5.50572383443e-19
7.73547094188 5.27089329756e-19
7.75551102204 5.04607876997e-19
7.7755511022 4.83085304811e-19
7.79559118236 4.62480714952e-19
7.81563126253 4.42754953572e-19
7.83567134269 4.23870536813e-19
7.85571142285 4.05791579583e-19
7.87575150301 3.88483727363e-19
7.89579158317 3.71914090925e-19
7.91583166333 3.56051183837e-19
7.93587174349 3.40864862625e-19
7.95591182365 3.26326269499e-19
7.97595190381 3.12407777514e-19
7.99599198397 2.9908293807e-19
8.01603206413 2.86326430656e-19
8.03607214429 2.74114014731e-19
8.05611222445 2.62422483667e-19
8.07615230461 2.51229620643e-19
8.09619238477 2.40514156434e-19
8.11623246493 2.3025572899e-19
8.13627254509 2.20434844746e-19
8.15631262525 2.11032841577e-19
8.17635270541 2.02031853338e-19
8.19639278557 1.93414775909e-19
8.21643286573 1.85165234698e-19
8.23647294589 1.77267553525e-19
8.25651302605 1.69706724828e-19
8.27655310621 1.62468381151e-19
8.29659318637 1.5553876784e-19
8.31663326653 1.48904716904e-19
8.33667334669 1.42553621996e-19
8.35671342685 1.36473414453e-19
8.37675350701 1.30652540369e-19
8.39679358717 1.25079938632e-19
8.41683366733 1.19745019914e-19
8.43687374749 1.14637646541e-19
8.45691382766 1.09748113231e-19
8.47695390782 1.05067128655e-19
8.49699398798 1.00585797776e-19
8.51703406814 9.62956049505e-20
8.5370741483 9.21883977441e-20
8.55711422846 8.82563714409e-20
8.57715430862 8.44920542119e-20
8.59719438878 8.08882929176e-20
8.61723446894 7.74382395143e-20
8.6372745491 7.41353380419e-20
8.65731462926 7.09733121654e-20
8.67735470942 6.79461532485e-20
8.69739478958 6.50481089358e-20
8.71743486974 6.22736722217e-20
8.7374749499 5.96175709859e-20
8.75751503006 5.70747579748e-20
8.77755511022 5.46404012108e-20
8.79759519038 5.23098748101e-20
8.81763527054 5.00787501924e-20
8.8376753507 4.79427876656e-20
8.85771543086 4.58979283691e-20
8.87775551102 4.39402865614e-20
8.89779559118 4.20661422356e-20
8.91783567134 4.02719340511e-20
8.9378757515 3.85542525657e-20
8.95791583166 3.69098337571e-20
8.97795591182 3.53355528201e-20
8.99799599198 3.38284182291e-20
9.01803607214 3.23855660532e-20
9.0380761523 3.10042545142e-20
9.05811623246 2.96818587763e-20
9.07815631263 2.84158659584e-20
9.09819639279 2.7203870359e-20
9.11823647295 2.60435688848e-20
9.13827655311 2.49327566743e-20
9.15831663327 2.38693229076e-20
9.17835671343 2.2851246796e-20
9.19839679359 2.18765937413e-20
9.21843687375 2.09435116603e-20
9.23847695391 2.00502274646e-20
9.25851703407 1.91950436919e-20
9.27855711423 1.83763352803e-20
9.29859719439 1.75925464799e-20
9.31863727455 1.68421878969e-20
9.33867735471 1.61238336632e-20
9.35871743487 1.5436118727e-20
9.37875751503 1.47777362587e-20
9.39879759519 1.41474351677e-20
9.41883767535 1.35440177251e-20
9.43887775551 1.29663372876e-20
9.45891783567 1.24132961184e-20
9.47895791583 1.18838433018e-20
9.49899799599 1.13769727455e-20
9.51903807615 1.08917212694e-20
9.53907815631 1.04271667748e-20
9.55911823647 9.98242649262e-21
9.57915831663 9.55665530557e-21
9.59919839679 9.14904414243e-21
9.61923847695 8.75881844052e-21
9.63927855711 8.38523667387e-21
9.65931863727 8.02758894414e-21
9.67935871743 7.68519563161e-21
9.6993987976 7.35740610377e-21
9.71943887776 7.04359747891e-21
9.73947895792 6.74317344254e-21
9.75951903808 6.45556311421e-21
9.77955911824 6.1802199627e-21
9.7995991984 5.91662076749e-21
9.81963927856 5.66426462449e-21
9.83967935872 5.42267199421e-21
9.85971943888 5.19138379052e-21
9.87975951904 4.96996050826e-21
9.8997995992 4.75798138808e-21
9.91983967936 4.55504361688e-21
9.93987975952 4.36076156239e-21
9.95991983968 4.17476604034e-21
9.97995991984 3.99670361294e-21
10.0 3.82623591725e-21
