0.0 0.0
0.0200400801603 0.0
0.0400801603206 0.0
0.060120240481 0.0
0.0801603206413 0.0
0.100200400802 0.0
0.120240480962 0.0
0.140280561122 0.0
0.160320641283 0.0
0.180360721443 0.0
0.200400801603 0.0
0.220440881764 0.0
0.240480961924 0.0
0.260521042084 0.0
0.280561122244 3.33579474237e-12
0.300601202405 3.93154014498e-12
0.320641282565 4.60213044405e-12
0.340681362725 5.38737694187e-12
0.360721442886 6.06441302627e-12
0.380761523046 6.72906519076e-12
0.400801603206 7.39371735525e-12
0.420841683367 8.06393264307e-12
0.440881763527 8.73838903098e-12
0.460921843687 9.41284541889e-12
0.480961923848 1.00805931953e-11
0.501002004008 1.07268067157e-11
0.521042084168 1.13730202361e-11
0.541082164329 1.20192337566e-11
0.561122244489 1.26608186884e-11
0.581162324649 1.33019326493e-11
0.60120240481 1.39430466102e-11
0.62124248497 1.45747404394e-11
0.64128256513 1.51995497291e-11
0.661322645291 1.58243590189e-11
0.681362725451 1.64264202637e-11
0.701402805611 1.6959454888e-11
0.721442885772 1.74924895124e-11
0.741482965932 1.80255241368e-11
0.761523046092 1.85330646678e-11
0.781563126253 1.90383273526e-11
0.801603206413 1.95435900373e-11
0.821643286573 1.99685112442e-11
0.841683366733 2.03371601688e-11
0.861723446894 2.07058090934e-11
0.881763527054 2.10286658515e-11
0.901803607214 2.12199659692e-11
0.921843687375 2.14112660868e-11
0.941883767535 2.16025662044e-11
0.961923847695 2.17178998144e-11
0.981963927856 2.18273673199e-11
1.00200400802 2.19368348254e-11
1.02204408818 2.20825648642e-11
1.04208416834 2.22526287233e-11
1.0621242485 2.24226925824e-11
1.08216432866 2.25834196979e-11
1.10220440882 2.27187149507e-11
1.12224448898 2.28540102036e-11
1.14228456914 2.29893054564e-11
1.1623246493 2.30236141366e-11
1.18236472946 2.30513225037e-11
1.20240480962 2.30790308708e-11
1.22244488978 2.30988288139e-11
1.24248496994 2.31135429258e-11
1.2625250501 2.31282570376e-11
1.28256513026 2.31484762405e-11
1.30260521042 2.31829307058e-11
1.32264529058 2.32173851712e-11
1.34268537074 2.32518396366e-11
1.3627254509 2.33257865231e-11
1.38276553106 2.34018563403e-11
1.40280561122 2.34779261576e-11
1.42284569138 2.3523401993e-11
1.44288577154 2.35500548383e-11
1.4629258517 2.35767076835e-11
1.48296593186 2.36077547416e-11
1.50300601202 2.36496014086e-11
1.52304609218 2.36914480755e-11
1.54308617234 2.37332947424e-11
1.56312625251 2.37205177291e-11
1.58316633267 2.37054245359e-11
1.60320641283 2.36903313428e-11
1.62324649299 2.36763106136e-11
1.64328657315 2.36629212744e-11
1.66332665331 2.36495319352e-11
1.68336673347 2.3649691141e-11
1.70340681363 2.36815320633e-11
1.72344689379 2.37133729855e-11
1.74348697395 2.37452139078e-11
1.76352705411 2.36347128854e-11
1.78356713427 2.35197577569e-11
1.80360721443 2.34048026284e-11
1.82364729459 2.33370392352e-11
1.84368737475 2.32958477365e-11
1.86372745491 2.32546562378e-11
1.88376753507 2.32554423061e-11
1.90380761523 2.33497140798e-11
1.92384769539 2.34439858535e-11
1.94388777555 2.35382576272e-11
1.96392785571 2.3465490348e-11
1.98396793587 2.33893129561e-11
2.00400801603 2.33131355642e-11
2.02404809619 2.32438517192e-11
2.04408817635 2.31782780677e-11
2.06412825651 2.31127044162e-11
2.08416833667 2.30483630549e-11
2.10420841683 2.29866377002e-11
2.12424849699 2.29249123454e-11
2.14428857715 2.28631869906e-11
2.16432865731 2.27893207675e-11
2.18436873747 2.2715335982e-11
2.20440881764 2.26413511965e-11
2.2244488978 2.25304283428e-11
2.24448897796 2.2400514135e-11
2.26452905812 2.22705999272e-11
2.28456913828 2.21349036409e-11
2.30460921844 2.19874972726e-11
2.3246492986 2.18400909043e-11
2.34468937876 2.1692729786e-11
2.36472945892 2.16134300959e-11
2.38476953908 2.15341304057e-11
2.40480961924 2.14548307156e-11
2.4248496994 2.13681516608e-11
2.44488977956 2.12778507392e-11
2.46492985972 2.11875498175e-11
2.48496993988 2.10623156985e-11
2.50501002004 2.08695377471e-11
2.5250501002 2.06767597958e-11
2.54509018036 2.04855626266e-11
2.56513026052 2.04364932911e-11
2.58517034068 2.03874239555e-11
2.60521042084 2.033835462e-11
2.625250501 2.02116261465e-11
2.64529058116 2.00485386079e-11
2.66533066132 1.98854510693e-11
2.68537074148 1.9724850883e-11
2.70541082164 1.95688453073e-11
2.7254509018 1.94128397316e-11
2.74549098196 1.92577736296e-11
2.76553106212 1.91458015697e-11
2.78557114228 1.90338295097e-11
2.80561122244 1.89218574498e-11
2.82565130261 1.87112571603e-11
2.84569138277 1.84566448227e-11
2.86573146293 1.82020324851e-11
2.88577154309 1.79988464105e-11
2.90581162325 1.78864688083e-11
2.92585170341 1.77740912061e-11
2.94589178357 1.76595551339e-11
2.96593186373 1.74790245132e-11
2.98597194389 1.72984938925e-11
3.00601202405 1.71179632718e-11
3.02605210421 1.69327554416e-11
3.04609218437 1.67455600668e-11
3.06613226453 1.65583646921e-11
3.08617234469 1.63774663659e-11
3.10621242485 1.62072033379e-11
3.12625250501 1.60369403099e-11
3.14629258517 1.58677453319e-11
3.16633266533 1.57229081599e-11
3.18637274549 1.5578070988e-11
3.20641282565 1.5433233816e-11
3.22645290581 1.52400822977e-11
3.24649298597 1.50273991693e-11
3.26653306613 1.4814716041e-11
3.28657314629 1.45906964069e-11
3.30661322645 1.43483544292e-11
3.32665330661 1.41060124515e-11
3.34669338677 1.38676462284e-11
3.36673346693 1.37012615567e-11
3.38677354709 1.3534876885e-11
3.40681362725 1.33684922132e-11
3.42685370741 1.3189316121e-11
3.44689378758 1.30052259288e-11
3.46693386774 1.28211357367e-11
3.4869739479 1.26413811144e-11
3.50701402806 1.2468335113e-11
3.52705410822 1.22952891117e-11
3.54709418838 1.21203854999e-11
3.56713426854 1.19177018914e-11
3.5871743487 1.17150182829e-11
3.60721442886 1.15123346745e-11
3.62725450902 1.13224039115e-11
3.64729458918 1.11371234574e-11
3.66733466934 1.09518430032e-11
3.6873747495 1.07746811868e-11
3.70741482966 1.06095511781e-11
3.72745490982 1.04444211695e-11
3.74749498998 1.0279953129e-11
3.76753507014 1.01238895653e-11
3.7875751503 9.96782600146e-12
3.80761523046 9.81176243767e-12
3.82765531062 9.62769726354e-12
3.84769539078 9.4339528024e-12
3.86773547094 9.24020834125e-12
3.8877755511 9.06025467646e-12
3.90781563126 8.89988285025e-12
3.92785571142 8.73951102405e-12
3.94789579158 8.58059011032e-12
3.96793587174 8.43762606507e-12
3.9879759519 8.29466201982e-12
4.00801603206 8.15169797458e-12
4.02805611222 7.99116504875e-12
4.04809619238 7.82488341179e-12
4.06813627255 7.65860177482e-12
4.08817635271 7.50603605124e-12
4.10821643287 7.37213594006e-12
4.12825651303 7.23823582888e-12
4.14829659319 7.10370455456e-12
4.16833667335 6.9630672947e-12
4.18837675351 6.82243003484e-12
4.20841683367 6.68179277498e-12
4.22845691383 6.55326598285e-12
4.24849699399 6.4284843573e-12
4.26853707415 6.30370273175e-12
4.28857715431 6.17516487739e-12
4.30861723447 6.04172650549e-12
4.32865731463 5.9082881336e-12
4.34869739479 5.77663218004e-12
4.36873747495 5.66032922848e-12
4.38877755511 5.54402627692e-12
4.40881763527 5.42772332535e-12
4.42885771543 5.32131374637e-12
4.44889779559 5.21779076087e-12
4.46893787575 5.11426777537e-12
4.48897795591 5.00967629031e-12
4.50901803607 4.90374809172e-12
4.52905811623 4.79781989313e-12
4.54909819639 4.69252444377e-12
4.56913827655 4.59212944444e-12
4.58917835671 4.4917344451e-12
4.60921843687 4.39133944576e-12
4.62925851703 4.29227176803e-12
4.64929859719 4.19356877333e-12
4.66933867735 4.09486577864e-12
4.68937875752 4.00230870596e-12
4.70941883768 3.91712575036e-12
4.72945891784 3.83194279477e-12
4.749498998 3.74573043665e-12
4.76953907816 3.65229182339e-12
4.78957915832 3.55885321012e-12
4.80961923848 3.46541459686e-12
4.82965931864 3.38204515e-12
4.8496993988 3.30127530387e-12
4.86973947896 3.22050545773e-12
4.88977955912 3.1418001754e-12
4.90981963928 3.06547107053e-12
4.92985971944 2.98914196567e-12
4.9498997996 2.91399134762e-12
4.96993987976 2.84639008956e-12
4.98997995992 2.7787888315e-12
5.01002004008 2.71264703742e-12
5.03006012024 2.64785955446e-12
5.0501002004 2.58307207151e-12
5.07014028056 2.52224182166e-12
5.09018036072 2.46149315386e-12
5.11022044088 2.40074448605e-12
5.13026052104 2.33999581825e-12
5.1503006012 2.27924715044e-12
5.17034068136 2.2234606186e-12
5.19038076152 2.16799418206e-12
5.21042084168 2.11252774551e-12
5.23046092184 2.05706130896e-12
5.250501002 2.00159487241e-12
5.27054108216 1.9518957779e-12
5.29058116232 1.90284460943e-12
5.31062124248 1.85379344096e-12
5.33066132265 1.80474227249e-12
5.35070140281 1.75569110402e-12
5.37074148297 1.70825114535e-12
5.39078156313 1.66107652385e-12
5.41082164329 1.61390190235e-12
5.43086172345 1.56672728085e-12
5.45090180361 1.51955265935e-12
5.47094188377 1.47758962733e-12
5.49098196393 1.43678454972e-12
5.51102204409 1.39597947211e-12
5.53106212425 1.3551743945e-12
5.55110220441 1.31436931689e-12
5.57114228457 1.2754973529e-12
5.59118236473 1.23717777795e-12
5.61122244489 1.198858203e-12
5.63126252505 1.16053862805e-12
5.65130260521 1.1222190531e-12
5.67134268537 1.08747970581e-12
5.69138276553 1.05401562094e-12
5.71142284569 1.02055153607e-12
5.73146292585 9.87087451203e-13
5.75150300601 9.53623366333e-13
5.77154308617 9.21478570494e-13
5.79158316633 8.89907411435e-13
5.81162324649 8.58336252376e-13
5.83166332665 8.26765093317e-13
5.85170340681 7.95193934258e-13
5.87174348697 7.65263185001e-13
5.89178356713 7.36190523108e-13
5.91182364729 7.07117861216e-13
5.93186372745 6.78045199324e-13
5.95190380762 6.48972537432e-13
5.97194388778 6.2298046924e-13
5.99198396794 5.98907475778e-13
6.0120240481 5.74834482315e-13
6.03206412826 5.50761488853e-13
6.05210420842 5.26688495391e-13
6.07214428858 5.03914675148e-13
6.09218436874 4.82098128584e-13
6.1122244489 4.60281582019e-13
6.13226452906 4.38465035454e-13
6.15230460922 4.16648488889e-13
6.17234468938 3.95598324051e-13
6.19238476954 3.75213299149e-13
6.2124248497 3.54828274246e-13
6.23246492986 3.34443249343e-13
6.25250501002 3.1405822444e-13
6.27254509018 2.95313310698e-13
6.29258517034 2.78241892036e-13
6.3126252505 2.61170473374e-13
6.33266533066 2.44099054712e-13
6.35270541082 2.2702763605e-13
6.37274549098 2.11104863504e-13
6.39278557114 1.96560365423e-13
6.4128256513 1.82015867342e-13
6.43286573146 1.6747136926e-13
6.45290581162 1.52926871179e-13
6.47294589178 1.40112443215e-13
6.49298597194 1.29745197651e-13
6.5130260521 1.19377952087e-13
6.53306613226 1.09010706522e-13
6.55310621242 9.86434609581e-14
6.57314629259 8.94999498338e-14
6.59318637275 8.24072106391e-14
6.61322645291 7.53144714443e-14
6.63326653307 6.82217322496e-14
6.65330661323 6.11289930548e-14
6.67334669339 5.42829651726e-14
6.69338677355 4.79303968499e-14
6.71342685371 4.15778285272e-14
6.73346693387 3.52252602045e-14
6.75350701403 2.88726918818e-14
6.77354709419 2.31976120157e-14
6.79358717435 1.91579406485e-14
6.81362725451 1.51182692814e-14
6.83366733467 1.10785979142e-14
6.85370741483 7.0389265471e-15
6.87374749499 3.84240281081e-15
6.89378757515 3.14168270096e-15
6.91382765531 2.4409625911e-15
6.93386773547 1.74024248125e-15
6.95390781563 1.03952237139e-15
6.97394789579 4.71982631083e-16
6.99398797595 3.99117310516e-16
7.01402805611 3.26251989948e-16
7.03406813627 2.53386669381e-16
7.05410821643 1.80521348813e-16
7.07414829659 1.16090127383e-16
7.09418837675 9.23400220276e-17
7.11422845691 6.85899166724e-17
7.13426853707 4.48398113172e-17
7.15430861723 2.1089705962e-17
7.17434869739 4.46559010565e-19
7.19438877756 3.55593034013e-19
7.21442885772 2.64627057461e-19
7.23446893788 1.73661080908e-19
7.25450901804 8.2695104356e-20
7.2745490982 0.0
7.29458917836 0.0
7.31462925852 0.0
7.33466933868 0.0
7.35470941884 0.0
7.374749499 0.0
7.39478957916 0.0
7.41482965932 0.0
7.43486973948 0.0
7.45490981964 0.0
7.4749498998 0.0
7.49498997996 0.0
7.51503006012 0.0
7.53507014028 0.0
7.55511022044 0.0
7.5751503006 0.0
7.59519038076 0.0
7.61523046092 0.0
7.63527054108 0.0
7.65531062124 0.0
7.6753507014 0.0
7.69539078156 0.0
7.71543086172 0.0
7.73547094188 0.0
7.75551102204 0.0
7.7755511022 0.0
7.79559118236 0.0
7.81563126253 0.0
7.83567134269 0.0
7.85571142285 0.0
7.87575150301 0.0
7.89579158317 0.0
7.91583166333 0.0
7.93587174349 0.0
7.95591182365 0.0
7.97595190381 0.0
7.99599198397 0.0
8.01603206413 0.0
8.03607214429 0.0
8.05611222445 0.0
8.07615230461 0.0
8.09619238477 0.0
8.11623246493 0.0
8.13627254509 0.0
8.15631262525 0.0
8.17635270541 0.0
8.19639278557 0.0
8.21643286573 0.0
8.23647294589 0.0
8.25651302605 0.0
8.27655310621 0.0
8.29659318637 0.0
8.31663326653 0.0
8.33667334669 0.0
8.35671342685 0.0
8.37675350701 0.0
8.39679358717 0.0
8.41683366733 0.0
8.43687374749 0.0
8.45691382766 0.0
8.47695390782 0.0
8.49699398798 0.0
8.51703406814 0.0
8.5370741483 0.0
8.55711422846 0.0
8.57715430862 0.0
8.59719438878 0.0
8.61723446894 0.0
8.6372745491 0.0
8.65731462926 0.0
8.67735470942 0.0
8.69739478958 0.0
8.71743486974 0.0
8.7374749499 0.0
8.75751503006 0.0
8.77755511022 0.0
8.79759519038 0.0
8.81763527054 0.0
8.8376753507 0.0
8.85771543086 0.0
8.87775551102 0.0
8.89779559118 0.0
8.91783567134 0.0
8.9378757515 0.0
8.95791583166 0.0
8.97795591182 0.0
8.99799599198 0.0
9.01803607214 0.0
9.0380761523 0.0
9.05811623246 0.0
9.07815631263 0.0
9.09819639279 0.0
9.11823647295 0.0
9.13827655311 0.0
9.15831663327 0.0
9.17835671343 0.0
9.19839679359 0.0
9.21843687375 0.0
9.23847695391 0.0
9.25851703407 0.0
9.27855711423 0.0
9.29859719439 0.0
9.31863727455 0.0
9.33867735471 0.0
9.35871743487 0.0
9.37875751503 0.0
9.39879759519 0.0
9.41883767535 0.0
9.43887775551 0.0
9.45891783567 0.0
9.47895791583 0.0
9.49899799599 0.0
9.51903807615 0.0
9.53907815631 0.0
9.55911823647 0.0
9.57915831663 0.0
9.59919839679 0.0
9.61923847695 0.0
9.63927855711 0.0
9.65931863727 0.0
9.67935871743 0.0
9.6993987976 0.0
9.71943887776 0.0
9.73947895792 0.0
9.75951903808 0.0
9.77955911824 0.0
9.7995991984 0.0
9.81963927856 0.0
9.83967935872 0.0
9.85971943888 0.0
9.87975951904 0.0
9.8997995992 0.0
9.91983967936 0.0
9.93987975952 0.0
9.95991983968 0.0
9.97995991984 0.0
10.0 0.0
