0.0 0.0
0.0200400801603 7.68573722141e-11
0.0400801603206 2.4066505405e-10
0.060120240481 3.43193068288e-10
0.0801603206413 3.88284489706e-10
0.100200400802 3.94679009535e-10
0.120240480962 3.81333102903e-10
0.140280561122 3.81172450363e-10
0.160320641283 3.9544178469e-10
0.180360721443 4.11983285406e-10
0.200400801603 4.3565852303e-10
0.220440881764 4.76216313281e-10
0.240480961924 5.02164619084e-10
0.260521042084 5.03138430331e-10
0.280561122244 5.15741627514e-10
0.300601202405 5.28400577566e-10
0.320641282565 5.39624078736e-10
0.340681362725 5.50308460441e-10
0.360721442886 5.60963469384e-10
0.380761523046 5.71405087927e-10
0.400801603206 5.81670015109e-10
0.420841683367 5.91939448981e-10
0.440881763527 6.01479764937e-10
0.460921843687 6.06839774133e-10
0.480961923848 6.12216424437e-10
0.501002004008 6.17610132497e-10
0.521042084168 6.19442599855e-10
0.541082164329 6.20394126839e-10
0.561122244489 6.21358841317e-10
0.581162324649 6.20794451211e-10
0.60120240481 6.18532474819e-10
0.62124248497 6.16280189367e-10
0.64128256513 6.13984122514e-10
0.661322645291 6.11353988846e-10
0.681362725451 6.08737159506e-10
0.701402805611 6.06106224934e-10
0.721442885772 5.9990877509e-10
0.741482965932 5.92900980041e-10
0.761523046092 5.85893948511e-10
0.781563126253 5.78298525502e-10
0.801603206413 5.70099564386e-10
0.821643286573 5.61891286797e-10
0.841683366733 5.53370627574e-10
0.861723446894 5.43238431368e-10
0.881763527054 5.33089615027e-10
0.901803607214 5.22901623938e-10
0.921843687375 5.11984611959e-10
0.941883767535 5.00932403435e-10
0.961923847695 4.89865941117e-10
0.981963927856 4.78340835206e-10
1.00200400802 4.66349320706e-10
1.02204408818 4.54366979842e-10
1.04208416834 4.42138126548e-10
1.0621242485 4.28684729267e-10
1.08216432866 4.15232054683e-10
1.10220440882 4.01781141636e-10
1.12224448898 3.88612764294e-10
1.14228456914 3.75486538208e-10
1.1623246493 3.62329297313e-10
1.18236472946 3.49215648561e-10
1.20240480962 3.36145272923e-10
1.22244488978 3.23076951267e-10
1.24248496994 3.09946924295e-10
1.2625250501 2.96534439513e-10
1.28256513026 2.83124074019e-10
1.30260521042 2.69721726353e-10
1.32264529058 2.57217485196e-10
1.34268537074 2.44869354284e-10
1.3627254509 2.32530879107e-10
1.38276553106 2.20573081655e-10
1.40280561122 2.08956882198e-10
1.42284569138 1.9733361017e-10
1.44288577154 1.86021233746e-10
1.4629258517 1.76005511662e-10
1.48296593186 1.65991301075e-10
1.50300601202 1.55979759531e-10
1.52304609218 1.4730234017e-10
1.54308617234 1.38839687844e-10
1.56312625251 1.3036414364e-10
1.58316633267 1.22305784876e-10
1.60320641283 1.1460759987e-10
1.62324649299 1.06909740244e-10
1.64328657315 9.94844449432e-11
1.66332665331 9.31333535959e-11
1.68336673347 8.67857854601e-11
1.70340681363 8.04464689885e-11
1.72344689379 7.53780906872e-11
1.74348697395 7.04909833832e-11
1.76352705411 6.55701487428e-11
1.78356713427 6.11206301214e-11
1.80360721443 5.70672608945e-11
1.82364729459 5.30252133381e-11
1.84368737475 4.9181967605e-11
1.86372745491 4.60431078245e-11
1.88376753507 4.29145008127e-11
1.90380761523 3.98087603444e-11
1.92384769539 3.73633779655e-11
1.94388777555 3.50034768996e-11
1.96392785571 3.26039269099e-11
1.98396793587 3.04563684399e-11
2.00400801603 2.85142740209e-11
2.02404809619 2.65738789592e-11
2.04408817635 2.47381365794e-11
2.06412825651 2.32540704969e-11
2.08416833667 2.17704536297e-11
2.10420841683 2.02880659135e-11
2.12424849699 1.91479602496e-11
2.14428857715 1.80474694118e-11
2.16432865731 1.69441352734e-11
2.18436873747 1.59854082587e-11
2.20440881764 1.51379187059e-11
2.2244488978 1.42816841565e-11
2.24448897796 1.34632109156e-11
2.26452905812 1.27807959033e-11
2.28456913828 1.20970929886e-11
2.30460921844 1.14113017148e-11
2.3246492986 1.08790006325e-11
2.34468937876 1.03530901741e-11
2.36472945892 9.84351436461e-12
2.38476953908 9.40972532728e-12
2.40480961924 9.03095274165e-12
2.4248496994 8.65055810905e-12
2.44488977956 8.29247297231e-12
2.46492985972 8.00267305116e-12
2.48496993988 7.70468323708e-12
2.50501002004 7.39081419288e-12
2.5250501002 7.1398544597e-12
2.54509018036 6.89520532516e-12
2.56513026052 6.68444953917e-12
2.58517034068 6.49984836015e-12
2.60521042084 6.33313891947e-12
2.625250501 6.14804992856e-12
2.64529058116 5.96705138197e-12
2.66533066132 5.81950061402e-12
2.68537074148 5.67261715913e-12
2.70541082164 5.52690425892e-12
2.7254509018 5.40887454851e-12
2.74549098196 5.29054056679e-12
2.76553106212 5.18585542256e-12
2.78557114228 5.09276931949e-12
2.80561122244 5.0077299906e-12
2.82565130261 4.89968973606e-12
2.84569138277 4.78554345725e-12
2.86573146293 4.68275451397e-12
2.88577154309 4.59254723985e-12
2.90581162325 4.52425855524e-12
2.92585170341 4.46497048775e-12
2.94589178357 4.40605702961e-12
2.96593186373 4.33170775032e-12
2.98597194389 4.26567074669e-12
3.00601202405 4.20513424485e-12
3.02605210421 4.14368766512e-12
3.04609218437 4.08679204965e-12
3.06613226453 4.02990781306e-12
3.08617234469 3.97617298347e-12
3.10621242485 3.92638589236e-12
3.12625250501 3.87781819805e-12
3.14629258517 3.83055319095e-12
3.16633266533 3.78998264145e-12
3.18637274549 3.75018966089e-12
3.20641282565 3.71106710723e-12
3.22645290581 3.66103495361e-12
3.24649298597 3.60685844597e-12
3.26653306613 3.55311428375e-12
3.28657314629 3.4970488988e-12
3.30661322645 3.43695140836e-12
3.32665330661 3.37713571973e-12
3.34669338677 3.31851039091e-12
3.36673346693 3.27721419999e-12
3.38677354709 3.23610405968e-12
3.40681362725 3.19515645094e-12
3.42685370741 3.1513095292e-12
3.44689378758 3.10641883771e-12
3.46693386774 3.06163769612e-12
3.4869739479 3.01798389761e-12
3.50701402806 2.97601033618e-12
3.52705410822 2.93411196544e-12
3.54709418838 2.89183850793e-12
3.56713426854 2.84301866606e-12
3.5871743487 2.79425147868e-12
3.60721442886 2.74553127114e-12
3.62725450902 2.69988545983e-12
3.64729458918 2.65538307512e-12
3.66733466934 2.61091455264e-12
3.6873747495 2.56840699529e-12
3.70741482966 2.5287879277e-12
3.72745490982 2.4891938171e-12
3.74749498998 2.44977976394e-12
3.76753507014 2.41238474482e-12
3.7875751503 2.37500852711e-12
3.80761523046 2.33764949766e-12
3.82765531062 2.29364798156e-12
3.84769539078 2.24735938245e-12
3.86773547094 2.20108409235e-12
3.8877755511 2.15810025708e-12
3.90781563126 2.11978394043e-12
3.92785571142 2.0814781218e-12
3.94789579158 2.04352703813e-12
3.96793587174 2.00937923167e-12
3.9879759519 1.97523984327e-12
4.00801603206 1.94110830125e-12
4.02805611222 1.9028065473e-12
4.04809619238 1.86314470942e-12
4.06813627255 1.82348928124e-12
4.08817635271 1.78710123707e-12
4.10821643287 1.75515714873e-12
4.12825651303 1.72321835724e-12
4.14829659319 1.69113446928e-12
4.16833667335 1.65760338751e-12
4.18837675351 1.6240767257e-12
4.20841683367 1.59055423294e-12
4.22845691383 1.55991530846e-12
4.24849699399 1.53017062981e-12
4.26853707415 1.50042946689e-12
4.28857715431 1.46979847265e-12
4.30861723447 1.43800538062e-12
4.32865731463 1.40621527246e-12
4.34869739479 1.37485181716e-12
4.36873747495 1.34714168868e-12
4.38877755511 1.31943410628e-12
4.40881763527 1.29172894135e-12
4.42885771543 1.2663785235e-12
4.44889779559 1.24171666354e-12
4.46893787575 1.21705687848e-12
4.48897795591 1.19214499859e-12
4.50901803607 1.16691715209e-12
4.52905811623 1.1416910929e-12
4.54909819639 1.11661719089e-12
4.56913827655 1.09271014103e-12
4.58917835671 1.06880463548e-12
4.60921843687 1.0449006017e-12
4.62925851703 1.02131358208e-12
4.64929859719 9.97814614827e-13
4.66933867735 9.74316923592e-13
4.68937875752 9.52281829864e-13
4.70941883768 9.32001318712e-13
4.72945891784 9.11721916251e-13
4.749498998 8.91198800376e-13
4.76953907816 8.689584328e-13
4.78957915832 8.4671903032e-13
4.80961923848 8.24480549673e-13
4.82965931864 8.04637200709e-13
4.8496993988 7.85412827462e-13
4.86973947896 7.66189258351e-13
4.88977955912 7.4745737075e-13
4.90981963928 7.29291226422e-13
4.92985971944 7.11125784506e-13
4.9498997996 6.93241235359e-13
4.96993987976 6.77152418784e-13
4.98997995992 6.61064216493e-13
5.01002004008 6.45323633793e-13
5.03006012024 6.2990564191e-13
5.0501002004 6.14488187796e-13
5.07014028056 6.00012200944e-13
5.09018036072 5.85556105094e-13
5.11022044088 5.71100480462e-13
5.13026052104 5.56645306829e-13
5.1503006012 5.42190564882e-13
5.17034068136 5.28916135144e-13
5.19038076152 5.15718213414e-13
5.21042084168 5.02520670435e-13
5.23046092184 4.893234901e-13
5.250501002 4.76126657011e-13
5.27054108216 4.64301517693e-13
5.29058116232 4.52630760975e-13
5.31062124248 4.40960309244e-13
5.33066132265 4.29290149623e-13
5.35070140281 4.17620269797e-13
5.37074148297 4.06333772192e-13
5.39078156313 3.95110623324e-13
5.41082164329 3.83887720411e-13
5.43086172345 3.72665053132e-13
5.45090180361 3.61442611612e-13
5.47094188377 3.5145960054e-13
5.49098196393 3.41752135658e-13
5.51102204409 3.32044869371e-13
5.53106212425 3.22337793386e-13
5.55110220441 3.12630899766e-13
5.57114228457 3.03383837553e-13
5.59118236473 2.94268290148e-13
5.61122244489 2.85152903259e-13
5.63126252505 2.76037670213e-13
5.65130260521 2.66922584617e-13
5.67134268537 2.5865894853e-13
5.69138276553 2.50698680394e-13
5.71142284569 2.42738542107e-13
5.73146292585 2.34778528289e-13
5.75150300601 2.26818633786e-13
5.77154308617 2.19172554813e-13
5.79158316633 2.11662985105e-13
5.81162324649 2.04153520512e-13
5.83166332665 1.96644156691e-13
5.85170340681 1.89134889483e-13
5.87174348697 1.82015772297e-13
5.89178356713 1.75100780324e-13
5.91182364729 1.68185873495e-13
5.93186372745 1.612710483e-13
5.95190380762 1.54356301378e-13
5.97194388778 1.48174134495e-13
5.99198396794 1.42448358046e-13
6.0120240481 1.36722650598e-13
6.03206412826 1.30997009315e-13
6.05210420842 1.25271431477e-13
6.07214428858 1.19854832483e-13
6.09218436874 1.14665912805e-13
6.1122244489 1.09477049071e-13
6.13226452906 1.04288238986e-13
6.15230460922 9.90994803487e-14
6.17234468938 9.40930016487e-14
6.19238476954 8.92447275435e-14
6.2124248497 8.43964988139e-14
6.23246492986 7.95483136008e-14
6.25250501002 7.47001701218e-14
6.27254509018 7.02420530548e-14
6.29258517034 6.61818988052e-14
6.3126252505 6.21217813715e-14
6.33266533066 5.80616992474e-14
6.35270541082 5.40016509888e-14
6.37274549098 5.02147608133e-14
6.39278557114 4.67556285274e-14
6.4128256513 4.32965261214e-14
6.43286573146 3.98374523745e-14
6.45290581162 3.63784061159e-14
6.47294589178 3.33307630923e-14
6.49298597194 3.08650375157e-14
6.5130260521 2.83993361962e-14
6.53306613226 2.59336581441e-14
6.55310621242 2.34680024101e-14
6.57314629259 2.12933482223e-14
6.59318637275 1.96063480628e-14
6.61322645291 1.79193676009e-14
6.63326653307 1.62324060336e-14
6.65330661323 1.45454625909e-14
6.67334669339 1.29171996639e-14
6.69338677355 1.1406288456e-14
6.71342685371 9.89539324685e-15
6.73346693387 8.38451338494e-15
6.75350701403 6.8736482455e-15
6.77354709419 5.5238907464e-15
6.79358717435 4.5630149816e-15
6.81362725451 3.60215221409e-15
6.83366733467 2.64130191514e-15
6.85370741483 1.68046357768e-15
6.87374749499 9.20120747148e-16
6.89378757515 7.53242260529e-16
6.91382765531 5.86374335034e-16
6.93386773547 4.1951654147e-16
6.95390781563 2.52668468161e-16
6.97394789579 1.17497409818e-16
6.99398797595 9.99592093567e-17
7.01402805611 8.24295921973e-17
7.03406813627 6.49082098425e-17
7.05410821643 4.73947280051e-17
7.07414829659 3.18942900011e-17
7.09418837675 2.60742987739e-17
7.11422845691 2.0261284758e-17
7.13426853707 1.44549649186e-17
7.15430861723 8.65506774981e-18
7.17434869739 3.60010680269e-18
7.19438877756 3.43796528816e-18
7.21442885772 3.28149647971e-18
7.23446893788 3.13047046026e-18
7.25450901804 2.98466666918e-18
7.2745490982 2.84584017171e-18
7.29458917836 2.7314846168e-18
7.31462925852 2.62174200089e-18
7.33466933868 2.51642551886e-18
7.35470941884 2.41535596068e-18
7.374749499 2.31836140125e-18
7.39478957916 2.22527690309e-18
7.41482965932 2.13594423109e-18
7.43486973948 2.05021157906e-18
7.45490981964 1.96793330743e-18
7.4749498998 1.88896969171e-18
7.49498997996 1.81318668127e-18
7.51503006012 1.74045566802e-18
7.53507014028 1.67065326451e-18
7.55511022044 1.60366109115e-18
7.5751503006 1.53936557216e-18
7.59519038076 1.47765773982e-18
7.61523046092 1.41843304678e-18
7.63527054108 1.36159118603e-18
7.65531062124 1.30703591821e-18
7.6753507014 1.25467490599e-18
7.69539078156 1.2044195553e-18
7.71543086172 1.15618486291e-18
7.73547094188 1.10988927036e-18
7.75551102204 1.06545452378e-18
7.7755511022 1.02280553949e-18
7.79559118236 9.81870275071e-19
7.81563126253 9.42579605675e-19
7.83567134269 9.04867205425e-19
7.85571142285 8.68669433634e-19
7.87575150301 8.33925225675e-19
7.89579158317 8.00575988299e-19
7.91583166333 7.68565499226e-19
7.93587174349 7.37839810838e-19
7.95591182365 7.08347157789e-19
7.97595190381 6.80037868387e-19
7.99599198397 6.52864279596e-19
8.01603206413 6.26780655486e-19
8.03607214429 6.01743109024e-19
8.05611222445 5.77709527042e-19
8.07615230461 5.54639498262e-19
8.09619238477 5.32494244255e-19
8.11623246493 5.11236553215e-19
8.13627254509 4.90830716421e-19
8.15631262525 4.71242467293e-19
8.17635270541 4.52438922927e-19
8.19639278557 4.34388528005e-19
8.21643286573 4.17061000996e-19
8.23647294589 4.00427282539e-19
8.25651302605 3.84459485926e-19
8.27655310621 3.691308496e-19
8.29659318637 3.54415691589e-19
8.31663326653 3.40289365782e-19
8.33667334669 3.26728219995e-19
8.35671342685 3.13709555732e-19
8.37675350701 3.01211589584e-19
8.39679358717 2.89213416198e-19
8.41683366733 2.77694972747e-19
8.43687374749 2.66637004848e-19
8.45691382766 2.56021033859e-19
8.47695390782 2.45829325506e-19
8.49699398798 2.36044859787e-19
8.51703406814 2.26651302087e-19
8.5370741483 2.17632975479e-19
8.55711422846 2.08974834141e-19
8.57715430862 2.00662437852e-19
8.59719438878 1.92681927521e-19
8.61723446894 1.85020001718e-19
8.6372745491 1.7766389414e-19
8.65731462926 1.70601352009e-19
8.67735470942 1.63820615333e-19
8.69739478958 1.57310397009e-19
8.71743486974 1.5105986374e-19
8.7374749499 1.45058617717e-19
8.75751503006 1.39296679046e-19
8.77755511022 1.33764468888e-19
8.79759519038 1.28452793279e-19
8.81763527054 1.2335282761e-19
8.8376753507 1.1845610173e-19
8.85771543086 1.13754485654e-19
8.87775551102 1.09240175849e-19
8.89779559118 1.0490568208e-19
8.91783567134 1.00743814778e-19
8.9378757515 9.67476729293e-20
8.95791583166 9.29106324476e-20
8.97795591182 8.92263350205e-20
8.99799599198 8.56886774044e-20
9.01803607214 8.22918011539e-20
9.0380761523 7.90300827655e-20
9.05811623246 7.58981242194e-20
9.07815631263 7.28907439047e-20
9.09819639279 7.00029679096e-20
9.11823647295 6.72300216649e-20
9.13827655311 6.45673219243e-20
9.15831663327 6.20104690683e-20
9.17835671343 5.95552397197e-20
9.19839679359 5.71975796563e-20
9.21843687375 5.49335970106e-20
9.23847695391 5.27595557427e-20
9.25851703407 5.06718693781e-20
9.27855711423 4.86670949967e-20
9.29859719439 4.67419274654e-20
9.31863727455 4.48931939025e-20
9.33867735471 4.31178483659e-20
9.35871743487 4.1412966755e-20
9.37875751503 3.97757419186e-20
9.39879759519 3.82034789596e-20
9.41883767535 3.66935907289e-20
9.43887775551 3.52435935012e-20
9.45891783567 3.38511028247e-20
9.47895791583 3.25138295385e-20
9.49899799599 3.12295759491e-20
9.51903807615 2.99962321627e-20
9.53907815631 2.88117725638e-20
9.55911823647 2.76742524358e-20
9.57915831663 2.6581804718e-20
9.59919839679 2.55326368932e-20
9.61923847695 2.45250279996e-20
9.63927855711 2.35573257639e-20
9.65931863727 2.26279438495e-20
9.67935871743 2.17353592146e-20
9.6993987976 2.0878109578e-20
9.71943887776 2.00547909852e-20
9.73947895792 1.92640554737e-20
9.75951903808 1.85046088307e-20
9.77955911824 1.77752084427e-20
9.7995991984 1.70746612296e-20
9.81963927856 1.64018216632e-20
9.83967935872 1.5755589865e-20
9.85971943888 1.51349097794e-20
9.87975951904 1.45387674218e-20
9.8997995992 1.39661891959e-20
9.91983967936 1.34162402789e-20
9.93987975952 1.28880230717e-20
9.95991983968 1.2380675711e-20
9.97995991984 1.1893370641e-20
10.0 1.1425313243e-20
