0.0 0.0
0.0200400801603 0.0
0.0400801603206 0.0
0.060120240481 0.0
0.0801603206413 0.0
0.100200400802 0.0
0.120240480962 0.0
0.140280561122 0.0
0.160320641283 0.0
0.180360721443 0.0
0.200400801603 0.0
0.220440881764 0.0
0.240480961924 0.0
0.260521042084 0.0
0.280561122244 0.0
0.300601202405 0.0
0.320641282565 4.30629840614e-12
0.340681362725 5.04106804883e-12
0.360721442886 5.67458321026e-12
0.380761523046 6.29651050923e-12
0.400801603206 6.9184378082e-12
0.420841683367 7.54557062436e-12
0.440881763527 8.17667191616e-12
0.460921843687 8.80777320796e-12
0.480961923848 9.43259712811e-12
0.501002004008 1.00372710475e-11
0.521042084168 1.06419449669e-11
0.541082164329 1.12466188863e-11
0.561122244489 1.18469617498e-11
0.581162324649 1.24468639172e-11
0.60120240481 1.30467660846e-11
0.62124248497 1.36378536609e-11
0.64128256513 1.42224992465e-11
0.661322645291 1.48071448321e-11
0.681362725451 1.53705046522e-11
0.701402805611 1.58692749893e-11
0.721442885772 1.63680453265e-11
0.741482965932 1.68668156637e-11
0.761523046092 1.73417307072e-11
0.781563126253 1.78145143278e-11
0.801603206413 1.82872979485e-11
0.821643286573 1.86849045653e-11
0.841683366733 1.90298561688e-11
0.861723446894 1.93748077724e-11
0.881763527054 1.96769108005e-11
0.901803607214 1.98559138517e-11
0.921843687375 2.00349169029e-11
0.941883767535 2.02139199542e-11
0.961923847695 2.0321839742e-11
0.981963927856 2.04242705075e-11
1.00200400802 2.0526701273e-11
1.02204408818 2.06630635603e-11
1.04208416834 2.08221954525e-11
1.0621242485 2.09813273446e-11
1.08216432866 2.11317226734e-11
1.10220440882 2.12583209388e-11
1.12224448898 2.13849192043e-11
1.14228456914 2.15115174698e-11
1.1623246493 2.15436207351e-11
1.18236472946 2.15695479657e-11
1.20240480962 2.15954751962e-11
1.22244488978 2.16140004971e-11
1.24248496994 2.16277687631e-11
1.2625250501 2.16415370292e-11
1.28256513026 2.16604565105e-11
1.30260521042 2.16926961897e-11
1.32264529058 2.1724935869e-11
1.34268537074 2.17571755482e-11
1.3627254509 2.18263690148e-11
1.38276553106 2.1897548947e-11
1.40280561122 2.19687288792e-11
1.42284569138 2.20112814579e-11
1.44288577154 2.20362210171e-11
1.4629258517 2.20611605763e-11
1.48296593186 2.20902118817e-11
1.50300601202 2.21293685804e-11
1.52304609218 2.21685252791e-11
1.54308617234 2.22076819778e-11
1.56312625251 2.21957262906e-11
1.58316633267 2.21816033112e-11
1.60320641283 2.21674803318e-11
1.62324649299 2.21543608766e-11
1.64328657315 2.21418322248e-11
1.66332665331 2.2129303573e-11
1.68336673347 2.21294525448e-11
1.70340681363 2.21592466834e-11
1.72344689379 2.21890408221e-11
1.74348697395 2.22188349608e-11
1.76352705411 2.21154371145e-11
1.78356713427 2.20078714788e-11
1.80360721443 2.19003058432e-11
1.82364729459 2.18368983853e-11
1.84368737475 2.17983547396e-11
1.86372745491 2.1759811094e-11
1.88376753507 2.17605466326e-11
1.90380761523 2.18487584714e-11
1.92384769539 2.19369703102e-11
1.94388777555 2.20251821489e-11
1.96392785571 2.19570924626e-11
1.98396793587 2.18858118708e-11
2.00400801603 2.18145312791e-11
2.02404809619 2.17497011064e-11
2.04408817635 2.16883426303e-11
2.06412825651 2.16269841542e-11
2.08416833667 2.15667787548e-11
2.10420841683 2.1509021201e-11
2.12424849699 2.14512636472e-11
2.14428857715 2.13935060934e-11
2.16432865731 2.13243881049e-11
2.18436873747 2.12551591754e-11
2.20440881764 2.1185930246e-11
2.2244488978 2.10821376843e-11
2.24448897796 2.0960574562e-11
2.26452905812 2.08390114397e-11
2.28456913828 2.07120379198e-11
2.30460921844 2.057410706e-11
2.3246492986 2.04361762003e-11
2.34468937876 2.02982876818e-11
2.36472945892 2.0224085498e-11
2.38476953908 2.01498833141e-11
2.40480961924 2.00756811303e-11
2.4248496994 1.99945739387e-11
2.44488977956 1.99100776995e-11
2.46492985972 1.98255814603e-11
2.48496993988 1.97083975835e-11
2.50501002004 1.95280116959e-11
2.5250501002 1.93476258084e-11
2.54509018036 1.91687190879e-11
2.56513026052 1.91228040049e-11
2.58517034068 1.90768889219e-11
2.60521042084 1.90309738388e-11
2.625250501 1.8912391667e-11
2.64529058116 1.87597876467e-11
2.66533066132 1.86071836264e-11
2.68537074148 1.84569070676e-11
2.70541082164 1.83109297708e-11
2.7254509018 1.81649524739e-11
2.74549098196 1.801985426e-11
2.76553106212 1.79150799366e-11
2.78557114228 1.78103056133e-11
2.80561122244 1.77055312899e-11
2.82565130261 1.75084687116e-11
2.84569138277 1.72702232475e-11
2.86573146293 1.70319777834e-11
2.88577154309 1.68418528228e-11
2.90581162325 1.67366990261e-11
2.92585170341 1.66315452294e-11
2.94589178357 1.65243717124e-11
2.96593186373 1.63554458782e-11
2.98597194389 1.61865200441e-11
3.00601202405 1.60175942099e-11
3.02605210421 1.58442918244e-11
3.04609218437 1.56691296569e-11
3.06613226453 1.54939674894e-11
3.08617234469 1.53246975864e-11
3.10621242485 1.51653793283e-11
3.12625250501 1.50060610701e-11
3.14629258517 1.4847742206e-11
3.16633266533 1.47122153907e-11
3.18637274549 1.45766885754e-11
3.20641282565 1.44411617601e-11
3.22645290581 1.42604263191e-11
3.24649298597 1.406141479e-11
3.26653306613 1.38624032609e-11
3.28657314629 1.36527839542e-11
3.30661322645 1.34260200923e-11
3.32665330661 1.31992562305e-11
3.34669338677 1.29762125555e-11
3.36673346693 1.2820523347e-11
3.38677354709 1.26648341384e-11
3.40681362725 1.25091449298e-11
3.42685370741 1.23414865529e-11
3.44689378758 1.2169229962e-11
3.46693386774 1.19969733712e-11
3.4869739479 1.1828773653e-11
3.50701402806 1.16668513153e-11
3.52705410822 1.15049289777e-11
3.54709418838 1.13412684396e-11
3.56713426854 1.11516136459e-11
3.5871743487 1.09619588521e-11
3.60721442886 1.07723040584e-11
3.62725450902 1.05945823376e-11
3.64729458918 1.04212119966e-11
3.66733466934 1.02478416556e-11
3.6873747495 1.00820680738e-11
3.70741482966 9.9275528766e-12
3.72745490982 9.77303767939e-12
3.74749498998 9.61914189809e-12
3.76753507014 9.47311034071e-12
3.7875751503 9.32707878333e-12
3.80761523046 9.18104722595e-12
3.82765531062 9.0088140449e-12
3.84769539078 8.82752377633e-12
3.86773547094 8.64623350775e-12
3.8877755511 8.47784754188e-12
3.90781563126 8.32778466383e-12
3.92785571142 8.17772178579e-12
3.94789579158 8.02901655332e-12
3.96793587174 7.89524245725e-12
3.9879759519 7.76146836117e-12
4.00801603206 7.6276942651e-12
4.02805611222 7.47748064316e-12
4.04809619238 7.3218878461e-12
4.06813627255 7.16629504903e-12
4.08817635271 7.02353648531e-12
4.10821643287 6.89824367964e-12
4.12825651303 6.77295087398e-12
4.14829659319 6.64706747732e-12
4.16833667335 6.51547059728e-12
4.18837675351 6.38387371724e-12
4.20841683367 6.2522768372e-12
4.22845691383 6.13201194535e-12
4.24849699399 6.01525147501e-12
4.26853707415 5.89849100467e-12
4.28857715431 5.77821576169e-12
4.30861723447 5.653355014e-12
4.32865731463 5.52849426631e-12
4.34869739479 5.40530136036e-12
4.36873747495 5.29647454178e-12
4.38877755511 5.18764772319e-12
4.40881763527 5.07882090461e-12
4.42885771543 4.97925149736e-12
4.44889779559 4.88238312892e-12
4.46893787575 4.78551476049e-12
4.48897795591 4.68764657728e-12
4.50901803607 4.58852760656e-12
4.52905811623 4.48940863584e-12
4.54909819639 4.39088174025e-12
4.56913827655 4.2969402862e-12
4.58917835671 4.20299883215e-12
4.60921843687 4.10905737811e-12
4.62925851703 4.01635792338e-12
4.64929859719 3.92399970931e-12
4.66933867735 3.83164149524e-12
4.68937875752 3.74503413384e-12
4.70941883768 3.66532686992e-12
4.72945891784 3.585619606e-12
4.749498998 3.50494911113e-12
4.76953907816 3.41751687594e-12
4.78957915832 3.33008464075e-12
4.80961923848 3.24265240556e-12
4.82965931864 3.16464207524e-12
4.8496993988 3.0890642393e-12
4.86973947896 3.01348640336e-12
4.88977955912 2.93984041787e-12
4.90981963928 2.86841786551e-12
4.92985971944 2.79699531314e-12
4.9498997996 2.72667549265e-12
4.96993987976 2.66341974765e-12
4.98997995992 2.60016400265e-12
5.01002004008 2.53827390503e-12
5.03006012024 2.47765106133e-12
5.0501002004 2.41702821763e-12
5.07014028056 2.36010823e-12
5.09018036072 2.30326458019e-12
5.11022044088 2.24642093038e-12
5.13026052104 2.18957728057e-12
5.1503006012 2.13273363076e-12
5.17034068136 2.08053314317e-12
5.19038076152 2.02863217465e-12
5.21042084168 1.97673120613e-12
5.23046092184 1.92483023761e-12
5.250501002 1.87292926909e-12
5.27054108216 1.82642490897e-12
5.29058116232 1.78052682521e-12
5.31062124248 1.73462874145e-12
5.33066132265 1.68873065769e-12
5.35070140281 1.64283257392e-12
5.37074148297 1.59844212891e-12
5.39078156313 1.55429996479e-12
5.41082164329 1.51015780067e-12
5.43086172345 1.46601563655e-12
5.45090180361 1.42187347242e-12
5.47094188377 1.38260788877e-12
5.49098196393 1.34442582444e-12
5.51102204409 1.30624376011e-12
5.53106212425 1.26806169578e-12
5.55110220441 1.22987963145e-12
5.57114228457 1.19350641721e-12
5.59118236473 1.1576500836e-12
5.61122244489 1.12179374999e-12
5.63126252505 1.08593741638e-12
5.65130260521 1.05008108277e-12
5.67134268537 1.01757483426e-12
5.69138276553 9.86261872342e-13
5.71142284569 9.54948910424e-13
5.73146292585 9.23635948506e-13
5.75150300601 8.92322986588e-13
5.77154308617 8.62244507768e-13
5.79158316633 8.32702791472e-13
5.81162324649 8.03161075176e-13
5.83166332665 7.73619358879e-13
5.85170340681 7.44077642583e-13
5.87174348697 7.16070888019e-13
5.89178356713 6.88867061641e-13
5.91182364729 6.61663235263e-13
5.93186372745 6.34459408885e-13
5.95190380762 6.07255582507e-13
5.97194388778 5.82934324518e-13
5.99198396794 5.60408780178e-13
6.0120240481 5.37883235837e-13
6.03206412826 5.15357691497e-13
6.05210420842 4.92832147157e-13
6.07214428858 4.71522263179e-13
6.09218436874 4.51108117852e-13
6.1122244489 4.30693972525e-13
6.13226452906 4.10279827197e-13
6.15230460922 3.8986568187e-13
6.17234468938 3.70168654072e-13
6.19238476954 3.51094009988e-13
6.2124248497 3.32019365904e-13
6.23246492986 3.1294472182e-13
6.25250501002 2.93870077736e-13
6.27254509018 2.76330115939e-13
6.29258517034 2.6035607438e-13
6.3126252505 2.44382032821e-13
6.33266533066 2.28407991261e-13
6.35270541082 2.12433949702e-13
6.37274549098 1.97534717516e-13
6.39278557114 1.83925162188e-13
6.4128256513 1.7031560686e-13
6.43286573146 1.56706051531e-13
6.45290581162 1.43096496203e-13
6.47294589178 1.31105799419e-13
6.49298597194 1.21404976378e-13
6.5130260521 1.11704153337e-13
6.53306613226 1.02003330296e-13
6.55310621242 9.2302507255e-14
6.57314629259 8.37467551181e-14
6.59318637275 7.71099481304e-14
6.61322645291 7.04731411426e-14
6.63326653307 6.38363341549e-14
6.65330661323 5.71995271672e-14
6.67334669339 5.07935725085e-14
6.69338677355 4.48493570684e-14
6.71342685371 3.89051416283e-14
6.73346693387 3.29609261882e-14
6.75350701403 2.70167107481e-14
6.77354709419 2.17064337623e-14
6.79358717435 1.79264386968e-14
6.81362725451 1.41464436312e-14
6.83366733467 1.03664485656e-14
6.85370741483 6.58645350002e-15
6.87374749499 3.59540723609e-15
6.89378757515 2.93973049487e-15
6.91382765531 2.28405375365e-15
6.93386773547 1.62837701243e-15
6.95390781563 9.7270027121e-16
6.97394789579 4.41642860121e-16
6.99398797595 3.73461434662e-16
7.01402805611 3.05280009203e-16
7.03406813627 2.37098583745e-16
7.05410821643 1.68917158286e-16
7.07414829659 1.08627675073e-16
7.09418837675 8.6404263094e-17
7.11422845691 6.41808511156e-17
7.13426853707 4.19574391371e-17
7.15430861723 1.97340271586e-17
7.17434869739 4.17853509114e-19
7.19438877756 3.32734965734e-19
7.21442885772 2.47616422355e-19
7.23446893788 1.62497878975e-19
7.25450901804 7.73793355955e-20
7.2745490982 0.0
7.29458917836 0.0
7.31462925852 0.0
7.33466933868 0.0
7.35470941884 0.0
7.374749499 0.0
7.39478957916 0.0
7.41482965932 0.0
7.43486973948 0.0
7.45490981964 0.0
7.4749498998 0.0
7.49498997996 0.0
7.51503006012 0.0
7.53507014028 0.0
7.55511022044 0.0
7.5751503006 0.0
7.59519038076 0.0
7.61523046092 0.0
7.63527054108 0.0
7.65531062124 0.0
7.6753507014 0.0
7.69539078156 0.0
7.71543086172 0.0
7.73547094188 0.0
7.75551102204 0.0
7.7755511022 0.0
7.79559118236 0.0
7.81563126253 0.0
7.83567134269 0.0
7.85571142285 0.0
7.87575150301 0.0
7.89579158317 0.0
7.91583166333 0.0
7.93587174349 0.0
7.95591182365 0.0
7.97595190381 0.0
7.99599198397 0.0
8.01603206413 0.0
8.03607214429 0.0
8.05611222445 0.0
8.07615230461 0.0
8.09619238477 0.0
8.11623246493 0.0
8.13627254509 0.0
8.15631262525 0.0
8.17635270541 0.0
8.19639278557 0.0
8.21643286573 0.0
8.23647294589 0.0
8.25651302605 0.0
8.27655310621 0.0
8.29659318637 0.0
8.31663326653 0.0
8.33667334669 0.0
8.35671342685 0.0
8.37675350701 0.0
8.39679358717 0.0
8.41683366733 0.0
8.43687374749 0.0
8.45691382766 0.0
8.47695390782 0.0
8.49699398798 0.0
8.51703406814 0.0
8.5370741483 0.0
8.55711422846 0.0
8.57715430862 0.0
8.59719438878 0.0
8.61723446894 0.0
8.6372745491 0.0
8.65731462926 0.0
8.67735470942 0.0
8.69739478958 0.0
8.71743486974 0.0
8.7374749499 0.0
8.75751503006 0.0
8.77755511022 0.0
8.79759519038 0.0
8.81763527054 0.0
8.8376753507 0.0
8.85771543086 0.0
8.87775551102 0.0
8.89779559118 0.0
8.91783567134 0.0
8.9378757515 0.0
8.95791583166 0.0
8.97795591182 0.0
8.99799599198 0.0
9.01803607214 0.0
9.0380761523 0.0
9.05811623246 0.0
9.07815631263 0.0
9.09819639279 0.0
9.11823647295 0.0
9.13827655311 0.0
9.15831663327 0.0
9.17835671343 0.0
9.19839679359 0.0
9.21843687375 0.0
9.23847695391 0.0
9.25851703407 0.0
9.27855711423 0.0
9.29859719439 0.0
9.31863727455 0.0
9.33867735471 0.0
9.35871743487 0.0
9.37875751503 0.0
9.39879759519 0.0
9.41883767535 0.0
9.43887775551 0.0
9.45891783567 0.0
9.47895791583 0.0
9.49899799599 0.0
9.51903807615 0.0
9.53907815631 0.0
9.55911823647 0.0
9.57915831663 0.0
9.59919839679 0.0
9.61923847695 0.0
9.63927855711 0.0
9.65931863727 0.0
9.67935871743 0.0
9.6993987976 0.0
9.71943887776 0.0
9.73947895792 0.0
9.75951903808 0.0
9.77955911824 0.0
9.7995991984 0.0
9.81963927856 0.0
9.83967935872 0.0
9.85971943888 0.0
9.87975951904 0.0
9.8997995992 0.0
9.91983967936 0.0
9.93987975952 0.0
9.95991983968 0.0
9.97995991984 0.0
10.0 0.0
