0.0 0.0
0.0200400801603 0.0
0.0400801603206 0.0
0.060120240481 0.0
0.0801603206413 0.0
0.100200400802 0.0
0.120240480962 0.0
0.140280561122 0.0
0.160320641283 0.0
0.180360721443 0.0
0.200400801603 0.0
0.220440881764 0.0
0.240480961924 0.0
0.260521042084 2.70755694803e-12
0.280561122244 3.30470273254e-12
0.300601202405 3.89489535887e-12
0.320641282565 4.55923527331e-12
0.340681362725 5.33716270814e-12
0.360721442886 6.00788832855e-12
0.380761523046 6.66634545611e-12
0.400801603206 7.32480258367e-12
0.420841683367 7.98877098223e-12
0.440881763527 8.65694095078e-12
0.460921843687 9.32511091933e-12
0.480961923848 9.98663480543e-12
0.501002004008 1.06268251504e-11
0.521042084168 1.12670154953e-11
0.541082164329 1.19072058403e-11
0.561122244489 1.25428107384e-11
0.581162324649 1.31779490554e-11
0.60120240481 1.38130873724e-11
0.62124248497 1.443889336e-11
0.64128256513 1.50578789771e-11
0.661322645291 1.56768645942e-11
0.681362725451 1.62733141945e-11
0.701402805611 1.68013805523e-11
0.721442885772 1.732944691e-11
0.741482965932 1.78575132677e-11
0.761523046092 1.83603231554e-11
0.781563126253 1.8860876428e-11
0.801603206413 1.93614297006e-11
0.821643286573 1.97823903357e-11
0.841683366733 2.01476031868e-11
0.861723446894 2.05128160379e-11
0.881763527054 2.08326635384e-11
0.901803607214 2.10221806012e-11
0.921843687375 2.12116976639e-11
0.941883767535 2.14012147267e-11
0.961923847695 2.15154733443e-11
0.981963927856 2.16239205338e-11
1.00200400802 2.17323677233e-11
1.02204408818 2.18767394532e-11
1.04208416834 2.20452181946e-11
1.0621242485 2.22136969361e-11
1.08216432866 2.2372925959e-11
1.10220440882 2.25069601627e-11
1.12224448898 2.26409943663e-11
1.14228456914 2.277502857e-11
1.1623246493 2.28090174685e-11
1.18236472946 2.28364675737e-11
1.20240480962 2.28639176788e-11
1.22244488978 2.28835310909e-11
1.24248496994 2.28981080566e-11
1.2625250501 2.29126850223e-11
1.28256513026 2.29327157676e-11
1.30260521042 2.29668490926e-11
1.32264529058 2.30009824175e-11
1.34268537074 2.30351157424e-11
1.3627254509 2.31083733907e-11
1.38276553106 2.31837341824e-11
1.40280561122 2.32590949742e-11
1.42284569138 2.33041469421e-11
1.44288577154 2.33305513636e-11
1.4629258517 2.33569557851e-11
1.48296593186 2.33877134623e-11
1.50300601202 2.34291700882e-11
1.52304609218 2.3470626714e-11
1.54308617234 2.35120833399e-11
1.56312625251 2.34994254175e-11
1.58316633267 2.34844729038e-11
1.60320641283 2.34695203901e-11
1.62324649299 2.34556303442e-11
1.64328657315 2.34423658033e-11
1.66332665331 2.34291012624e-11
1.68336673347 2.34292589843e-11
1.70340681363 2.34608031262e-11
1.72344689379 2.34923472681e-11
1.74348697395 2.352389141e-11
1.76352705411 2.34144203368e-11
1.78356713427 2.33005366729e-11
1.80360721443 2.3186653009e-11
1.82364729459 2.31195212194e-11
1.84368737475 2.30787136551e-11
1.86372745491 2.30379060909e-11
1.88376753507 2.30386848325e-11
1.90380761523 2.31320779253e-11
1.92384769539 2.32254710182e-11
1.94388777555 2.3318864111e-11
1.96392785571 2.32467750753e-11
1.98396793587 2.31713077115e-11
2.00400801603 2.30958403478e-11
2.02404809619 2.30272022782e-11
2.04408817635 2.29622398203e-11
2.06412825651 2.28972773625e-11
2.08416833667 2.28335357091e-11
2.10420841683 2.27723856791e-11
2.12424849699 2.27112356491e-11
2.14428857715 2.26500856191e-11
2.16432865731 2.25769078824e-11
2.18436873747 2.25036126884e-11
2.20440881764 2.24303174944e-11
2.2244488978 2.23204285216e-11
2.24448897796 2.21917252078e-11
2.26452905812 2.20630218939e-11
2.28456913828 2.19285903948e-11
2.30460921844 2.178255796e-11
2.3246492986 2.16365255252e-11
2.34468937876 2.14905379188e-11
2.36472945892 2.14119773588e-11
2.38476953908 2.13334167989e-11
2.40480961924 2.1254856239e-11
2.4248496994 2.11689850954e-11
2.44488977956 2.10795258434e-11
2.46492985972 2.09900665915e-11
2.48496993988 2.08659997446e-11
2.50501002004 2.06750186226e-11
2.5250501002 2.04840375006e-11
2.54509018036 2.02946224268e-11
2.56513026052 2.02460104528e-11
2.58517034068 2.01973984788e-11
2.60521042084 2.01487865048e-11
2.625250501 2.0023239232e-11
2.64529058116 1.98616717867e-11
2.66533066132 1.97001043414e-11
2.68537074148 1.95410010646e-11
2.70541082164 1.93864495732e-11
2.7254509018 1.92318980818e-11
2.74549098196 1.90782773077e-11
2.76553106212 1.8967348908e-11
2.78557114228 1.88564205083e-11
2.80561122244 1.87454921086e-11
2.82565130261 1.85368547655e-11
2.84569138277 1.82846155983e-11
2.86573146293 1.80323764311e-11
2.88577154309 1.78310841971e-11
2.90581162325 1.77197540351e-11
2.92585170341 1.76084238731e-11
2.94589178357 1.74949553595e-11
2.96593186373 1.73161074143e-11
2.98597194389 1.7137259469e-11
3.00601202405 1.69584115237e-11
3.02605210421 1.67749299639e-11
3.04609218437 1.65894793849e-11
3.06613226453 1.64040288059e-11
3.08617234469 1.62248165824e-11
3.10621242485 1.60561405285e-11
3.12625250501 1.58874644745e-11
3.14629258517 1.57198465156e-11
3.16633266533 1.55763593304e-11
3.18637274549 1.54328721452e-11
3.20641282565 1.528938496e-11
3.22645290581 1.5098033753e-11
3.24649298597 1.48873329846e-11
3.26653306613 1.46766322162e-11
3.28657314629 1.44547006065e-11
3.30661322645 1.42146174306e-11
3.32665330661 1.39745342547e-11
3.34669338677 1.37383897764e-11
3.36673346693 1.35735559297e-11
3.38677354709 1.3408722083e-11
3.40681362725 1.32438882362e-11
3.42685370741 1.30663821942e-11
3.44689378758 1.28840078553e-11
3.46693386774 1.27016335163e-11
3.4869739479 1.25235543366e-11
3.50701402806 1.23521212486e-11
3.52705410822 1.21806881606e-11
3.54709418838 1.20074147765e-11
3.56713426854 1.18066203253e-11
3.5871743487 1.1605825874e-11
3.60721442886 1.14050314227e-11
3.62725450902 1.12168709513e-11
3.64729458918 1.10333174445e-11
3.66733466934 1.08497639376e-11
3.6873747495 1.06742533969e-11
3.70741482966 1.05106625189e-11
3.72745490982 1.03470716409e-11
3.74749498998 1.0184136561e-11
3.76753507014 1.00295276221e-11
3.7875751503 9.87491868311e-12
3.80761523046 9.72030974415e-12
3.82765531062 9.53796019004e-12
3.84769539078 9.34602156683e-12
3.86773547094 9.15408294361e-12
3.8877755511 8.9758065766e-12
3.90781563126 8.81692953134e-12
3.92785571142 8.65805248607e-12
3.94789579158 8.50061282973e-12
3.96793587174 8.35898131236e-12
3.9879759519 8.217349795e-12
4.00801603206 8.07571827764e-12
4.02805611222 7.91668163431e-12
4.04809619238 7.75194986198e-12
4.06813627255 7.58721808964e-12
4.08817635271 7.43607438851e-12
4.10821643287 7.30342232281e-12
4.12825651303 7.17077025712e-12
4.14829659319 7.03749291118e-12
4.16833667335 6.89816649189e-12
4.18837675351 6.75884007259e-12
4.20841683367 6.6195136533e-12
4.22845691383 6.49218482345e-12
4.24849699399 6.36856625253e-12
4.26853707415 6.24494768161e-12
4.28857715431 6.11760789264e-12
4.30861723447 5.98541326249e-12
4.32865731463 5.85321863234e-12
4.34869739479 5.7227898071e-12
4.36873747495 5.60757088283e-12
4.38877755511 5.49235195855e-12
4.40881763527 5.37713303427e-12
4.42885771543 5.27171526921e-12
4.44889779559 5.16915719251e-12
4.46893787575 5.0665991158e-12
4.48897795591 4.96298249872e-12
4.50901803607 4.85804162724e-12
4.52905811623 4.75310075577e-12
4.54909819639 4.64878673584e-12
4.56913827655 4.54932749022e-12
4.58917835671 4.44986824459e-12
4.60921843687 4.35040899896e-12
4.62925851703 4.25226470334e-12
4.64929859719 4.15448169166e-12
4.66933867735 4.05669867997e-12
4.68937875752 3.96500430588e-12
4.70941883768 3.88061531679e-12
4.72945891784 3.7962263277e-12
4.749498998 3.71081753086e-12
4.76953907816 3.61824983278e-12
4.78957915832 3.5256821347e-12
4.80961923848 3.43311443661e-12
4.82965931864 3.35052205305e-12
4.8496993988 3.27050504007e-12
4.86973947896 3.19048802708e-12
4.88977955912 3.11251633467e-12
4.90981963928 3.03689867204e-12
4.92985971944 2.96128100941e-12
4.9498997996 2.88683084926e-12
4.96993987976 2.81985968362e-12
4.98997995992 2.75288851798e-12
5.01002004008 2.68736321306e-12
5.03006012024 2.62317959611e-12
5.0501002004 2.55899597917e-12
5.07014028056 2.49873271106e-12
5.09018036072 2.4385502646e-12
5.11022044088 2.37836781814e-12
5.13026052104 2.31818537168e-12
5.1503006012 2.25800292522e-12
5.17034068136 2.20273636404e-12
5.19038076152 2.14778691463e-12
5.21042084168 2.09283746523e-12
5.23046092184 2.03788801582e-12
5.250501002 1.98293856641e-12
5.27054108216 1.93370270327e-12
5.29058116232 1.88510872702e-12
5.31062124248 1.83651475077e-12
5.33066132265 1.78792077452e-12
5.35070140281 1.73932679828e-12
5.37074148297 1.69232901419e-12
5.39078156313 1.64559409414e-12
5.41082164329 1.5988591741e-12
5.43086172345 1.55212425405e-12
5.45090180361 1.50538933401e-12
5.47094188377 1.46381742767e-12
5.49098196393 1.42339268277e-12
5.51102204409 1.38296793788e-12
5.53106212425 1.34254319299e-12
5.55110220441 1.3021184481e-12
5.57114228457 1.2636087988e-12
5.59118236473 1.2256463899e-12
5.61122244489 1.18768398099e-12
5.63126252505 1.14972157208e-12
5.65130260521 1.11175916317e-12
5.67134268537 1.07734361162e-12
5.69138276553 1.04419143613e-12
5.71142284569 1.01103926063e-12
5.73146292585 9.7788708514e-13
5.75150300601 9.44734909646e-13
5.77154308617 9.12889726458e-13
5.79158316633 8.81612833343e-13
5.81162324649 8.50335940228e-13
5.83166332665 8.19059047113e-13
5.85170340681 7.87782153997e-13
5.87174348697 7.58130380883e-13
5.89178356713 7.29328697141e-13
5.91182364729 7.00527013399e-13
5.93186372745 6.71725329658e-13
5.95190380762 6.42923645916e-13
5.97194388778 6.17173842522e-13
5.99198396794 5.93325226699e-13
6.0120240481 5.69476610876e-13
6.03206412826 5.45627995053e-13
6.05210420842 5.2177937923e-13
6.07214428858 4.99217827397e-13
6.09218436874 4.77604626761e-13
6.1122244489 4.55991426125e-13
6.13226452906 4.34378225489e-13
6.15230460922 4.12765024853e-13
6.17234468938 3.91911062714e-13
6.19238476954 3.71716040927e-13
6.2124248497 3.5152101914e-13
6.23246492986 3.31325997353e-13
6.25250501002 3.11130975567e-13
6.27254509018 2.92560777922e-13
6.29258517034 2.75648477179e-13
6.3126252505 2.58736176436e-13
6.33266533066 2.41823875693e-13
6.35270541082 2.2491157495e-13
6.37274549098 2.09137214114e-13
6.39278557114 1.94728281231e-13
6.4128256513 1.80319348348e-13
6.43286573146 1.65910415466e-13
6.45290581162 1.51501482583e-13
6.47294589178 1.38806494319e-13
6.49298597194 1.28535878951e-13
6.5130260521 1.18265263583e-13
6.53306613226 1.07994648215e-13
6.55310621242 9.77240328472e-14
6.57314629259 8.86657458329e-14
6.59318637275 8.16391160765e-14
6.61322645291 7.461248632e-14
6.63326653307 6.75858565636e-14
6.65330661323 6.05592268072e-14
6.67334669339 5.37770088362e-14
6.69338677355 4.74836510261e-14
6.71342685371 4.1190293216e-14
6.73346693387 3.4896935406e-14
6.75350701403 2.86035775959e-14
6.77354709419 2.2981393562e-14
6.79358717435 1.89793748419e-14
6.81362725451 1.49773561217e-14
6.83366733467 1.09753374016e-14
6.85370741483 6.97331868141e-15
6.87374749499 3.80658884886e-15
6.89378757515 3.11239995517e-15
6.91382765531 2.41821106148e-15
6.93386773547 1.72402216779e-15
6.95390781563 1.0298332741e-15
6.97394789579 4.67583412983e-16
6.99398797595 3.9539724969e-16
7.01402805611 3.23211086396e-16
7.03406813627 2.51024923103e-16
7.05410821643 1.78838759809e-16
7.07414829659 1.15008083774e-16
7.09418837675 9.1479346508e-17
7.11422845691 6.79506092424e-17
7.13426853707 4.44218719768e-17
7.15430861723 2.08931347111e-17
7.17434869739 4.42396758922e-19
7.19438877756 3.52278650795e-19
7.21442885772 2.62160542669e-19
7.23446893788 1.72042434543e-19
7.25450901804 8.19243264166e-20
7.2745490982 0.0
7.29458917836 0.0
7.31462925852 0.0
7.33466933868 0.0
7.35470941884 0.0
7.374749499 0.0
7.39478957916 0.0
7.41482965932 0.0
7.43486973948 0.0
7.45490981964 0.0
7.4749498998 0.0
7.49498997996 0.0
7.51503006012 0.0
7.53507014028 0.0
7.55511022044 0.0
7.5751503006 0.0
7.59519038076 0.0
7.61523046092 0.0
7.63527054108 0.0
7.65531062124 0.0
7.6753507014 0.0
7.69539078156 0.0
7.71543086172 0.0
7.73547094188 0.0
7.75551102204 0.0
7.7755511022 0.0
7.79559118236 0.0
7.81563126253 0.0
7.83567134269 0.0
7.85571142285 0.0
7.87575150301 0.0
7.89579158317 0.0
7.91583166333 0.0
7.93587174349 0.0
7.95591182365 0.0
7.97595190381 0.0
7.99599198397 0.0
8.01603206413 0.0
8.03607214429 0.0
8.05611222445 0.0
8.07615230461 0.0
8.09619238477 0.0
8.11623246493 0.0
8.13627254509 0.0
8.15631262525 0.0
8.17635270541 0.0
8.19639278557 0.0
8.21643286573 0.0
8.23647294589 0.0
8.25651302605 0.0
8.27655310621 0.0
8.29659318637 0.0
8.31663326653 0.0
8.33667334669 0.0
8.35671342685 0.0
8.37675350701 0.0
8.39679358717 0.0
8.41683366733 0.0
8.43687374749 0.0
8.45691382766 0.0
8.47695390782 0.0
8.49699398798 0.0
8.51703406814 0.0
8.5370741483 0.0
8.55711422846 0.0
8.57715430862 0.0
8.59719438878 0.0
8.61723446894 0.0
8.6372745491 0.0
8.65731462926 0.0
8.67735470942 0.0
8.69739478958 0.0
8.71743486974 0.0
8.7374749499 0.0
8.75751503006 0.0
8.77755511022 0.0
8.79759519038 0.0
8.81763527054 0.0
8.8376753507 0.0
8.85771543086 0.0
8.87775551102 0.0
8.89779559118 0.0
8.91783567134 0.0
8.9378757515 0.0
8.95791583166 0.0
8.97795591182 0.0
8.99799599198 0.0
9.01803607214 0.0
9.0380761523 0.0
9.05811623246 0.0
9.07815631263 0.0
9.09819639279 0.0
9.11823647295 0.0
9.13827655311 0.0
9.15831663327 0.0
9.17835671343 0.0
9.19839679359 0.0
9.21843687375 0.0
9.23847695391 0.0
9.25851703407 0.0
9.27855711423 0.0
9.29859719439 0.0
9.31863727455 0.0
9.33867735471 0.0
9.35871743487 0.0
9.37875751503 0.0
9.39879759519 0.0
9.41883767535 0.0
9.43887775551 0.0
9.45891783567 0.0
9.47895791583 0.0
9.49899799599 0.0
9.51903807615 0.0
9.53907815631 0.0
9.55911823647 0.0
9.57915831663 0.0
9.59919839679 0.0
9.61923847695 0.0
9.63927855711 0.0
9.65931863727 0.0
9.67935871743 0.0
9.6993987976 0.0
9.71943887776 0.0
9.73947895792 0.0
9.75951903808 0.0
9.77955911824 0.0
9.7995991984 0.0
9.81963927856 0.0
9.83967935872 0.0
9.85971943888 0.0
9.87975951904 0.0
9.8997995992 0.0
9.91983967936 0.0
9.93987975952 0.0
9.95991983968 0.0
9.97995991984 0.0
10.0 0.0
