0.0 0.0
0.0200400801603 0.0
0.0400801603206 0.0
0.060120240481 0.0
0.0801603206413 0.0
0.100200400802 0.0
0.120240480962 0.0
0.140280561122 0.0
0.160320641283 0.0
0.180360721443 0.0
0.200400801603 0.0
0.220440881764 0.0
0.240480961924 0.0
0.260521042084 0.0
0.280561122244 0.0
0.300601202405 0.0
0.320641282565 0.0
0.340681362725 4.50942215235e-12
0.360721442886 5.07612493738e-12
0.380761523046 5.63246195009e-12
0.400801603206 6.18879896279e-12
0.420841683367 6.7497925035e-12
0.440881763527 7.31433599271e-12
0.460921843687 7.87887948191e-12
0.480961923848 8.43780762959e-12
0.501002004008 8.97871085497e-12
0.521042084168 9.51961408036e-12
0.541082164329 1.00605173058e-11
0.561122244489 1.05975462412e-11
0.581162324649 1.11341809577e-11
0.60120240481 1.16708156741e-11
0.62124248497 1.21995654121e-11
0.64128256513 1.27225525509e-11
0.661322645291 1.32455396896e-11
0.681362725451 1.37494859224e-11
0.701402805611 1.41956544696e-11
0.721442885772 1.46418230167e-11
0.741482965932 1.50879915639e-11
0.761523046092 1.55128206669e-11
0.781563126253 1.59357431332e-11
0.801603206413 1.63586655996e-11
0.821643286573 1.67143394505e-11
0.841683366733 1.70229114411e-11
0.861723446894 1.73314834317e-11
0.881763527054 1.76017257839e-11
0.901803607214 1.77618506457e-11
0.921843687375 1.79219755075e-11
0.941883767535 1.80821003693e-11
0.961923847695 1.81786386181e-11
0.981963927856 1.82702667331e-11
1.00200400802 1.83618948482e-11
1.02204408818 1.84838759667e-11
1.04208416834 1.86262253404e-11
1.0621242485 1.87685747141e-11
1.08216432866 1.89031089082e-11
1.10220440882 1.90163557474e-11
1.12224448898 1.91296025866e-11
1.14228456914 1.92428494258e-11
1.1623246493 1.92715669862e-11
1.18236472946 1.92947598545e-11
1.20240480962 1.93179527229e-11
1.22244488978 1.93345242909e-11
1.24248496994 1.93468405151e-11
1.2625250501 1.93591567392e-11
1.28256513026 1.93760809163e-11
1.30260521042 1.94049205039e-11
1.32264529058 1.94337600915e-11
1.34268537074 1.94625996791e-11
1.3627254509 1.95244957988e-11
1.38276553106 1.95881688855e-11
1.40280561122 1.96518419722e-11
1.42284569138 1.96899068305e-11
1.44288577154 1.97122161903e-11
1.4629258517 1.97345255501e-11
1.48296593186 1.97605130192e-11
1.50300601202 1.9795540137e-11
1.52304609218 1.98305672548e-11
1.54308617234 1.98655943727e-11
1.56312625251 1.98548995674e-11
1.58316633267 1.98422660391e-11
1.60320641283 1.98296325107e-11
1.62324649299 1.9817896672e-11
1.64328657315 1.98066893287e-11
1.66332665331 1.97954819854e-11
1.68336673347 1.97956152462e-11
1.70340681363 1.98222672072e-11
1.72344689379 1.98489191682e-11
1.74348697395 1.98755711292e-11
1.76352705411 1.97830779246e-11
1.78356713427 1.96868564779e-11
1.80360721443 1.95906350313e-11
1.82364729459 1.95339147108e-11
1.84368737475 1.94994359916e-11
1.86372745491 1.94649572725e-11
1.88376753507 1.9465615239e-11
1.90380761523 1.95445239973e-11
1.92384769539 1.96234327555e-11
1.94388777555 1.97023415137e-11
1.96392785571 1.96414327664e-11
1.98396793587 1.9577669636e-11
2.00400801603 1.95139065056e-11
2.02404809619 1.9455913514e-11
2.04408817635 1.94010260837e-11
2.06412825651 1.93461386533e-11
2.08416833667 1.92922826928e-11
2.10420841683 1.92406164209e-11
2.12424849699 1.9188950149e-11
2.14428857715 1.9137283877e-11
2.16432865731 1.90754552753e-11
2.18436873747 1.90135274329e-11
2.20440881764 1.89515995904e-11
2.2244488978 1.88587532982e-11
2.24448897796 1.87500105811e-11
2.26452905812 1.8641267864e-11
2.28456913828 1.85276853459e-11
2.30460921844 1.84043010812e-11
2.3246492986 1.82809168165e-11
2.34468937876 1.81575704276e-11
2.36472945892 1.80911938248e-11
2.38476953908 1.8024817222e-11
2.40480961924 1.79584406192e-11
2.4248496994 1.78858872312e-11
2.44488977956 1.78103022144e-11
2.46492985972 1.77347171977e-11
2.48496993988 1.76298918779e-11
2.50501002004 1.74685300178e-11
2.5250501002 1.73071681577e-11
2.54509018036 1.71471294674e-11
2.56513026052 1.71060567244e-11
2.58517034068 1.70649839813e-11
2.60521042084 1.70239112383e-11
2.625250501 1.69178350919e-11
2.64529058116 1.67813251414e-11
2.66533066132 1.66448151909e-11
2.68537074148 1.65103872411e-11
2.70541082164 1.63798051402e-11
2.7254509018 1.62492230394e-11
2.74549098196 1.61194273108e-11
2.76553106212 1.60257027965e-11
2.78557114228 1.59319782821e-11
2.80561122244 1.58382537677e-11
2.82565130261 1.56619739898e-11
2.84569138277 1.54488545947e-11
2.86573146293 1.52357351995e-11
2.88577154309 1.50656613778e-11
2.90581162325 1.49715974104e-11
2.92585170341 1.4877533443e-11
2.94589178357 1.47816627611e-11
2.96593186373 1.46305523434e-11
2.98597194389 1.44794419256e-11
3.00601202405 1.43283315079e-11
3.02605210421 1.41733061029e-11
3.04609218437 1.40166170539e-11
3.06613226453 1.38599280049e-11
3.08617234469 1.37085098048e-11
3.10621242485 1.35659937198e-11
3.12625250501 1.34234776348e-11
3.14629258517 1.32818555448e-11
3.16633266533 1.3160621787e-11
3.18637274549 1.30393880291e-11
3.20641282565 1.29181542712e-11
3.22645290581 1.27564797226e-11
3.24649298597 1.2578456536e-11
3.26653306613 1.24004333495e-11
3.28657314629 1.22129211127e-11
3.30661322645 1.20100724362e-11
3.32665330661 1.18072237597e-11
3.34669338677 1.16077029282e-11
3.36673346693 1.14684331625e-11
3.38677354709 1.13291633968e-11
3.40681362725 1.11898936311e-11
3.42685370741 1.10399170008e-11
3.44689378758 1.08858270978e-11
3.46693386774 1.07317371948e-11
3.4869739479 1.05812763147e-11
3.50701402806 1.04364307841e-11
3.52705410822 1.02915852535e-11
3.54709418838 1.01451848382e-11
3.56713426854 9.97553159808e-12
3.5871743487 9.80587835794e-12
3.60721442886 9.6362251178e-12
3.62725450902 9.47724645359e-12
3.64729458918 9.32216025983e-12
3.66733466934 9.16707406607e-12
3.6873747495 9.01878345484e-12
3.70741482966 8.88056388581e-12
3.72745490982 8.74234431678e-12
3.74749498998 8.60467883823e-12
3.76753507014 8.47404819936e-12
3.7875751503 8.34341756049e-12
3.80761523046 8.21278692163e-12
3.82765531062 8.05871795957e-12
3.84769539078 7.89654709712e-12
3.86773547094 7.73437623467e-12
3.8877755511 7.58374874913e-12
3.90781563126 7.44951194456e-12
3.92785571142 7.31527513999e-12
3.94789579158 7.18225279969e-12
3.96793587174 7.06258691413e-12
3.9879759519 6.94292102856e-12
4.00801603206 6.823255143e-12
4.02805611222 6.68888349243e-12
4.04809619238 6.5496999704e-12
4.06813627255 6.41051644837e-12
4.08817635271 6.2828136236e-12
4.10821643287 6.17073456656e-12
4.12825651303 6.05865550952e-12
4.14829659319 5.94604814695e-12
4.16833667335 5.8283298618e-12
4.18837675351 5.71061157665e-12
4.20841683367 5.5928932915e-12
4.22845691383 5.48531188966e-12
4.24849699399 5.38086532271e-12
4.26853707415 5.27641875576e-12
4.28857715431 5.16882809445e-12
4.30861723447 5.05713552928e-12
4.32865731463 4.94544296411e-12
4.34869739479 4.83524234516e-12
4.36873747495 4.73789272366e-12
4.38877755511 4.64054310217e-12
4.40881763527 4.54319348067e-12
4.42885771543 4.45412495662e-12
4.44889779559 4.36747261187e-12
4.46893787575 4.28082026711e-12
4.48897795591 4.19327355101e-12
4.50901803607 4.10460795912e-12
4.52905811623 4.01594236723e-12
4.54909819639 3.92780640849e-12
4.56913827655 3.84377229711e-12
4.58917835671 3.75973818572e-12
4.60921843687 3.67570407434e-12
4.62925851703 3.59278097737e-12
4.64929859719 3.51016313281e-12
4.66933867735 3.42754528825e-12
4.68937875752 3.35007179448e-12
4.70941883768 3.27877069358e-12
4.72945891784 3.20746959267e-12
4.749498998 3.13530684599e-12
4.76953907816 3.05709547206e-12
4.78957915832 2.97888409812e-12
4.80961923848 2.90067272418e-12
4.82965931864 2.83088959326e-12
4.8496993988 2.76328241868e-12
4.86973947896 2.69567524411e-12
4.88977955912 2.62979618135e-12
4.90981963928 2.5659060619e-12
4.92985971944 2.50201594244e-12
4.9498997996 2.43911225751e-12
4.96993987976 2.38252764984e-12
4.98997995992 2.32594304217e-12
5.01002004008 2.27058005668e-12
5.03006012024 2.21635067679e-12
5.0501002004 2.16212129689e-12
5.07014028056 2.11120425894e-12
5.09018036072 2.060355508e-12
5.11022044088 2.00950675706e-12
5.13026052104 1.95865800613e-12
5.1503006012 1.90780925519e-12
5.17034068136 1.8611139849e-12
5.19038076152 1.81468664551e-12
5.21042084168 1.76825930612e-12
5.23046092184 1.72183196674e-12
5.250501002 1.67540462735e-12
5.27054108216 1.63380475414e-12
5.29058116232 1.59274721759e-12
5.31062124248 1.55168968104e-12
5.33066132265 1.51063214449e-12
5.35070140281 1.46957460794e-12
5.37074148297 1.42986571011e-12
5.39078156313 1.39037890874e-12
5.41082164329 1.35089210737e-12
5.43086172345 1.311405306e-12
5.45090180361 1.27191850463e-12
5.47094188377 1.23679398517e-12
5.49098196393 1.2026387139e-12
5.51102204409 1.16848344263e-12
5.53106212425 1.13432817136e-12
5.55110220441 1.10017290008e-12
5.57114228457 1.06763571224e-12
5.59118236473 1.03556089327e-12
5.61122244489 1.00348607429e-12
5.63126252505 9.71411255323e-13
5.65130260521 9.39336436351e-13
5.67134268537 9.10258392634e-13
5.69138276553 8.82247787984e-13
5.71142284569 8.54237183334e-13
5.73146292585 8.26226578685e-13
5.75150300601 7.98215974035e-13
5.77154308617 7.71309660256e-13
5.79158316633 7.44883500444e-13
5.81162324649 7.18457340631e-13
5.83166332665 6.92031180819e-13
5.85170340681 6.65605021006e-13
5.87174348697 6.40551941336e-13
5.89178356713 6.16217110679e-13
5.91182364729 5.91882280023e-13
5.93186372745 5.67547449366e-13
5.95190380762 5.43212618709e-13
5.97194388778 5.21456352282e-13
5.99198396794 5.01306418248e-13
6.0120240481 4.81156484215e-13
6.03206412826 4.61006550182e-13
6.05210420842 4.40856616148e-13
6.07214428858 4.21794135352e-13
6.09218436874 4.03532925968e-13
6.1122244489 3.85271716583e-13
6.13226452906 3.67010507199e-13
6.15230460922 3.48749297815e-13
6.17234468938 3.31129576631e-13
6.19238476954 3.1406660074e-13
6.2124248497 2.9700362485e-13
6.23246492986 2.79940648959e-13
6.25250501002 2.62877673068e-13
6.27254509018 2.47187527347e-13
6.29258517034 2.32898155299e-13
6.3126252505 2.18608783251e-13
6.33266533066 2.04319411202e-13
6.35270541082 1.90030039154e-13
6.37274549098 1.76702123914e-13
6.39278557114 1.64527872409e-13
6.4128256513 1.52353620904e-13
6.43286573146 1.40179369399e-13
6.45290581162 1.28005117894e-13
6.47294589178 1.17278995339e-13
6.49298597194 1.08601249692e-13
6.5130260521 9.99235040449e-14
6.53306613226 9.12457583978e-14
6.55310621242 8.25680127507e-14
6.57314629259 7.49145754548e-14
6.59318637275 6.8977705696e-14
6.61322645291 6.30408359372e-14
6.63326653307 5.71039661783e-14
6.65330661323 5.11670964195e-14
6.67334669339 4.54367326226e-14
6.69338677355 4.01194116651e-14
6.71342685371 3.48020907077e-14
6.73346693387 2.94847697502e-14
6.75350701403 2.41674487928e-14
6.77354709419 1.94172092716e-14
6.79358717435 1.60358636283e-14
6.81362725451 1.2654517985e-14
6.83366733467 9.27317234167e-15
6.85370741483 5.89182669837e-15
6.87374749499 3.21622499044e-15
6.89378757515 2.62969785115e-15
6.91382765531 2.04317071186e-15
6.93386773547 1.45664357257e-15
6.95390781563 8.70116433284e-16
6.97394789579 3.95065902219e-16
6.99398797595 3.34075090874e-16
7.01402805611 2.73084279529e-16
7.03406813627 2.12093468184e-16
7.05410821643 1.51102656839e-16
7.07414829659 9.71714802469e-17
7.09418837675 7.72918148058e-17
7.11422845691 5.74121493647e-17
7.13426853707 3.75324839236e-17
7.15430861723 1.76528184825e-17
7.17434869739 3.73785446295e-19
7.19438877756 2.97643755412e-19
7.21442885772 2.2150206453e-19
7.23446893788 1.45360373647e-19
7.25450901804 6.92186827649e-20
7.2745490982 0.0
7.29458917836 0.0
7.31462925852 0.0
7.33466933868 0.0
7.35470941884 0.0
7.374749499 0.0
7.39478957916 0.0
7.41482965932 0.0
7.43486973948 0.0
7.45490981964 0.0
7.4749498998 0.0
7.49498997996 0.0
7.51503006012 0.0
7.53507014028 0.0
7.55511022044 0.0
7.5751503006 0.0
7.59519038076 0.0
7.61523046092 0.0
7.63527054108 0.0
7.65531062124 0.0
7.6753507014 0.0
7.69539078156 0.0
7.71543086172 0.0
7.73547094188 0.0
7.75551102204 0.0
7.7755511022 0.0
7.79559118236 0.0
7.81563126253 0.0
7.83567134269 0.0
7.85571142285 0.0
7.87575150301 0.0
7.89579158317 0.0
7.91583166333 0.0
7.93587174349 0.0
7.95591182365 0.0
7.97595190381 0.0
7.99599198397 0.0
8.01603206413 0.0
8.03607214429 0.0
8.05611222445 0.0
8.07615230461 0.0
8.09619238477 0.0
8.11623246493 0.0
8.13627254509 0.0
8.15631262525 0.0
8.17635270541 0.0
8.19639278557 0.0
8.21643286573 0.0
8.23647294589 0.0
8.25651302605 0.0
8.27655310621 0.0
8.29659318637 0.0
8.31663326653 0.0
8.33667334669 0.0
8.35671342685 0.0
8.37675350701 0.0
8.39679358717 0.0
8.41683366733 0.0
8.43687374749 0.0
8.45691382766 0.0
8.47695390782 0.0
8.49699398798 0.0
8.51703406814 0.0
8.5370741483 0.0
8.55711422846 0.0
8.57715430862 0.0
8.59719438878 0.0
8.61723446894 0.0
8.6372745491 0.0
8.65731462926 0.0
8.67735470942 0.0
8.69739478958 0.0
8.71743486974 0.0
8.7374749499 0.0
8.75751503006 0.0
8.77755511022 0.0
8.79759519038 0.0
8.81763527054 0.0
8.8376753507 0.0
8.85771543086 0.0
8.87775551102 0.0
8.89779559118 0.0
8.91783567134 0.0
8.9378757515 0.0
8.95791583166 0.0
8.97795591182 0.0
8.99799599198 0.0
9.01803607214 0.0
9.0380761523 0.0
9.05811623246 0.0
9.07815631263 0.0
9.09819639279 0.0
9.11823647295 0.0
9.13827655311 0.0
9.15831663327 0.0
9.17835671343 0.0
9.19839679359 0.0
9.21843687375 0.0
9.23847695391 0.0
9.25851703407 0.0
9.27855711423 0.0
9.29859719439 0.0
9.31863727455 0.0
9.33867735471 0.0
9.35871743487 0.0
9.37875751503 0.0
9.39879759519 0.0
9.41883767535 0.0
9.43887775551 0.0
9.45891783567 0.0
9.47895791583 0.0
9.49899799599 0.0
9.51903807615 0.0
9.53907815631 0.0
9.55911823647 0.0
9.57915831663 0.0
9.59919839679 0.0
9.61923847695 0.0
9.63927855711 0.0
9.65931863727 0.0
9.67935871743 0.0
9.6993987976 0.0
9.71943887776 0.0
9.73947895792 0.0
9.75951903808 0.0
9.77955911824 0.0
9.7995991984 0.0
9.81963927856 0.0
9.83967935872 0.0
9.85971943888 0.0
9.87975951904 0.0
9.8997995992 0.0
9.91983967936 0.0
9.93987975952 0.0
9.95991983968 0.0
9.97995991984 0.0
10.0 0.0
