0.0 0.0
0.0200400801603 0.0
0.0400801603206 0.0
0.060120240481 0.0
0.0801603206413 0.0
0.100200400802 0.0
0.120240480962 0.0
0.140280561122 0.0
0.160320641283 0.0
0.180360721443 0.0
0.200400801603 0.0
0.220440881764 0.0
0.240480961924 0.0
0.260521042084 0.0
0.280561122244 0.0
0.300601202405 0.0
0.320641282565 0.0
0.340681362725 4.34837090427e-12
0.360721442886 4.89483424669e-12
0.380761523046 5.431302024e-12
0.400801603206 5.96776980131e-12
0.420841683367 6.50872780158e-12
0.440881763527 7.05310896611e-12
0.460921843687 7.59749013064e-12
0.480961923848 8.13645650212e-12
0.501002004008 8.65804170036e-12
0.521042084168 9.1796268986e-12
0.541082164329 9.70121209685e-12
0.561122244489 1.02190613731e-11
0.581162324649 1.07365305096e-11
0.60120240481 1.1253999646e-11
0.62124248497 1.17638654113e-11
0.64128256513 1.22681743849e-11
0.661322645291 1.27724833586e-11
0.681362725451 1.32584314605e-11
0.701402805611 1.36886653715e-11
0.721442885772 1.41188992825e-11
0.741482965932 1.45491331935e-11
0.761523046092 1.49587897855e-11
0.781563126253 1.53666078352e-11
0.801603206413 1.57744258849e-11
0.821643286573 1.61173970622e-11
0.841683366733 1.64149485933e-11
0.861723446894 1.67125001244e-11
0.881763527054 1.69730909366e-11
0.901803607214 1.71274970371e-11
0.921843687375 1.72819031376e-11
0.941883767535 1.74363092381e-11
0.961923847695 1.75293996826e-11
0.981963927856 1.76177553557e-11
1.00200400802 1.77061110287e-11
1.02204408818 1.78237356664e-11
1.04208416834 1.79610011195e-11
1.0621242485 1.80982665726e-11
1.08216432866 1.82279959603e-11
1.10220440882 1.83371982581e-11
1.12224448898 1.84464005559e-11
1.14228456914 1.85556028536e-11
1.1623246493 1.85832947839e-11
1.18236472946 1.86056593332e-11
1.20240480962 1.86280238825e-11
1.22244488978 1.86440036071e-11
1.24248496994 1.86558799649e-11
1.2625250501 1.86677563226e-11
1.28256513026 1.86840760631e-11
1.30260521042 1.87118856625e-11
1.32264529058 1.87396952619e-11
1.34268537074 1.87675048613e-11
1.3627254509 1.88271903991e-11
1.38276553106 1.88885894405e-11
1.40280561122 1.8949988482e-11
1.42284569138 1.89866938771e-11
1.44288577154 1.90082064718e-11
1.4629258517 1.90297190665e-11
1.48296593186 1.90547784091e-11
1.50300601202 1.90885545549e-11
1.52304609218 1.91223307006e-11
1.54308617234 1.91561068464e-11
1.56312625251 1.91457939996e-11
1.58316633267 1.913361167e-11
1.60320641283 1.91214293403e-11
1.62324649299 1.91101126399e-11
1.64328657315 1.909930556e-11
1.66332665331 1.90884984801e-11
1.68336673347 1.90886269816e-11
1.70340681363 1.91143270841e-11
1.72344689379 1.91400271867e-11
1.74348697395 1.91657272892e-11
1.76352705411 1.90765374227e-11
1.78356713427 1.8983752466e-11
1.80360721443 1.88909675094e-11
1.82364729459 1.88362729204e-11
1.84368737475 1.88030255875e-11
1.86372745491 1.87697782547e-11
1.88376753507 1.87704127224e-11
1.90380761523 1.88465033027e-11
1.92384769539 1.8922593883e-11
1.94388777555 1.89986844633e-11
1.96392785571 1.89399510345e-11
1.98396793587 1.88784651652e-11
2.00400801603 1.88169792959e-11
2.02404809619 1.87610574885e-11
2.04408817635 1.87081303291e-11
2.06412825651 1.86552031697e-11
2.08416833667 1.86032706418e-11
2.10420841683 1.85534495991e-11
2.12424849699 1.85036285564e-11
2.14428857715 1.84538075137e-11
2.16432865731 1.83941870826e-11
2.18436873747 1.83344709551e-11
2.20440881764 1.82747548275e-11
2.2244488978 1.81852244838e-11
2.24448897796 1.80803654462e-11
2.26452905812 1.79755064086e-11
2.28456913828 1.78659804204e-11
2.30460921844 1.77470027491e-11
2.3246492986 1.76280250778e-11
2.34468937876 1.75090839296e-11
2.36472945892 1.74450779265e-11
2.38476953908 1.73810719234e-11
2.40480961924 1.73170659203e-11
2.4248496994 1.7247103732e-11
2.44488977956 1.71742181878e-11
2.46492985972 1.71013326436e-11
2.48496993988 1.70002510959e-11
2.50501002004 1.68446521757e-11
2.5250501002 1.66890532555e-11
2.54509018036 1.65347302489e-11
2.56513026052 1.64951243938e-11
2.58517034068 1.64555185386e-11
2.60521042084 1.64159126834e-11
2.625250501 1.63136249815e-11
2.64529058116 1.61819904002e-11
2.66533066132 1.6050355819e-11
2.68537074148 1.59207288809e-11
2.70541082164 1.57948104398e-11
2.7254509018 1.56688919986e-11
2.74549098196 1.55437318449e-11
2.76553106212 1.54533546442e-11
2.78557114228 1.53629774434e-11
2.80561122244 1.52726002426e-11
2.82565130261 1.51026161889e-11
2.84569138277 1.48971082223e-11
2.86573146293 1.46916002557e-11
2.88577154309 1.45276005163e-11
2.90581162325 1.44368959858e-11
2.92585170341 1.43461914554e-11
2.94589178357 1.42537447361e-11
2.96593186373 1.41080311343e-11
2.98597194389 1.39623175325e-11
3.00601202405 1.38166039308e-11
3.02605210421 1.3667115163e-11
3.04609218437 1.35160221674e-11
3.06613226453 1.33649291717e-11
3.08617234469 1.32189187799e-11
3.10621242485 1.30814925695e-11
3.12625250501 1.29440663591e-11
3.14629258517 1.28075022153e-11
3.16633266533 1.26905982468e-11
3.18637274549 1.25736942782e-11
3.20641282565 1.24567903097e-11
3.22645290581 1.23008898685e-11
3.24649298597 1.21292246709e-11
3.26653306613 1.19575594733e-11
3.28657314629 1.17767441212e-11
3.30661322645 1.15811400608e-11
3.32665330661 1.13855360004e-11
3.34669338677 1.11931409331e-11
3.36673346693 1.10588451017e-11
3.38677354709 1.09245492704e-11
3.40681362725 1.0790253439e-11
3.42685370741 1.06456331321e-11
3.44689378758 1.04970464556e-11
3.46693386774 1.0348459779e-11
3.4869739479 1.0203372517e-11
3.50701402806 1.00637000557e-11
3.52705410822 9.92402759446e-12
3.54709418838 9.7828557803e-12
3.56713426854 9.61926160164e-12
3.5871743487 9.45566742298e-12
3.60721442886 9.29207324432e-12
3.62725450902 9.13877240565e-12
3.64729458918 8.98922502024e-12
3.66733466934 8.83967763483e-12
3.6873747495 8.69668313188e-12
3.70741482966 8.56339999004e-12
3.72745490982 8.4301168482e-12
3.74749498998 8.29736800783e-12
3.76753507014 8.17140276216e-12
3.7875751503 8.04543751648e-12
3.80761523046 7.91947227081e-12
3.82765531062 7.77090578729e-12
3.84769539078 7.6145267578e-12
3.86773547094 7.4581477283e-12
3.8877755511 7.31289981108e-12
3.90781563126 7.1834571917e-12
3.92785571142 7.05401457232e-12
3.94789579158 6.92574304337e-12
3.96793587174 6.81035095156e-12
3.9879759519 6.69495885975e-12
4.00801603206 6.57956676793e-12
4.02805611222 6.4499941185e-12
4.04809619238 6.31578145065e-12
4.06813627255 6.1815687828e-12
4.08817635271 6.05842678613e-12
4.10821643287 5.95035056392e-12
4.12825651303 5.8422743417e-12
4.14829659319 5.73368868206e-12
4.16833667335 5.62017463331e-12
4.18837675351 5.50666058455e-12
4.20841683367 5.3931465358e-12
4.22845691383 5.28940733779e-12
4.24849699399 5.18869101595e-12
4.26853707415 5.08797469412e-12
4.28857715431 4.98422656733e-12
4.30861723447 4.87652303366e-12
4.32865731463 4.76881949999e-12
4.34869739479 4.6625546286e-12
4.36873747495 4.56868178917e-12
4.38877755511 4.47480894973e-12
4.40881763527 4.38093611029e-12
4.42885771543 4.29504861399e-12
4.44889779559 4.21149100461e-12
4.46893787575 4.12793339524e-12
4.48897795591 4.04351335643e-12
4.50901803607 3.95801440181e-12
4.52905811623 3.87251544719e-12
4.54909819639 3.78752721019e-12
4.56913827655 3.70649432559e-12
4.58917835671 3.62546144098e-12
4.60921843687 3.54442855638e-12
4.62925851703 3.46446700699e-12
4.64929859719 3.3847998081e-12
4.66933867735 3.30513260922e-12
4.68937875752 3.2304260338e-12
4.70941883768 3.161671408e-12
4.72945891784 3.09291678221e-12
4.749498998 3.0233312838e-12
4.76953907816 2.94791318114e-12
4.78957915832 2.87249507849e-12
4.80961923848 2.79707697583e-12
4.82965931864 2.72978610665e-12
4.8496993988 2.66459348088e-12
4.86973947896 2.5994008551e-12
4.88977955912 2.53587462269e-12
4.90981963928 2.47426629969e-12
4.92985971944 2.41265797669e-12
4.9498997996 2.35200085831e-12
4.96993987976 2.29743713521e-12
4.98997995992 2.24287341212e-12
5.01002004008 2.18948768173e-12
5.03006012024 2.1371950709e-12
5.0501002004 2.08490246006e-12
5.07014028056 2.03580389291e-12
5.09018036072 1.98677117395e-12
5.11022044088 1.93773845498e-12
5.13026052104 1.88870573601e-12
5.1503006012 1.83967301705e-12
5.17034068136 1.79464543971e-12
5.19038076152 1.74987622429e-12
5.21042084168 1.70510700887e-12
5.23046092184 1.66033779346e-12
5.250501002 1.61556857804e-12
5.27054108216 1.5754544188e-12
5.29058116232 1.535863227e-12
5.31062124248 1.4962720352e-12
5.33066132265 1.4566808434e-12
5.35070140281 1.4170896516e-12
5.37074148297 1.37879893272e-12
5.39078156313 1.34072237826e-12
5.41082164329 1.30264582379e-12
5.43086172345 1.26456926933e-12
5.45090180361 1.22649271487e-12
5.47094188377 1.1926226461e-12
5.49098196393 1.1596872094e-12
5.51102204409 1.12675177271e-12
5.53106212425 1.09381633601e-12
5.55110220441 1.06088089932e-12
5.57114228457 1.02950575719e-12
5.59118236473 9.98576470718e-13
5.61122244489 9.67647184246e-13
5.63126252505 9.36717897773e-13
5.65130260521 9.05788611301e-13
5.67134268537 8.77749072091e-13
5.69138276553 8.50738849017e-13
5.71142284569 8.23728625943e-13
5.73146292585 7.96718402869e-13
5.75150300601 7.69708179795e-13
5.77154308617 7.4376280852e-13
5.79158316633 7.18280442807e-13
5.81162324649 6.92798077094e-13
5.83166332665 6.67315711382e-13
5.85170340681 6.41833345669e-13
5.87174348697 6.17675021383e-13
5.89178356713 5.94209294287e-13
5.91182364729 5.7074356719e-13
5.93186372745 5.47277840094e-13
5.95190380762 5.23812112998e-13
5.97194388778 5.02832858291e-13
5.99198396794 4.834025668e-13
6.0120240481 4.6397227531e-13
6.03206412826 4.44541983819e-13
6.05210420842 4.25111692329e-13
6.07214428858 4.0673001635e-13
6.09218436874 3.89120994865e-13
6.1122244489 3.71511973381e-13
6.13226452906 3.53902951896e-13
6.15230460922 3.36293930412e-13
6.17234468938 3.1930348677e-13
6.19238476954 3.02849904604e-13
6.2124248497 2.86396322439e-13
6.23246492986 2.69942740273e-13
6.25250501002 2.53489158108e-13
6.27254509018 2.38359376323e-13
6.29258517034 2.24580340439e-13
6.3126252505 2.10801304555e-13
6.33266533066 1.9702226867e-13
6.35270541082 1.83243232786e-13
6.37274549098 1.7039131587e-13
6.39278557114 1.58651860295e-13
6.4128256513 1.4691240472e-13
6.43286573146 1.35172949145e-13
6.45290581162 1.2343349357e-13
6.47294589178 1.13090447908e-13
6.49298597194 1.04722622627e-13
6.5130260521 9.63547973468e-14
6.53306613226 8.79869720664e-14
6.55310621242 7.9619146786e-14
6.57314629259 7.22390473119e-14
6.59318637275 6.65142092175e-14
6.61322645291 6.0789371123e-14
6.63326653307 5.50645330286e-14
6.65330661323 4.93396949341e-14
6.67334669339 4.38139875678e-14
6.69338677355 3.8686571469e-14
6.71342685371 3.35591553703e-14
6.73346693387 2.84317392715e-14
6.75350701403 2.33043231728e-14
6.77354709419 1.87237355444e-14
6.79358717435 1.54631525881e-14
6.81362725451 1.22025696318e-14
6.83366733467 8.94198667555e-15
6.85370741483 5.68140371928e-15
6.87374749499 3.10135948631e-15
6.89378757515 2.53577980429e-15
6.91382765531 1.97020012226e-15
6.93386773547 1.40462044024e-15
6.95390781563 8.39040758214e-16
6.97394789579 3.8095636568e-16
6.99398797595 3.22143803777e-16
7.01402805611 2.63331241875e-16
7.03406813627 2.04518679972e-16
7.05410821643 1.4570611807e-16
7.07414829659 9.37010603919e-17
7.09418837675 7.45313850167e-17
7.11422845691 5.53617096414e-17
7.13426853707 3.61920342661e-17
7.15430861723 1.70223588909e-17
7.17434869739 3.60435928195e-19
7.19438877756 2.87013591131e-19
7.21442885772 2.13591254067e-19
7.23446893788 1.40168917002e-19
7.25450901804 6.67465799381e-20
7.2745490982 0.0
7.29458917836 0.0
7.31462925852 0.0
7.33466933868 0.0
7.35470941884 0.0
7.374749499 0.0
7.39478957916 0.0
7.41482965932 0.0
7.43486973948 0.0
7.45490981964 0.0
7.4749498998 0.0
7.49498997996 0.0
7.51503006012 0.0
7.53507014028 0.0
7.55511022044 0.0
7.5751503006 0.0
7.59519038076 0.0
7.61523046092 0.0
7.63527054108 0.0
7.65531062124 0.0
7.6753507014 0.0
7.69539078156 0.0
7.71543086172 0.0
7.73547094188 0.0
7.75551102204 0.0
7.7755511022 0.0
7.79559118236 0.0
7.81563126253 0.0
7.83567134269 0.0
7.85571142285 0.0
7.87575150301 0.0
7.89579158317 0.0
7.91583166333 0.0
7.93587174349 0.0
7.95591182365 0.0
7.97595190381 0.0
7.99599198397 0.0
8.01603206413 0.0
8.03607214429 0.0
8.05611222445 0.0
8.07615230461 0.0
8.09619238477 0.0
8.11623246493 0.0
8.13627254509 0.0
8.15631262525 0.0
8.17635270541 0.0
8.19639278557 0.0
8.21643286573 0.0
8.23647294589 0.0
8.25651302605 0.0
8.27655310621 0.0
8.29659318637 0.0
8.31663326653 0.0
8.33667334669 0.0
8.35671342685 0.0
8.37675350701 0.0
8.39679358717 0.0
8.41683366733 0.0
8.43687374749 0.0
8.45691382766 0.0
8.47695390782 0.0
8.49699398798 0.0
8.51703406814 0.0
8.5370741483 0.0
8.55711422846 0.0
8.57715430862 0.0
8.59719438878 0.0
8.61723446894 0.0
8.6372745491 0.0
8.65731462926 0.0
8.67735470942 0.0
8.69739478958 0.0
8.71743486974 0.0
8.7374749499 0.0
8.75751503006 0.0
8.77755511022 0.0
8.79759519038 0.0
8.81763527054 0.0
8.8376753507 0.0
8.85771543086 0.0
8.87775551102 0.0
8.89779559118 0.0
8.91783567134 0.0
8.9378757515 0.0
8.95791583166 0.0
8.97795591182 0.0
8.99799599198 0.0
9.01803607214 0.0
9.0380761523 0.0
9.05811623246 0.0
9.07815631263 0.0
9.09819639279 0.0
9.11823647295 0.0
9.13827655311 0.0
9.15831663327 0.0
9.17835671343 0.0
9.19839679359 0.0
9.21843687375 0.0
9.23847695391 0.0
9.25851703407 0.0
9.27855711423 0.0
9.29859719439 0.0
9.31863727455 0.0
9.33867735471 0.0
9.35871743487 0.0
9.37875751503 0.0
9.39879759519 0.0
9.41883767535 0.0
9.43887775551 0.0
9.45891783567 0.0
9.47895791583 0.0
9.49899799599 0.0
9.51903807615 0.0
9.53907815631 0.0
9.55911823647 0.0
9.57915831663 0.0
9.59919839679 0.0
9.61923847695 0.0
9.63927855711 0.0
9.65931863727 0.0
9.67935871743 0.0
9.6993987976 0.0
9.71943887776 0.0
9.73947895792 0.0
9.75951903808 0.0
9.77955911824 0.0
9.7995991984 0.0
9.81963927856 0.0
9.83967935872 0.0
9.85971943888 0.0
9.87975951904 0.0
9.8997995992 0.0
9.91983967936 0.0
9.93987975952 0.0
9.95991983968 0.0
9.97995991984 0.0
10.0 0.0
