0.0 0.0
0.0200400801603 0.0
0.0400801603206 0.0
0.060120240481 0.0
0.0801603206413 0.0
0.100200400802 0.0
0.120240480962 0.0
0.140280561122 0.0
0.160320641283 0.0
0.180360721443 0.0
0.200400801603 1.1643612657e-12
0.220440881764 5.81353227271e-11
0.240480961924 6.37247813242e-11
0.260521042084 2.17999162452e-12
0.280561122244 2.66078402661e-12
0.300601202405 3.13597808788e-12
0.320641282565 3.67087189699e-12
0.340681362725 4.29722078824e-12
0.360721442886 4.83725605358e-12
0.380761523046 5.36741333217e-12
0.400801603206 5.89757061075e-12
0.420841683367 6.43216529356e-12
0.440881763527 6.97014287377e-12
0.460921843687 7.50812045399e-12
0.480961923848 8.04074693564e-12
0.501002004008 8.55619669972e-12
0.521042084168 9.0716464638e-12
0.541082164329 9.58709622788e-12
0.561122244489 1.00988540158e-11
0.581162324649 1.06102361356e-11
0.60120240481 1.11216182553e-11
0.62124248497 1.16254864427e-11
0.64128256513 1.21238632033e-11
0.661322645291 1.2622239964e-11
0.681362725451 1.31024718328e-11
0.701402805611 1.35276448796e-11
0.721442885772 1.39528179264e-11
0.741482965932 1.43779909733e-11
0.761523046092 1.47828287532e-11
0.781563126253 1.51858496177e-11
0.801603206413 1.55888704822e-11
0.821643286573 1.59278072715e-11
0.841683366733 1.62218586883e-11
0.861723446894 1.6515910105e-11
0.881763527054 1.67734355738e-11
0.901803607214 1.69260253872e-11
0.921843687375 1.70786152006e-11
0.941883767535 1.7231205014e-11
0.961923847695 1.73232004307e-11
0.981963927856 1.74105167713e-11
1.00200400802 1.74978331119e-11
1.02204408818 1.76140741248e-11
1.04208416834 1.77497249171e-11
1.0621242485 1.78853757094e-11
1.08216432866 1.80135790836e-11
1.10220440882 1.8121496829e-11
1.12224448898 1.82294145744e-11
1.14228456914 1.83373323197e-11
1.1623246493 1.83646985084e-11
1.18236472946 1.83867999823e-11
1.20240480962 1.84089014562e-11
1.22244488978 1.84246932105e-11
1.24248496994 1.8436429866e-11
1.2625250501 1.84481665215e-11
1.28256513026 1.8464294292e-11
1.30260521042 1.84917767657e-11
1.32264529058 1.85192592393e-11
1.34268537074 1.8546741713e-11
1.3627254509 1.86057251666e-11
1.38276553106 1.86664019678e-11
1.40280561122 1.87270787691e-11
1.42284569138 1.87633523968e-11
1.44288577154 1.87846119377e-11
1.4629258517 1.88058714786e-11
1.48296593186 1.88306360468e-11
1.50300601202 1.8864014882e-11
1.52304609218 1.88973937172e-11
1.54308617234 1.89307725524e-11
1.56312625251 1.89205810162e-11
1.58316633267 1.89085419879e-11
1.60320641283 1.88965029597e-11
1.62324649299 1.88853193782e-11
1.64328657315 1.88746394225e-11
1.66332665331 1.88639594669e-11
1.68336673347 1.88640864568e-11
1.70340681363 1.88894842477e-11
1.72344689379 1.89148820386e-11
1.74348697395 1.89402798295e-11
1.76352705411 1.8852139108e-11
1.78356713427 1.87604455857e-11
1.80360721443 1.86687520634e-11
1.82364729459 1.86147008497e-11
1.84368737475 1.8581844607e-11
1.86372745491 1.85489883643e-11
1.88376753507 1.85496153687e-11
1.90380761523 1.86248108915e-11
1.92384769539 1.87000064143e-11
1.94388777555 1.8775201937e-11
1.96392785571 1.87171593927e-11
1.98396793587 1.86563967849e-11
2.00400801603 1.85956341772e-11
2.02404809619 1.85403701809e-11
2.04408817635 1.84880656065e-11
2.06412825651 1.8435761032e-11
2.08416833667 1.83844393892e-11
2.10420841683 1.83352043941e-11
2.12424849699 1.82859693989e-11
2.14428857715 1.82367344037e-11
2.16432865731 1.8177815291e-11
2.18436873747 1.81188016074e-11
2.20440881764 1.80597879238e-11
2.2244488978 1.79713107302e-11
2.24448897796 1.78676851549e-11
2.26452905812 1.77640595797e-11
2.28456913828 1.76558219516e-11
2.30460921844 1.75382438208e-11
2.3246492986 1.74206656901e-11
2.34468937876 1.7303123653e-11
2.36472945892 1.72398705558e-11
2.38476953908 1.71766174587e-11
2.40480961924 1.71133643616e-11
2.4248496994 1.70442251422e-11
2.44488977956 1.69721969545e-11
2.46492985972 1.69001687668e-11
2.48496993988 1.68002762467e-11
2.50501002004 1.66465076448e-11
2.5250501002 1.64927390429e-11
2.54509018036 1.6340231346e-11
2.56513026052 1.63010913765e-11
2.58517034068 1.62619514071e-11
2.60521042084 1.62228114377e-11
2.625250501 1.61217269514e-11
2.64529058116 1.59916407947e-11
2.66533066132 1.58615546379e-11
2.68537074148 1.57334525084e-11
2.70541082164 1.56090152525e-11
2.7254509018 1.54845779966e-11
2.74549098196 1.53608901084e-11
2.76553106212 1.52715760194e-11
2.78557114228 1.51822619304e-11
2.80561122244 1.50929478414e-11
2.82565130261 1.49249633191e-11
2.84569138277 1.47218727535e-11
2.86573146293 1.45187821879e-11
2.88577154309 1.43567115861e-11
2.90581162325 1.42670740178e-11
2.92585170341 1.41774364496e-11
2.94589178357 1.40860771859e-11
2.96593186373 1.39420776209e-11
2.98597194389 1.37980780559e-11
3.00601202405 1.36540784909e-11
3.02605210421 1.35063481674e-11
3.04609218437 1.33570324866e-11
3.06613226453 1.32077168058e-11
3.08617234469 1.30634239419e-11
3.10621242485 1.29276142833e-11
3.12625250501 1.27918046246e-11
3.14629258517 1.2656846892e-11
3.16633266533 1.2541318071e-11
3.18637274549 1.242578925e-11
3.20641282565 1.23102604291e-11
3.22645290581 1.21561938529e-11
3.24649298597 1.19865479621e-11
3.26653306613 1.18169020713e-11
3.28657314629 1.16382136597e-11
3.30661322645 1.14449105002e-11
3.32665330661 1.12516073406e-11
3.34669338677 1.10614754267e-11
3.36673346693 1.09287593242e-11
3.38677354709 1.07960432218e-11
3.40681362725 1.06633271193e-11
3.42685370741 1.05204079888e-11
3.44689378758 1.03735691451e-11
3.46693386774 1.02267303014e-11
3.4869739479 1.00833497086e-11
3.50701402806 9.94532022183e-12
3.52705410822 9.80729073506e-12
3.54709418838 9.66777953238e-12
3.56713426854 9.50610972066e-12
3.5871743487 9.34443990895e-12
3.60721442886 9.18277009723e-12
3.62725450902 9.0312725444e-12
3.64729458918 8.88348429276e-12
3.66733466934 8.73569604113e-12
3.6873747495 8.59438359005e-12
3.70741482966 8.46266826483e-12
3.72745490982 8.3309529396e-12
3.74749498998 8.19976563084e-12
3.76753507014 8.07528212099e-12
3.7875751503 7.95079861114e-12
3.80761523046 7.82631510128e-12
3.82765531062 7.67949621314e-12
3.84769539078 7.5249566784e-12
3.86773547094 7.37041714367e-12
3.8877755511 7.22687778535e-12
3.90781563126 7.09895780632e-12
3.92785571142 6.97103782729e-12
3.94789579158 6.84427516309e-12
3.96793587174 6.73024043454e-12
3.9879759519 6.61620570598e-12
4.00801603206 6.50217097742e-12
4.02805611222 6.37412249789e-12
4.04809619238 6.24148858072e-12
4.06813627255 6.10885466355e-12
4.08817635271 5.98716119268e-12
4.10821643287 5.88035627676e-12
4.12825651303 5.77355136084e-12
4.14829659319 5.66624300004e-12
4.16833667335 5.55406422302e-12
4.18837675351 5.441885446e-12
4.20841683367 5.32970666898e-12
4.22845691383 5.22718776062e-12
4.24849699399 5.12765617019e-12
4.26853707415 5.02812457975e-12
4.28857715431 4.92559684765e-12
4.30861723447 4.81916023632e-12
4.32865731463 4.71272362499e-12
4.34869739479 4.60770875288e-12
4.36873747495 4.5149401446e-12
4.38877755511 4.42217153632e-12
4.40881763527 4.32940292804e-12
4.42885771543 4.24452573087e-12
4.44889779559 4.16195101406e-12
4.46893787575 4.07937629724e-12
4.48897795591 3.9959492958e-12
4.50901803607 3.91145606989e-12
4.52905811623 3.82696284398e-12
4.54909819639 3.74297432809e-12
4.56913827655 3.66289463757e-12
4.58917835671 3.58281494706e-12
4.60921843687 3.50273525654e-12
4.62925851703 3.42371429907e-12
4.64929859719 3.34498422964e-12
4.66933867735 3.26625416022e-12
4.68937875752 3.19242636218e-12
4.70941883768 3.12448050067e-12
4.72945891784 3.05653463916e-12
4.749498998 2.98776767864e-12
4.76953907816 2.91323672309e-12
4.78957915832 2.83870576755e-12
4.80961923848 2.76417481201e-12
4.82965931864 2.69767548887e-12
4.8496993988 2.63324972739e-12
4.86973947896 2.5688239659e-12
4.88977955912 2.50604499591e-12
4.90981963928 2.44516137486e-12
4.92985971944 2.38427775381e-12
4.9498997996 2.3243341483e-12
4.96993987976 2.27041226116e-12
4.98997995992 2.21649037402e-12
5.01002004008 2.16373262278e-12
5.03006012024 2.11205513269e-12
5.0501002004 2.06037764259e-12
5.07014028056 2.01185662447e-12
5.09018036072 1.96340067996e-12
5.11022044088 1.91494473545e-12
5.13026052104 1.86648879094e-12
5.1503006012 1.81803284643e-12
5.17034068136 1.77353493086e-12
5.19038076152 1.72929233808e-12
5.21042084168 1.6850497453e-12
5.23046092184 1.64080715252e-12
5.250501002 1.59656455974e-12
5.27054108216 1.55692226547e-12
5.29058116232 1.51779678695e-12
5.31062124248 1.47867130843e-12
5.33066132265 1.4395458299e-12
5.35070140281 1.40042035138e-12
5.37074148297 1.36258004824e-12
5.39078156313 1.32495139029e-12
5.41082164329 1.28732273234e-12
5.43086172345 1.2496940744e-12
5.45090180361 1.21206541645e-12
5.47094188377 1.17859376308e-12
5.49098196393 1.14604574766e-12
5.51102204409 1.11349773224e-12
5.53106212425 1.08094971683e-12
5.55110220441 1.04840170141e-12
5.57114228457 1.01739562673e-12
5.59118236473 9.86830163087e-13
5.61122244489 9.56264699441e-13
5.63126252505 9.25699235794e-13
5.65130260521 8.95133772148e-13
5.67134268537 8.67424063515e-13
5.69138276553 8.40731563118e-13
5.71142284569 8.14039062721e-13
5.73146292585 7.87346562324e-13
5.75150300601 7.60654061927e-13
5.77154308617 7.35013887422e-13
5.79158316633 7.09831272119e-13
5.81162324649 6.84648656816e-13
5.83166332665 6.59466041514e-13
5.85170340681 6.34283426211e-13
5.87174348697 6.10409277566e-13
5.89178356713 5.87219579054e-13
5.91182364729 5.64029880542e-13
5.93186372745 5.4084018203e-13
5.95190380762 5.17650483518e-13
5.97194388778 4.96918008889e-13
5.99198396794 4.77716276941e-13
6.0120240481 4.58514544993e-13
6.03206412826 4.39312813045e-13
6.05210420842 4.20111081097e-13
6.07214428858 4.01945629741e-13
6.09218436874 3.84543744103e-13
6.1122244489 3.67141858466e-13
6.13226452906 3.49739972829e-13
6.15230460922 3.32338087192e-13
6.17234468938 3.15547503034e-13
6.19238476954 2.99287465222e-13
6.2124248497 2.8302742741e-13
6.23246492986 2.66767389599e-13
6.25250501002 2.50507351787e-13
6.27254509018 2.35555542423e-13
6.29258517034 2.21938590063e-13
6.3126252505 2.08321637704e-13
6.33266533066 1.94704685345e-13
6.35270541082 1.81087732985e-13
6.37274549098 1.68386993845e-13
6.39278557114 1.56785630104e-13
6.4128256513 1.45184266364e-13
6.43286573146 1.33582902623e-13
6.45290581162 1.21981538883e-13
6.47294589178 1.11760159011e-13
6.49298597194 1.034907649e-13
6.5130260521 9.52213707896e-14
6.53306613226 8.69519766788e-14
6.55310621242 7.8682582568e-14
6.57314629259 7.13892955928e-14
6.59318637275 6.57317990704e-14
6.61322645291 6.00743025481e-14
6.63326653307 5.44168060257e-14
6.65330661323 4.87593095033e-14
6.67334669339 4.32986013239e-14
6.69338677355 3.82314992908e-14
6.71342685371 3.31643972577e-14
6.73346693387 2.80972952246e-14
6.75350701403 2.30301931916e-14
6.77354709419 1.85034872568e-14
6.79358717435 1.52812587096e-14
6.81362725451 1.20590301624e-14
6.83366733467 8.83680161522e-15
6.85370741483 5.61457306803e-15
6.87374749499 3.06487803129e-15
6.89378757515 2.50595129286e-15
6.91382765531 1.94702455443e-15
6.93386773547 1.388097816e-15
6.95390781563 8.29171077574e-16
6.97394789579 3.76475155881e-16
6.99398797595 3.18354409243e-16
7.01402805611 2.60233662604e-16
7.03406813627 2.02112915966e-16
7.05410821643 1.43992169327e-16
7.07414829659 9.25988498823e-17
7.09418837675 7.36546684083e-17
7.11422845691 5.47104869344e-17
7.13426853707 3.57663054604e-17
7.15430861723 1.68221239865e-17
7.17434869739 3.56196101384e-19
7.19438877756 2.83637435138e-19
7.21442885772 2.11078768893e-19
7.23446893788 1.38520102647e-19
7.25450901804 6.5961436402e-20
7.2745490982 0.0
7.29458917836 0.0
7.31462925852 0.0
7.33466933868 0.0
7.35470941884 0.0
7.374749499 0.0
7.39478957916 0.0
7.41482965932 0.0
7.43486973948 0.0
7.45490981964 0.0
7.4749498998 0.0
7.49498997996 0.0
7.51503006012 0.0
7.53507014028 0.0
7.55511022044 0.0
7.5751503006 0.0
7.59519038076 0.0
7.61523046092 0.0
7.63527054108 0.0
7.65531062124 0.0
7.6753507014 0.0
7.69539078156 0.0
7.71543086172 0.0
7.73547094188 0.0
7.75551102204 0.0
7.7755511022 0.0
7.79559118236 0.0
7.81563126253 0.0
7.83567134269 0.0
7.85571142285 0.0
7.87575150301 0.0
7.89579158317 0.0
7.91583166333 0.0
7.93587174349 0.0
7.95591182365 0.0
7.97595190381 0.0
7.99599198397 0.0
8.01603206413 0.0
8.03607214429 0.0
8.05611222445 0.0
8.07615230461 0.0
8.09619238477 0.0
8.11623246493 0.0
8.13627254509 0.0
8.15631262525 0.0
8.17635270541 0.0
8.19639278557 0.0
8.21643286573 0.0
8.23647294589 0.0
8.25651302605 0.0
8.27655310621 0.0
8.29659318637 0.0
8.31663326653 0.0
8.33667334669 0.0
8.35671342685 0.0
8.37675350701 0.0
8.39679358717 0.0
8.41683366733 0.0
8.43687374749 0.0
8.45691382766 0.0
8.47695390782 0.0
8.49699398798 0.0
8.51703406814 0.0
8.5370741483 0.0
8.55711422846 0.0
8.57715430862 0.0
8.59719438878 0.0
8.61723446894 0.0
8.6372745491 0.0
8.65731462926 0.0
8.67735470942 0.0
8.69739478958 0.0
8.71743486974 0.0
8.7374749499 0.0
8.75751503006 0.0
8.77755511022 0.0
8.79759519038 0.0
8.81763527054 0.0
8.8376753507 0.0
8.85771543086 0.0
8.87775551102 0.0
8.89779559118 0.0
8.91783567134 0.0
8.9378757515 0.0
8.95791583166 0.0
8.97795591182 0.0
8.99799599198 0.0
9.01803607214 0.0
9.0380761523 0.0
9.05811623246 0.0
9.07815631263 0.0
9.09819639279 0.0
9.11823647295 0.0
9.13827655311 0.0
9.15831663327 0.0
9.17835671343 0.0
9.19839679359 0.0
9.21843687375 0.0
9.23847695391 0.0
9.25851703407 0.0
9.27855711423 0.0
9.29859719439 0.0
9.31863727455 0.0
9.33867735471 0.0
9.35871743487 0.0
9.37875751503 0.0
9.39879759519 0.0
9.41883767535 0.0
9.43887775551 0.0
9.45891783567 0.0
9.47895791583 0.0
9.49899799599 0.0
9.51903807615 0.0
9.53907815631 0.0
9.55911823647 0.0
9.57915831663 0.0
9.59919839679 0.0
9.61923847695 0.0
9.63927855711 0.0
9.65931863727 0.0
9.67935871743 0.0
9.6993987976 0.0
9.71943887776 0.0
9.73947895792 0.0
9.75951903808 0.0
9.77955911824 0.0
9.7995991984 0.0
9.81963927856 0.0
9.83967935872 0.0
9.85971943888 0.0
9.87975951904 0.0
9.8997995992 0.0
9.91983967936 0.0
9.93987975952 0.0
9.95991983968 0.0
9.97995991984 0.0
10.0 0.0
