0.0 0.0
0.0200400801603 0.0
0.0400801603206 0.0
0.060120240481 0.0
0.0801603206413 0.0
0.100200400802 0.0
0.120240480962 0.0
0.140280561122 0.0
0.160320641283 0.0
0.180360721443 0.0
0.200400801603 0.0
0.220440881764 0.0
0.240480961924 0.0
0.260521042084 0.0
0.280561122244 0.0
0.300601202405 3.72578808023e-12
0.320641282565 4.36128390396e-12
0.340681362725 5.10543554269e-12
0.360721442886 5.74703981993e-12
0.380761523046 6.37690827368e-12
0.400801603206 7.00677672742e-12
0.420841683367 7.64191716564e-12
0.440881763527 8.28107675146e-12
0.460921843687 8.92023633728e-12
0.480961923848 9.55303839806e-12
0.501002004008 1.01654331703e-11
0.521042084168 1.07778279426e-11
0.541082164329 1.13902227149e-11
0.561122244489 1.19982311297e-11
0.581162324649 1.26057932213e-11
0.60120240481 1.32133553129e-11
0.62124248497 1.38119902631e-11
0.64128256513 1.44041009674e-11
0.661322645291 1.49962116717e-11
0.681362725451 1.55667648205e-11
0.701402805611 1.60719037677e-11
0.721442885772 1.6577042715e-11
0.741482965932 1.70821816622e-11
0.761523046092 1.75631607164e-11
0.781563126253 1.80419811326e-11
0.801603206413 1.85208015487e-11
0.821643286573 1.89234850542e-11
0.841683366733 1.92728412145e-11
0.861723446894 1.96221973748e-11
0.881763527054 1.99281578424e-11
0.901803607214 2.01094465159e-11
0.921843687375 2.02907351895e-11
0.941883767535 2.04720238631e-11
0.961923847695 2.05813216379e-11
0.981963927856 2.06850603032e-11
1.00200400802 2.07887989684e-11
1.02204408818 2.09269024143e-11
1.04208416834 2.10880662015e-11
1.0621242485 2.12492299886e-11
1.08216432866 2.14015456585e-11
1.10220440882 2.15297604095e-11
1.12224448898 2.16579751604e-11
1.14228456914 2.17861899113e-11
1.1623246493 2.18187030911e-11
1.18236472946 2.18449613766e-11
1.20240480962 2.18712196622e-11
1.22244488978 2.18899815056e-11
1.24248496994 2.19039255735e-11
1.2625250501 2.19178696413e-11
1.28256513026 2.19370306984e-11
1.30260521042 2.19696820339e-11
1.32264529058 2.20023333694e-11
1.34268537074 2.20349847049e-11
1.3627254509 2.21050616768e-11
1.38276553106 2.21771504786e-11
1.40280561122 2.22492392805e-11
1.42284569138 2.22923351969e-11
1.44288577154 2.23175932e-11
1.4629258517 2.2342851203e-11
1.48296593186 2.23722734536e-11
1.50300601202 2.24119301294e-11
1.52304609218 2.24515868052e-11
1.54308617234 2.24912434809e-11
1.56312625251 2.24791351361e-11
1.58316633267 2.24648318257e-11
1.60320641283 2.24505285153e-11
1.62324649299 2.24372415428e-11
1.64328657315 2.24245529173e-11
1.66332665331 2.24118642919e-11
1.68336673347 2.24120151658e-11
1.70340681363 2.24421897346e-11
1.72344689379 2.24723643034e-11
1.74348697395 2.25025388722e-11
1.76352705411 2.23978207778e-11
1.78356713427 2.22888816772e-11
1.80360721443 2.21799425766e-11
1.82364729459 2.21157254928e-11
1.84368737475 2.20766896979e-11
1.86372745491 2.20376539029e-11
1.88376753507 2.20383988334e-11
1.90380761523 2.21277370158e-11
1.92384769539 2.22170751983e-11
1.94388777555 2.23064133807e-11
1.96392785571 2.22374542828e-11
1.98396793587 2.21652635361e-11
2.00400801603 2.20930727895e-11
2.02404809619 2.20274148248e-11
2.04408817635 2.19652728855e-11
2.06412825651 2.19031309462e-11
2.08416833667 2.18421568068e-11
2.10420841683 2.17836617686e-11
2.12424849699 2.17251667304e-11
2.14428857715 2.16666716921e-11
2.16432865731 2.15966711622e-11
2.18436873747 2.15265582747e-11
2.20440881764 2.14564453872e-11
2.2244488978 2.13513275375e-11
2.24448897796 2.12282122216e-11
2.26452905812 2.11050969057e-11
2.28456913828 2.09765021089e-11
2.30460921844 2.08368100621e-11
2.3246492986 2.06971180152e-11
2.34468937876 2.05574688504e-11
2.36472945892 2.04823192069e-11
2.38476953908 2.04071695634e-11
2.40480961924 2.03320199199e-11
2.4248496994 2.02498771012e-11
2.44488977956 2.01643019614e-11
2.46492985972 2.00787268217e-11
2.48496993988 1.99600466682e-11
2.50501002004 1.97773575014e-11
2.5250501002 1.95946683345e-11
2.54509018036 1.94134772218e-11
2.56513026052 1.93669758664e-11
2.58517034068 1.9320474511e-11
2.60521042084 1.92739731556e-11
2.625250501 1.91538768528e-11
2.64529058116 1.89993242894e-11
2.66533066132 1.8844771726e-11
2.68537074148 1.86925763427e-11
2.70541082164 1.85447351168e-11
2.7254509018 1.8396893891e-11
2.74549098196 1.82499429728e-11
2.76553106212 1.81438308256e-11
2.78557114228 1.80377186785e-11
2.80561122244 1.79316065314e-11
2.82565130261 1.77320277355e-11
2.84569138277 1.7490740205e-11
2.86573146293 1.72494526746e-11
2.88577154309 1.70569000802e-11
2.90581162325 1.69504036144e-11
2.92585170341 1.68439071485e-11
2.94589178357 1.67353651734e-11
2.96593186373 1.6564282389e-11
2.98597194389 1.63931996047e-11
3.00601202405 1.62221168204e-11
3.02605210421 1.60466016022e-11
3.04609218437 1.58692028551e-11
3.06613226453 1.5691804108e-11
3.08617234469 1.55203728616e-11
3.10621242485 1.53590203288e-11
3.12625250501 1.5197667796e-11
3.14629258517 1.50373274181e-11
3.16633266533 1.49000701121e-11
3.18637274549 1.47628128061e-11
3.20641282565 1.46255555e-11
3.22645290581 1.44425123164e-11
3.24649298597 1.42409596843e-11
3.26653306613 1.40394070522e-11
3.28657314629 1.38271111957e-11
3.30661322645 1.35974518718e-11
3.32665330661 1.33677925478e-11
3.34669338677 1.31419009124e-11
3.36673346693 1.29842237672e-11
3.38677354709 1.28265466219e-11
3.40681362725 1.26688694766e-11
3.42685370741 1.24990703332e-11
3.44689378758 1.2324614263e-11
3.46693386774 1.21501581928e-11
3.4869739479 1.1979810796e-11
3.50701402806 1.18158209331e-11
3.52705410822 1.16518310703e-11
3.54709418838 1.14860808126e-11
3.56713426854 1.12940043885e-11
3.5871743487 1.11019279643e-11
3.60721442886 1.09098515401e-11
3.62725450902 1.07298605578e-11
3.64729458918 1.05542765164e-11
3.66733466934 1.0378692475e-11
3.6873747495 1.0210802193e-11
3.70741482966 1.00543140496e-11
3.72745490982 9.89782590616e-12
3.74749498998 9.74196508776e-12
3.76753507014 9.59406890857e-12
3.7875751503 9.44617272939e-12
3.80761523046 9.29827655021e-12
3.82765531062 9.12384418874e-12
3.84769539078 8.94023909319e-12
3.86773547094 8.75663399765e-12
3.8877755511 8.58609797499e-12
3.90781563126 8.43411900073e-12
3.92785571142 8.28214002648e-12
3.94789579158 8.13153603306e-12
3.96793587174 7.99605382608e-12
3.9879759519 7.8605716191e-12
4.00801603206 7.72508941212e-12
4.02805611222 7.57295776918e-12
4.04809619238 7.41537826646e-12
4.06813627255 7.25779876374e-12
4.08817635271 7.11321736984e-12
4.10821643287 6.98632474766e-12
4.12825651303 6.85943212549e-12
4.14829659319 6.73194137129e-12
4.16833667335 6.59866418039e-12
4.18837675351 6.46538698949e-12
4.20841683367 6.33210979859e-12
4.22845691383 6.21030928977e-12
4.24849699399 6.09205794908e-12
4.26853707415 5.9738066084e-12
4.28857715431 5.85199561627e-12
4.30861723447 5.72554056886e-12
4.32865731463 5.59908552144e-12
4.34869739479 5.4743196118e-12
4.36873747495 5.36410322468e-12
4.38877755511 5.25388683755e-12
4.40881763527 5.14367045042e-12
4.42885771543 5.04282967903e-12
4.44889779559 4.94472443498e-12
4.46893787575 4.84661919093e-12
4.48897795591 4.74750136586e-12
4.50901803607 4.64711678244e-12
4.52905811623 4.54673219902e-12
4.54909819639 4.44694725072e-12
4.56913827655 4.35180629372e-12
4.58917835671 4.25666533673e-12
4.60921843687 4.16152437974e-12
4.62925851703 4.06764128069e-12
4.64929859719 3.97410377947e-12
4.66933867735 3.88056627825e-12
4.68937875752 3.79285306016e-12
4.70941883768 3.7121280443e-12
4.72945891784 3.63140302843e-12
4.749498998 3.54970248249e-12
4.76953907816 3.46115385811e-12
4.78957915832 3.37260523373e-12
4.80961923848 3.28405660935e-12
4.82965931864 3.20505019458e-12
4.8496993988 3.1285073338e-12
4.86973947896 3.05196447302e-12
4.88977955912 2.97737812977e-12
4.90981963928 2.90504360981e-12
4.92985971944 2.83270908985e-12
4.9498997996 2.76149138213e-12
4.96993987976 2.69742794841e-12
4.98997995992 2.63336451469e-12
5.01002004008 2.57068416579e-12
5.03006012024 2.5092872519e-12
5.0501002004 2.44789033801e-12
5.07014028056 2.39024356055e-12
5.09018036072 2.33267409565e-12
5.11022044088 2.27510463075e-12
5.13026052104 2.21753516584e-12
5.1503006012 2.15996570094e-12
5.17034068136 2.10709868504e-12
5.19038076152 2.05453501265e-12
5.21042084168 2.00197134027e-12
5.23046092184 1.94940766788e-12
5.250501002 1.8968439955e-12
5.27054108216 1.84974583878e-12
5.29058116232 1.80326169972e-12
5.31062124248 1.75677756066e-12
5.33066132265 1.71029342161e-12
5.35070140281 1.66380928255e-12
5.37074148297 1.61885203271e-12
5.39078156313 1.57414623397e-12
5.41082164329 1.52944043522e-12
5.43086172345 1.48473463648e-12
5.45090180361 1.44002883774e-12
5.47094188377 1.40026188668e-12
5.49098196393 1.36159228999e-12
5.51102204409 1.32292269331e-12
5.53106212425 1.28425309662e-12
5.55110220441 1.24558349993e-12
5.57114228457 1.20874584986e-12
5.59118236473 1.17243168026e-12
5.61122244489 1.13611751067e-12
5.63126252505 1.09980334108e-12
5.65130260521 1.06348917149e-12
5.67134268537 1.03056786297e-12
5.69138276553 9.9885507767e-13
5.71142284569 9.67142292369e-13
5.73146292585 9.35429507067e-13
5.75150300601 9.03716721766e-13
5.77154308617 8.73254182211e-13
5.79158316633 8.43335258897e-13
5.81162324649 8.13416335584e-13
5.83166332665 7.8349741227e-13
5.85170340681 7.53578488957e-13
5.87174348697 7.25214126722e-13
5.89178356713 6.9766294496e-13
5.91182364729 6.70111763198e-13
5.93186372745 6.42560581436e-13
5.95190380762 6.15009399674e-13
5.97194388778 5.90377592729e-13
5.99198396794 5.67564428221e-13
6.0120240481 5.44751263713e-13
6.03206412826 5.21938099205e-13
6.05210420842 4.99124934697e-13
6.07214428858 4.7754295286e-13
6.09218436874 4.56868147021e-13
6.1122244489 4.36193341183e-13
6.13226452906 4.15518535345e-13
6.15230460922 3.94843729506e-13
6.17234468938 3.748951978e-13
6.19238476954 3.5557699679e-13
6.2124248497 3.3625879578e-13
6.23246492986 3.16940594771e-13
6.25250501002 2.97622393761e-13
6.27254509018 2.79858470817e-13
6.29258517034 2.63680462755e-13
6.3126252505 2.47502454693e-13
6.33266533066 2.3132444663e-13
6.35270541082 2.15146438568e-13
6.37274549098 2.00056963714e-13
6.39278557114 1.86273633114e-13
6.4128256513 1.72490302514e-13
6.43286573146 1.58706971914e-13
6.45290581162 1.44923641314e-13
6.47294589178 1.32779839852e-13
6.49298597194 1.22955150666e-13
6.5130260521 1.13130461479e-13
6.53306613226 1.03305772293e-13
6.55310621242 9.34810831067e-14
6.57314629259 8.48160858023e-14
6.59318637275 7.8094535933e-14
6.61322645291 7.13729860636e-14
6.63326653307 6.46514361942e-14
6.65330661323 5.79298863248e-14
6.67334669339 5.14421364507e-14
6.69338677355 4.54220215688e-14
6.71342685371 3.94019066869e-14
6.73346693387 3.3381791805e-14
6.75350701403 2.73616769232e-14
6.77354709419 2.19835950163e-14
6.79358717435 1.81553346215e-14
6.81362725451 1.43270742267e-14
6.83366733467 1.04988138318e-14
6.85370741483 6.670553437e-15
6.87374749499 3.64131563307e-15
6.89378757515 2.9772668032e-15
6.91382765531 2.31321797332e-15
6.93386773547 1.64916914345e-15
6.95390781563 9.85120313576e-16
6.97394789579 4.4728203099e-16
6.99398797595 3.78230022662e-16
7.01402805611 3.09178014334e-16
7.03406813627 2.40126006006e-16
7.05410821643 1.71073997679e-16
7.07414829659 1.10014700826e-16
7.09418837675 8.75075264939e-17
7.11422845691 6.50003521618e-17
7.13426853707 4.24931778297e-17
7.15430861723 1.99860034977e-17
7.17434869739 4.23188922745e-19
7.19438877756 3.36983532835e-19
7.21442885772 2.50778142925e-19
7.23446893788 1.64572753015e-19
7.25450901804 7.83673631048e-20
7.2745490982 0.0
7.29458917836 0.0
7.31462925852 0.0
7.33466933868 0.0
7.35470941884 0.0
7.374749499 0.0
7.39478957916 0.0
7.41482965932 0.0
7.43486973948 0.0
7.45490981964 0.0
7.4749498998 0.0
7.49498997996 0.0
7.51503006012 0.0
7.53507014028 0.0
7.55511022044 0.0
7.5751503006 0.0
7.59519038076 0.0
7.61523046092 0.0
7.63527054108 0.0
7.65531062124 0.0
7.6753507014 0.0
7.69539078156 0.0
7.71543086172 0.0
7.73547094188 0.0
7.75551102204 0.0
7.7755511022 0.0
7.79559118236 0.0
7.81563126253 0.0
7.83567134269 0.0
7.85571142285 0.0
7.87575150301 0.0
7.89579158317 0.0
7.91583166333 0.0
7.93587174349 0.0
7.95591182365 0.0
7.97595190381 0.0
7.99599198397 0.0
8.01603206413 0.0
8.03607214429 0.0
8.05611222445 0.0
8.07615230461 0.0
8.09619238477 0.0
8.11623246493 0.0
8.13627254509 0.0
8.15631262525 0.0
8.17635270541 0.0
8.19639278557 0.0
8.21643286573 0.0
8.23647294589 0.0
8.25651302605 0.0
8.27655310621 0.0
8.29659318637 0.0
8.31663326653 0.0
8.33667334669 0.0
8.35671342685 0.0
8.37675350701 0.0
8.39679358717 0.0
8.41683366733 0.0
8.43687374749 0.0
8.45691382766 0.0
8.47695390782 0.0
8.49699398798 0.0
8.51703406814 0.0
8.5370741483 0.0
8.55711422846 0.0
8.57715430862 0.0
8.59719438878 0.0
8.61723446894 0.0
8.6372745491 0.0
8.65731462926 0.0
8.67735470942 0.0
8.69739478958 0.0
8.71743486974 0.0
8.7374749499 0.0
8.75751503006 0.0
8.77755511022 0.0
8.79759519038 0.0
8.81763527054 0.0
8.8376753507 0.0
8.85771543086 0.0
8.87775551102 0.0
8.89779559118 0.0
8.91783567134 0.0
8.9378757515 0.0
8.95791583166 0.0
8.97795591182 0.0
8.99799599198 0.0
9.01803607214 0.0
9.0380761523 0.0
9.05811623246 0.0
9.07815631263 0.0
9.09819639279 0.0
9.11823647295 0.0
9.13827655311 0.0
9.15831663327 0.0
9.17835671343 0.0
9.19839679359 0.0
9.21843687375 0.0
9.23847695391 0.0
9.25851703407 0.0
9.27855711423 0.0
9.29859719439 0.0
9.31863727455 0.0
9.33867735471 0.0
9.35871743487 0.0
9.37875751503 0.0
9.39879759519 0.0
9.41883767535 0.0
9.43887775551 0.0
9.45891783567 0.0
9.47895791583 0.0
9.49899799599 0.0
9.51903807615 0.0
9.53907815631 0.0
9.55911823647 0.0
9.57915831663 0.0
9.59919839679 0.0
9.61923847695 0.0
9.63927855711 0.0
9.65931863727 0.0
9.67935871743 0.0
9.6993987976 0.0
9.71943887776 0.0
9.73947895792 0.0
9.75951903808 0.0
9.77955911824 0.0
9.7995991984 0.0
9.81963927856 0.0
9.83967935872 0.0
9.85971943888 0.0
9.87975951904 0.0
9.8997995992 0.0
9.91983967936 0.0
9.93987975952 0.0
9.95991983968 0.0
9.97995991984 0.0
10.0 0.0
