0.0 0.0
0.0200400801603 0.0
0.0400801603206 0.0
0.060120240481 0.0
0.0801603206413 0.0
0.100200400802 0.0
0.120240480962 0.0
0.140280561122 0.0
0.160320641283 0.0
0.180360721443 0.0
0.200400801603 0.0
0.220440881764 0.0
0.240480961924 0.0
0.260521042084 0.0
0.280561122244 0.0
0.300601202405 3.85852854474e-12
0.320641282565 4.51666548734e-12
0.340681362725 5.28732937853e-12
0.360721442886 5.95179240349e-12
0.380761523046 6.60410148706e-12
0.400801603206 7.25641057064e-12
0.420841683367 7.91417946623e-12
0.440881763527 8.57611070157e-12
0.460921843687 9.2380419369e-12
0.480961923848 9.89338914455e-12
0.501002004008 1.05276020033e-11
0.521042084168 1.1161814862e-11
0.541082164329 1.17960277208e-11
0.561122244489 1.24256979472e-11
0.581162324649 1.3054905949e-11
0.60120240481 1.36841139508e-11
0.62124248497 1.43040767597e-11
0.64128256513 1.491728288e-11
0.661322645291 1.55304890004e-11
0.681362725451 1.61213695239e-11
0.701402805611 1.66445053021e-11
0.721442885772 1.71676410804e-11
0.741482965932 1.76907768586e-11
0.761523046092 1.81888919876e-11
0.781563126253 1.86847715717e-11
0.801603206413 1.91806511557e-11
0.821643286573 1.95976812624e-11
0.841683366733 1.99594841046e-11
0.861723446894 2.03212869467e-11
0.881763527054 2.06381480167e-11
0.901803607214 2.08258955501e-11
0.921843687375 2.10136430834e-11
0.941883767535 2.12013906168e-11
0.961923847695 2.13145823965e-11
0.981963927856 2.14220170097e-11
1.00200400802 2.15294516229e-11
1.02204408818 2.16724753474e-11
1.04208416834 2.18393809952e-11
1.0621242485 2.2006286643e-11
1.08216432866 2.21640289374e-11
1.10220440882 2.22968116576e-11
1.12224448898 2.24295943778e-11
1.14228456914 2.25623770981e-11
1.1623246493 2.25960486407e-11
1.18236472946 2.2623242443e-11
1.20240480962 2.26504362453e-11
1.22244488978 2.2669866526e-11
1.24248496994 2.2684307386e-11
1.2625250501 2.26987482459e-11
1.28256513026 2.27185919632e-11
1.30260521042 2.27524065838e-11
1.32264529058 2.27862212043e-11
1.34268537074 2.28200358248e-11
1.3627254509 2.28926094631e-11
1.38276553106 2.29672666078e-11
1.40280561122 2.30419237524e-11
1.42284569138 2.30865550681e-11
1.44288577154 2.31127129503e-11
1.4629258517 2.31388708325e-11
1.48296593186 2.31693413239e-11
1.50300601202 2.32104108673e-11
1.52304609218 2.32514804108e-11
1.54308617234 2.32925499543e-11
1.56312625251 2.32800102195e-11
1.58316633267 2.32651973181e-11
1.60320641283 2.32503844167e-11
1.62324649299 2.32366240628e-11
1.64328657315 2.32234833735e-11
1.66332665331 2.32103426842e-11
1.68336673347 2.32104989334e-11
1.70340681363 2.32417485462e-11
1.72344689379 2.32729981591e-11
1.74348697395 2.33042477719e-11
1.76352705411 2.3195798835e-11
1.78356713427 2.30829785081e-11
1.80360721443 2.29701581811e-11
1.82364729459 2.2903653204e-11
1.84368737475 2.28632266619e-11
1.86372745491 2.28228001197e-11
1.88376753507 2.28235715901e-11
1.90380761523 2.29160926675e-11
1.92384769539 2.30086137448e-11
1.94388777555 2.31011348221e-11
1.96392785571 2.30297188849e-11
1.98396793587 2.29549561634e-11
2.00400801603 2.28801934418e-11
2.02404809619 2.28121962489e-11
2.04408817635 2.27478403485e-11
2.06412825651 2.26834844481e-11
2.08416833667 2.26203379534e-11
2.10420841683 2.2559758884e-11
2.12424849699 2.24991798146e-11
2.14428857715 2.24386007452e-11
2.16432865731 2.23661062723e-11
2.18436873747 2.22934954388e-11
2.20440881764 2.22208846054e-11
2.2244488978 2.21120216709e-11
2.24448897796 2.19845200657e-11
2.26452905812 2.18570184606e-11
2.28456913828 2.17238421544e-11
2.30460921844 2.15791732311e-11
2.3246492986 2.14345043078e-11
2.34468937876 2.12898797942e-11
2.36472945892 2.12120527578e-11
2.38476953908 2.11342257213e-11
2.40480961924 2.10563986849e-11
2.4248496994 2.09713293241e-11
2.44488977956 2.08827053572e-11
2.46492985972 2.07940813903e-11
2.48496993988 2.06711729612e-11
2.50501002004 2.04819750386e-11
2.5250501002 2.0292777116e-11
2.54509018036 2.01051306193e-11
2.56513026052 2.00569725375e-11
2.58517034068 2.00088144557e-11
2.60521042084 1.99606563739e-11
2.625250501 1.98362813417e-11
2.64529058116 1.96762224589e-11
2.66533066132 1.95161635761e-11
2.68537074148 1.93585458538e-11
2.70541082164 1.92054374167e-11
2.7254509018 1.90523289796e-11
2.74549098196 1.89001425695e-11
2.76553106212 1.87902499133e-11
2.78557114228 1.86803572571e-11
2.80561122244 1.85704646009e-11
2.82565130261 1.83637753141e-11
2.84569138277 1.81138913154e-11
2.86573146293 1.78640073167e-11
2.88577154309 1.76645945574e-11
2.90581162325 1.75543038902e-11
2.92585170341 1.74440132229e-11
2.94589178357 1.733160417e-11
2.96593186373 1.71544261361e-11
2.98597194389 1.69772481022e-11
3.00601202405 1.68000700683e-11
3.02605210421 1.6618301684e-11
3.04609218437 1.64345826655e-11
3.06613226453 1.62508636469e-11
3.08617234469 1.60733247361e-11
3.10621242485 1.59062236181e-11
3.12625250501 1.57391225001e-11
3.14629258517 1.55730695976e-11
3.16633266533 1.54309221588e-11
3.18637274549 1.52887747199e-11
3.20641282565 1.51466272811e-11
3.22645290581 1.49570627289e-11
3.24649298597 1.47483292831e-11
3.26653306613 1.45395958373e-11
3.28657314629 1.43197364131e-11
3.30661322645 1.40818949047e-11
3.32665330661 1.38440533962e-11
3.34669338677 1.36101138097e-11
3.36673346693 1.3446819024e-11
3.38677354709 1.32835242384e-11
3.40681362725 1.31202294527e-11
3.42685370741 1.29443807927e-11
3.44689378758 1.27637092912e-11
3.46693386774 1.25830377897e-11
3.4869739479 1.24066213433e-11
3.50701402806 1.22367889338e-11
3.52705410822 1.20669565244e-11
3.54709418838 1.18953010016e-11
3.56713426854 1.16963813773e-11
3.5871743487 1.14974617529e-11
3.60721442886 1.12985421285e-11
3.62725450902 1.11121385199e-11
3.64729458918 1.09302988604e-11
3.66733466934 1.0748459201e-11
3.6873747495 1.05745874102e-11
3.70741482966 1.04125239875e-11
3.72745490982 1.02504605649e-11
3.74749498998 1.00890468173e-11
3.76753507014 9.93588146902e-12
3.7875751503 9.78271612072e-12
3.80761523046 9.62955077241e-12
3.82765531062 9.44890382433e-12
3.84769539078 9.25875734073e-12
3.86773547094 9.06861085712e-12
3.8877755511 8.89199906461e-12
3.90781563126 8.73460546151e-12
3.92785571142 8.5772118584e-12
3.94789579158 8.42124222325e-12
3.96793587174 8.28093312577e-12
3.9879759519 8.14062402829e-12
4.00801603206 8.00031493081e-12
4.02805611222 7.84276321981e-12
4.04809619238 7.67956955549e-12
4.06813627255 7.51637589116e-12
4.08817635271 7.3666434256e-12
4.10821643287 7.23522993824e-12
4.12825651303 7.10381645089e-12
4.14829659319 6.97178352156e-12
4.16833667335 6.83375799934e-12
4.18837675351 6.69573247713e-12
4.20841683367 6.55770695491e-12
4.22845691383 6.43156700011e-12
4.24849699399 6.30910266138e-12
4.26853707415 6.18663832265e-12
4.28857715431 6.06048751104e-12
4.30861723447 5.92952718814e-12
4.32865731463 5.79856686523e-12
4.34869739479 5.66935585983e-12
4.36873747495 5.55521273986e-12
4.38877755511 5.44106961989e-12
4.40881763527 5.32692649992e-12
4.42885771543 5.2224930253e-12
4.44889779559 5.120892538e-12
4.46893787575 5.01929205069e-12
4.48897795591 4.91664290665e-12
4.50901803607 4.81268187284e-12
4.52905811623 4.70872083903e-12
4.54909819639 4.60538080382e-12
4.56913827655 4.50685021367e-12
4.58917835671 4.40831962352e-12
4.60921843687 4.30978903337e-12
4.62925851703 4.21256111548e-12
4.64929859719 4.11569110819e-12
4.66933867735 4.01882110091e-12
4.68937875752 3.92798288133e-12
4.70941883768 3.84438183605e-12
4.72945891784 3.76078079077e-12
4.749498998 3.67616945973e-12
4.76953907816 3.58446607043e-12
4.78957915832 3.49276268114e-12
4.80961923848 3.40105929184e-12
4.82965931864 3.3192380771e-12
4.8496993988 3.23996818658e-12
4.86973947896 3.16069829606e-12
4.88977955912 3.08345462887e-12
4.90981963928 3.00854301178e-12
4.92985971944 2.93363139469e-12
4.9498997996 2.85987637905e-12
4.96993987976 2.79353052621e-12
4.98997995992 2.72718467337e-12
5.01002004008 2.66227118118e-12
5.03006012024 2.59868684958e-12
5.0501002004 2.53510251797e-12
5.07014028056 2.47540193072e-12
5.09018036072 2.41578141048e-12
5.11022044088 2.35616089025e-12
5.13026052104 2.29654037001e-12
5.1503006012 2.23691984977e-12
5.17034068136 2.18216931497e-12
5.19038076152 2.12773293106e-12
5.21042084168 2.07329654715e-12
5.23046092184 2.01886016324e-12
5.250501002 1.96442377933e-12
5.27054108216 1.91564763366e-12
5.29058116232 1.86750738157e-12
5.31062124248 1.81936712948e-12
5.33066132265 1.77122687738e-12
5.35070140281 1.72308662529e-12
5.37074148297 1.67652766164e-12
5.39078156313 1.63022910766e-12
5.41082164329 1.58393055367e-12
5.43086172345 1.53763199969e-12
5.45090180361 1.4913334457e-12
5.47094188377 1.45014969813e-12
5.49098196393 1.41010240091e-12
5.51102204409 1.37005510369e-12
5.53106212425 1.33000780647e-12
5.55110220441 1.28996050925e-12
5.57114228457 1.2518104263e-12
5.59118236473 1.21420247412e-12
5.61122244489 1.17659452194e-12
5.63126252505 1.13898656976e-12
5.65130260521 1.10137861758e-12
5.67134268537 1.06728440559e-12
5.69138276553 1.03444177346e-12
5.71142284569 1.00159914133e-12
5.73146292585 9.68756509195e-13
5.75150300601 9.35913877064e-13
5.77154308617 9.04366033792e-13
5.79158316633 8.73381174442e-13
5.81162324649 8.42396315093e-13
5.83166332665 8.11411455743e-13
5.85170340681 7.80426596393e-13
5.87174348697 7.51051683226e-13
5.89178356713 7.22518922108e-13
5.91182364729 6.9398616099e-13
5.93186372745 6.65453399872e-13
5.95190380762 6.36920638754e-13
5.97194388778 6.11411262439e-13
5.99198396794 5.87785322221e-13
6.0120240481 5.64159382003e-13
6.03206412826 5.40533441784e-13
6.05210420842 5.16907501566e-13
6.07214428858 4.94556607962e-13
6.09218436874 4.73145210758e-13
6.1122244489 4.51733813554e-13
6.13226452906 4.3032241635e-13
6.15230460922 4.08911019146e-13
6.17234468938 3.88251771395e-13
6.19238476954 3.6824531144e-13
6.2124248497 3.48238851485e-13
6.23246492986 3.2823239153e-13
6.25250501002 3.08225931575e-13
6.27254509018 2.89829124706e-13
6.29258517034 2.7307473488e-13
6.3126252505 2.56320345054e-13
6.33266533066 2.39565955228e-13
6.35270541082 2.22811565402e-13
6.37274549098 2.07184490486e-13
6.39278557114 1.92910094461e-13
6.4128256513 1.78635698437e-13
6.43286573146 1.64361302412e-13
6.45290581162 1.50086906388e-13
6.47294589178 1.37510451803e-13
6.49298597194 1.27335733635e-13
6.5130260521 1.17161015468e-13
6.53306613226 1.069862973e-13
6.55310621242 9.68115791324e-14
6.57314629259 8.78378697536e-14
6.59318637275 8.0876847957e-14
6.61322645291 7.39158261605e-14
6.63326653307 6.69548043639e-14
6.65330661323 5.99937825674e-14
6.67334669339 5.32748904723e-14
6.69338677355 4.70402940287e-14
6.71342685371 4.08056975852e-14
6.73346693387 3.45711011417e-14
6.75350701403 2.83365046981e-14
6.77354709419 2.27668152508e-14
6.79358717435 1.88021635605e-14
6.81362725451 1.48375118702e-14
6.83366733467 1.08728601798e-14
6.85370741483 6.90820848947e-15
6.87374749499 3.7710465566e-15
6.89378757515 3.08333933601e-15
6.91382765531 2.39563211542e-15
6.93386773547 1.70792489483e-15
6.95390781563 1.02021767424e-15
6.97394789579 4.63217565507e-16
6.99398797595 3.91705407685e-16
7.01402805611 3.20193249864e-16
7.03406813627 2.48681092042e-16
7.05410821643 1.7716893422e-16
7.07414829659 1.13934248094e-16
7.09418837675 9.0625199712e-17
7.11422845691 6.73161513305e-17
7.13426853707 4.40071029489e-17
7.15430861723 2.06980545673e-17
7.17434869739 4.38266080374e-19
7.19438877756 3.48989409099e-19
7.21442885772 2.59712737825e-19
7.23446893788 1.7043606655e-19
7.25450901804 8.11593952753e-20
7.2745490982 0.0
7.29458917836 0.0
7.31462925852 0.0
7.33466933868 0.0
7.35470941884 0.0
7.374749499 0.0
7.39478957916 0.0
7.41482965932 0.0
7.43486973948 0.0
7.45490981964 0.0
7.4749498998 0.0
7.49498997996 0.0
7.51503006012 0.0
7.53507014028 0.0
7.55511022044 0.0
7.5751503006 0.0
7.59519038076 0.0
7.61523046092 0.0
7.63527054108 0.0
7.65531062124 0.0
7.6753507014 0.0
7.69539078156 0.0
7.71543086172 0.0
7.73547094188 0.0
7.75551102204 0.0
7.7755511022 0.0
7.79559118236 0.0
7.81563126253 0.0
7.83567134269 0.0
7.85571142285 0.0
7.87575150301 0.0
7.89579158317 0.0
7.91583166333 0.0
7.93587174349 0.0
7.95591182365 0.0
7.97595190381 0.0
7.99599198397 0.0
8.01603206413 0.0
8.03607214429 0.0
8.05611222445 0.0
8.07615230461 0.0
8.09619238477 0.0
8.11623246493 0.0
8.13627254509 0.0
8.15631262525 0.0
8.17635270541 0.0
8.19639278557 0.0
8.21643286573 0.0
8.23647294589 0.0
8.25651302605 0.0
8.27655310621 0.0
8.29659318637 0.0
8.31663326653 0.0
8.33667334669 0.0
8.35671342685 0.0
8.37675350701 0.0
8.39679358717 0.0
8.41683366733 0.0
8.43687374749 0.0
8.45691382766 0.0
8.47695390782 0.0
8.49699398798 0.0
8.51703406814 0.0
8.5370741483 0.0
8.55711422846 0.0
8.57715430862 0.0
8.59719438878 0.0
8.61723446894 0.0
8.6372745491 0.0
8.65731462926 0.0
8.67735470942 0.0
8.69739478958 0.0
8.71743486974 0.0
8.7374749499 0.0
8.75751503006 0.0
8.77755511022 0.0
8.79759519038 0.0
8.81763527054 0.0
8.8376753507 0.0
8.85771543086 0.0
8.87775551102 0.0
8.89779559118 0.0
8.91783567134 0.0
8.9378757515 0.0
8.95791583166 0.0
8.97795591182 0.0
8.99799599198 0.0
9.01803607214 0.0
9.0380761523 0.0
9.05811623246 0.0
9.07815631263 0.0
9.09819639279 0.0
9.11823647295 0.0
9.13827655311 0.0
9.15831663327 0.0
9.17835671343 0.0
9.19839679359 0.0
9.21843687375 0.0
9.23847695391 0.0
9.25851703407 0.0
9.27855711423 0.0
9.29859719439 0.0
9.31863727455 0.0
9.33867735471 0.0
9.35871743487 0.0
9.37875751503 0.0
9.39879759519 0.0
9.41883767535 0.0
9.43887775551 0.0
9.45891783567 0.0
9.47895791583 0.0
9.49899799599 0.0
9.51903807615 0.0
9.53907815631 0.0
9.55911823647 0.0
9.57915831663 0.0
9.59919839679 0.0
9.61923847695 0.0
9.63927855711 0.0
9.65931863727 0.0
9.67935871743 0.0
9.6993987976 0.0
9.71943887776 0.0
9.73947895792 0.0
9.75951903808 0.0
9.77955911824 0.0
9.7995991984 0.0
9.81963927856 0.0
9.83967935872 0.0
9.85971943888 0.0
9.87975951904 0.0
9.8997995992 0.0
9.91983967936 0.0
9.93987975952 0.0
9.95991983968 0.0
9.97995991984 0.0
10.0 0.0
