0.0 0.0
0.0200400801603 0.0
0.0400801603206 0.0
0.060120240481 0.0
0.0801603206413 1.76235092461e-12
0.100200400802 2.39711268264e-12
0.120240480962 3.33957308738e-12
0.140280561122 3.24790206647e-12
0.160320641283 2.68506946257e-12
0.180360721443 2.61005809445e-12
0.200400801603 2.63850857215e-12
0.220440881764 2.8528090374e-11
0.240480961924 3.1098229993e-11
0.260521042084 3.16509646115e-12
0.280561122244 3.37259301731e-12
0.300601202405 3.57754877226e-12
0.320641282565 3.79900202406e-12
0.340681362725 4.04915009129e-12
0.360721442886 4.26012480826e-12
0.380761523046 4.46560548814e-12
0.400801603206 4.66391455723e-12
0.420841683367 4.86423753765e-12
0.440881763527 5.06609584258e-12
0.460921843687 5.26448390871e-12
0.480961923848 5.45954524224e-12
0.501002004008 5.64681094018e-12
0.521042084168 5.83408174005e-12
0.541082164329 6.02135840394e-12
0.561122244489 6.20695946826e-12
0.581162324649 6.39297129071e-12
0.60120240481 6.5826724902e-12
0.62124248497 6.76896349921e-12
0.64128256513 6.95276222984e-12
0.661322645291 7.14005933338e-12
0.681362725451 7.31995828386e-12
0.701402805611 7.47486884465e-12
0.721442885772 7.6303269097e-12
0.741482965932 7.78638333027e-12
0.761523046092 7.9332106109e-12
0.781563126253 8.07956709194e-12
0.801603206413 8.22794967239e-12
0.821643286573 8.3472477613e-12
0.841683366733 8.44617467007e-12
0.861723446894 8.54794164365e-12
0.881763527054 8.63375682506e-12
0.901803607214 8.67194706729e-12
0.921843687375 8.71169051343e-12
0.941883767535 8.75304817096e-12
0.961923847695 8.7669051239e-12
0.981963927856 8.77880473429e-12
1.00200400802 8.79156928559e-12
1.02204408818 8.8174612696e-12
1.04208416834 8.85216236204e-12
1.0621242485 8.8889643549e-12
1.08216432866 8.92281033651e-12
1.10220440882 8.94744970638e-12
1.12224448898 8.97270876997e-12
1.14228456914 8.99858031126e-12
1.1623246493 8.98789361145e-12
1.18236472946 8.97539115755e-12
1.20240480962 8.96561595739e-12
1.22244488978 8.95297709748e-12
1.24248496994 8.93849783515e-12
1.2625250501 8.92500145175e-12
1.28256513026 8.91367876689e-12
1.30260521042 8.90750940235e-12
1.32264529058 8.90219328299e-12
1.34268537074 8.89767914055e-12
1.3627254509 8.90746168544e-12
1.38276553106 8.91837177901e-12
1.40280561122 8.93084956878e-12
1.42284569138 8.93225200333e-12
1.44288577154 8.92684031006e-12
1.4629258517 8.92338571397e-12
1.48296593186 8.92184792132e-12
1.50300601202 8.92421970486e-12
1.52304609218 8.92656669115e-12
1.54308617234 8.92889151425e-12
1.56312625251 8.91144196911e-12
1.58316633267 8.89349806069e-12
1.60320641283 8.87694015843e-12
1.62324649299 8.86077049979e-12
1.64328657315 8.84482941124e-12
1.66332665331 8.8299178871e-12
1.68336673347 8.82006526548e-12
1.70340681363 8.82168177089e-12
1.72344689379 8.82399359401e-12
1.74348697395 8.82689628591e-12
1.76352705411 8.77826964085e-12
1.78356713427 8.72806743318e-12
1.80360721443 8.67800272613e-12
1.82364729459 8.64502194212e-12
1.84368737475 8.62166047385e-12
1.86372745491 8.59972131968e-12
1.88376753507 8.5931682233e-12
1.90380761523 8.62045797221e-12
1.92384769539 8.64810029894e-12
1.94388777555 8.67602743315e-12
1.96392785571 8.64348460773e-12
1.98396793587 8.60980223281e-12
2.00400801603 8.57644875691e-12
2.02404809619 8.5455908202e-12
2.04408817635 8.51607601402e-12
2.06412825651 8.48746438863e-12
2.08416833667 8.45940497375e-12
2.10420841683 8.43229258176e-12
2.12424849699 8.40543568491e-12
2.14428857715 8.37877492004e-12
2.16432865731 8.34771902835e-12
2.18436873747 8.31671325508e-12
2.20440881764 8.28600771975e-12
2.2244488978 8.24193020071e-12
2.24448897796 8.19097760429e-12
2.26452905812 8.14055985058e-12
2.28456913828 8.08810348431e-12
2.30460921844 8.03161898133e-12
2.3246492986 7.97518936712e-12
2.34468937876 7.9189069436e-12
2.36472945892 7.88738872999e-12
2.38476953908 7.85599040541e-12
2.40480961924 7.82470685635e-12
2.4248496994 7.79086177688e-12
2.44488977956 7.75581073559e-12
2.46492985972 7.72086040107e-12
2.48496993988 7.67336027937e-12
2.50501002004 7.6015008527e-12
2.5250501002 7.52972978854e-12
2.54509018036 7.45861557846e-12
2.56513026052 7.43903418039e-12
2.58517034068 7.41953031369e-12
2.60521042084 7.40010067149e-12
2.625250501 7.35262863275e-12
2.64529058116 7.29206224359e-12
2.66533066132 7.23156098076e-12
2.68537074148 7.17202251521e-12
2.70541082164 7.11420703806e-12
2.7254509018 7.05644870431e-12
2.74549098196 6.99908517643e-12
2.76553106212 6.95737453472e-12
2.78557114228 6.91571403199e-12
2.80561122244 6.8741015297e-12
2.82565130261 6.79683048537e-12
2.84569138277 6.70367059257e-12
2.86573146293 6.61055281651e-12
2.88577154309 6.53609222911e-12
2.90581162325 6.49454390008e-12
2.92585170341 6.45303252527e-12
2.94589178357 6.4107751388e-12
2.96593186373 6.34466087488e-12
2.98597194389 6.27857903548e-12
3.00601202405 6.21252823761e-12
3.02605210421 6.1448139564e-12
3.04609218437 6.07640861246e-12
3.06613226453 6.0080305051e-12
3.08617234469 5.9419580729e-12
3.10621242485 5.87976069743e-12
3.12625250501 5.81758721998e-12
3.14629258517 5.75582326701e-12
3.16633266533 5.70289900849e-12
3.18637274549 5.64999571867e-12
3.20641282565 5.59711250319e-12
3.22645290581 5.52675818533e-12
3.24649298597 5.44935160998e-12
3.26653306613 5.37196264834e-12
3.28657314629 5.29048661038e-12
3.30661322645 5.20239382734e-12
3.32665330661 5.11431649899e-12
3.34669338677 5.02769323268e-12
3.36673346693 4.96714223778e-12
3.38677354709 4.90660480318e-12
3.40681362725 4.84608035051e-12
3.42685370741 4.78093769228e-12
3.44689378758 4.71402797441e-12
3.46693386774 4.64712964719e-12
3.4869739479 4.58181174837e-12
3.50701402806 4.51893288325e-12
3.52705410822 4.45606401255e-12
3.54709418838 4.39253223477e-12
3.56713426854 4.31895295513e-12
3.5871743487 4.24538244484e-12
3.60721442886 4.17182032987e-12
3.62725450902 4.10288292137e-12
3.64729458918 4.03563666984e-12
3.66733466934 3.96839778456e-12
3.6873747495 3.90410498677e-12
3.70741482966 3.84417458595e-12
3.72745490982 3.78425064845e-12
3.74749498998 3.72457253834e-12
3.76753507014 3.6679428642e-12
3.7875751503 3.61131886113e-12
3.80761523046 3.55470028726e-12
3.82765531062 3.48795002257e-12
3.84769539078 3.41770072631e-12
3.86773547094 3.34745619375e-12
3.8877755511 3.28220864046e-12
3.90781563126 3.22405429238e-12
3.92785571142 3.1659041241e-12
3.94789579158 3.10828320347e-12
3.96793587174 3.05644267416e-12
3.9879759519 3.0046058123e-12
4.00801603206 2.95277246146e-12
4.02805611222 2.89458234543e-12
4.04809619238 2.83431435115e-12
4.06813627255 2.77404943753e-12
4.08817635271 2.71875278345e-12
4.10821643287 2.67021610818e-12
4.12825651303 2.62168213594e-12
4.14829659319 2.57292226351e-12
4.16833667335 2.52195443507e-12
4.18837675351 2.47098897834e-12
4.20841683367 2.42002579216e-12
4.22845691383 2.37344890114e-12
4.24849699399 2.32822988227e-12
4.26853707415 2.28301285564e-12
4.28857715431 2.23643794047e-12
4.30861723447 2.18809081039e-12
4.32865731463 2.13974542834e-12
4.34869739479 2.09204697466e-12
4.36873747495 2.04990807731e-12
4.38877755511 2.00777071373e-12
4.40881763527 1.9656348185e-12
4.42885771543 1.9270818378e-12
4.44889779559 1.8895751812e-12
4.46893787575 1.85206981296e-12
4.48897795591 1.81417886964e-12
4.50901803607 1.77580520225e-12
4.52905811623 1.73743266529e-12
4.54909819639 1.69929027269e-12
4.56913827655 1.66292293252e-12
4.58917835671 1.62655658424e-12
4.60921843687 1.59019118552e-12
4.62925851703 1.55430720078e-12
4.64929859719 1.51855610557e-12
4.66933867735 1.48280584353e-12
4.68937875752 1.44928126996e-12
4.70941883768 1.41842697085e-12
4.72945891784 1.38757340278e-12
4.749498998 1.35634787964e-12
4.76953907816 1.32250704331e-12
4.78957915832 1.28866684843e-12
4.80961923848 1.25482726762e-12
4.82965931864 1.22463342279e-12
4.8496993988 1.19538122461e-12
4.86973947896 1.16612956523e-12
4.88977955912 1.13762581631e-12
4.90981963928 1.10998276338e-12
4.92985971944 1.08234018321e-12
4.9498997996 1.05512468073e-12
4.96993987976 1.03064256222e-12
4.98997995992 1.00616085853e-12
5.01002004008 9.82207893842e-13
5.03006012024 9.58745584743e-13
5.0501002004 9.35283639613e-13
5.07014028056 9.13254604484e-13
5.09018036072 8.91255436528e-13
5.11022044088 8.69256587925e-13
5.13026052104 8.47258045056e-13
5.1503006012 8.2525979488e-13
5.17034068136 8.05058172271e-13
5.19038076152 7.84972695906e-13
5.21042084168 7.64887476357e-13
5.23046092184 7.4480250267e-13
5.250501002 7.24717764359e-13
5.27054108216 7.06721092126e-13
5.29058116232 6.88959191913e-13
5.31062124248 6.71197498223e-13
5.33066132265 6.53436002249e-13
5.35070140281 6.35674695557e-13
5.37074148297 6.184968456e-13
5.39078156313 6.01415224075e-13
5.41082164329 5.8433376863e-13
5.43086172345 5.67252472183e-13
5.45090180361 5.50171327951e-13
5.47094188377 5.34976981693e-13
5.49098196393 5.20201967074e-13
5.51102204409 5.05427086013e-13
5.53106212425 4.90652332813e-13
5.55110220441 4.75877702021e-13
5.57114228457 4.61802996634e-13
5.59118236473 4.47928374297e-13
5.61122244489 4.34053859363e-13
5.63126252505 4.20179447252e-13
5.65130260521 4.06305133578e-13
5.67134268537 3.93726995614e-13
5.69138276553 3.81610606781e-13
5.71142284569 3.69494304317e-13
5.73146292585 3.57378084541e-13
5.75150300601 3.45261943925e-13
5.77154308617 3.33623476115e-13
5.79158316633 3.2219274363e-13
5.81162324649 3.10762080601e-13
5.83166332665 2.99331484067e-13
5.85170340681 2.87900951191e-13
5.87174348697 2.77064325504e-13
5.89178356713 2.6653839515e-13
5.91182364729 2.5601252065e-13
5.93186372745 2.45486699623e-13
5.95190380762 2.34960929789e-13
5.97194388778 2.25550417493e-13
5.99198396794 2.16834678106e-13
6.0120240481 2.08118983636e-13
6.03206412826 1.99403332167e-13
6.05210420842 1.90687721866e-13
6.07214428858 1.82442465856e-13
6.09218436874 1.74543791092e-13
6.1122244489 1.6664515245e-13
6.13226452906 1.58746548388e-13
6.15230460922 1.50847977432e-13
6.17234468938 1.43226876716e-13
6.19238476954 1.35846594255e-13
6.2124248497 1.28466340842e-13
6.23246492986 1.21086115238e-13
6.25250501002 1.13705916256e-13
6.27254509018 1.06919480896e-13
6.29258517034 1.00738893413e-13
6.3126252505 9.45583292895e-14
6.33266533066 8.83777875291e-14
6.35270541082 8.2197267178e-14
6.37274549098 7.6432589749e-14
6.39278557114 7.11668823355e-14
6.4128256513 6.59011937069e-14
6.43286573146 6.0635523062e-14
6.45290581162 5.53698696337e-14
6.47294589178 5.07305369462e-14
6.49298597194 4.69771267662e-14
6.5130260521 4.32237316925e-14
6.53306613226 3.94703510808e-14
6.55310621242 3.57169843142e-14
6.57314629259 3.2406636021e-14
6.59318637275 2.98387022302e-14
6.61322645291 2.72707805875e-14
6.63326653307 2.47028705747e-14
6.65330661323 2.21349716958e-14
6.67334669339 1.96563956628e-14
6.69338677355 1.73564675785e-14
6.71342685371 1.50565492634e-14
6.73346693387 1.27566403007e-14
6.75350701403 1.04567402916e-14
6.77354709419 8.40210706714e-15
6.79358717435 6.93951776826e-15
6.81362725451 5.47693632545e-15
6.83366733467 4.01436240363e-15
6.85370741483 2.55179568203e-15
6.87374749499 1.39446449494e-15
6.89378757515 1.14064804984e-15
6.91382765531 8.86837922379e-16
6.93386773547 6.33033843091e-16
6.95390781563 3.7923555401e-16
6.97394789579 1.73655554994e-16
6.99398797595 1.47158399813e-16
7.01402805611 1.20666325098e-16
7.03406813627 9.41791141553e-17
7.05410821643 6.76965595359e-17
7.07414829659 4.42716985442e-17
7.09418837675 3.55781130077e-17
7.11422845691 2.68886130397e-17
7.13426853707 1.82030243823e-17
7.15430861723 9.52118021003e-18
7.17434869739 1.96767365296e-18
7.19438877756 1.8577127175e-18
7.21442885772 1.75103728231e-18
7.23446893788 1.647507214e-18
7.25450901804 1.54698835615e-18
7.2745490982 1.45234642036e-18
7.29458917836 1.3904008343e-18
7.31462925852 1.33109735592e-18
7.33466933868 1.27432329385e-18
7.35470941884 1.21997076324e-18
7.374749499 1.16793648075e-18
7.39478957916 1.1181215683e-18
7.41482965932 1.07043136514e-18
7.43486973948 1.02477524803e-18
7.45490981964 9.8106645898e-19
7.4749498998 9.39221940403e-19
7.49498997996 8.99162177303e-19
7.51503006012 8.60811046156e-19
7.53507014028 8.24095670269e-19
7.55511022044 7.88946281287e-19
7.5751503006 7.55296086623e-19
7.59519038076 7.2308114253e-19
7.61523046092 6.92240232595e-19
7.63527054108 6.62714751414e-19
7.65531062124 6.34448593222e-19
7.6753507014 6.07388045282e-19
7.69539078156 5.81481685819e-19
7.71543086172 5.56680286299e-19
7.73547094188 5.32936717891e-19
7.75551102204 5.10205861905e-19
7.7755511022 4.88444524056e-19
7.79559118236 4.67611352385e-19
7.81563126253 4.4766675868e-19
7.83567134269 4.2857284325e-19
7.85571142285 4.102933229e-19
7.87575150301 3.92793461994e-19
7.89579158317 3.76040006439e-19
7.91583166333 3.60001120499e-19
7.93587174349 3.44646326299e-19
7.95591182365 3.29946445907e-19
7.97595190381 3.15873545892e-19
7.99599198397 3.02400884241e-19
8.01603206413 2.89502859543e-19
8.03607214429 2.77154962341e-19
8.05611222445 2.65333728556e-19
8.07615230461 2.54016694901e-19
8.09619238477 2.43182356197e-19
8.11623246493 2.32810124501e-19
8.13627254509 2.22880289992e-19
8.15631262525 2.13373983514e-19
8.17635270541 2.04273140716e-19
8.19639278557 1.95560467734e-19
8.21643286573 1.87219408318e-19
8.23647294589 1.79234112381e-19
8.25651302605 1.71589405871e-19
8.27655310621 1.64270761945e-19
8.29659318637 1.57264273356e-19
8.31663326653 1.50556626032e-19
8.33667334669 1.44135073774e-19
8.35671342685 1.37987414034e-19
8.37675350701 1.32101964728e-19
8.39679358717 1.26467542038e-19
8.41683366733 1.21073439158e-19
8.43687374749 1.15909405949e-19
8.45691382766 1.10965629464e-19
8.47695390782 1.06232715296e-19
8.49699398798 1.0170166973e-19
8.51703406814 9.73638826523e-20
8.5370741483 9.32111111871e-20
8.55711422846 8.9235464035e-20
8.57715430862 8.5429386477e-20
8.59719438878 8.17856460181e-20
8.61723446894 7.82973186446e-20
8.6372745491 7.4957775666e-20
8.65731462926 7.17606711196e-20
8.67735470942 6.86999297109e-20
8.69739478958 6.57697352692e-20
8.71743486974 6.29645196958e-20
8.7374749499 6.02789523829e-20
8.75751503006 5.77079300839e-20
8.77755511022 5.52465672167e-20
8.79759519038 5.2890186579e-20
8.81763527054 5.06343104612e-20
8.8376753507 4.8474652137e-20
8.85771543086 4.64071077181e-20
8.87775551102 4.44277483554e-20
8.89779559118 4.25328127735e-20
8.91783567134 4.0718700123e-20
8.9378757515 3.89819631383e-20
8.95791583166 3.73193015869e-20
8.97795591182 3.5727555998e-20
8.99799599198 3.42037016587e-20
9.01803607214 3.27448428665e-20
9.0380761523 3.13482074264e-20
9.05811623246 3.00111413837e-20
9.07815631263 2.87311039798e-20
9.09819639279 2.75056628253e-20
9.11823647295 2.63324892767e-20
9.13827655311 2.52093540124e-20
9.15831663327 2.41341227958e-20
9.17835671343 2.31047524199e-20
9.19839679359 2.21192868248e-20
9.21843687375 2.11758533805e-20
9.23847695391 2.02726593287e-20
9.25851703407 1.94079883759e-20
9.27855711423 1.8580197432e-20
9.29859719439 1.77877134881e-20
9.31863727455 1.70290306275e-20
9.33867735471 1.6302707164e-20
9.35871743487 1.56073629021e-20
9.37875751503 1.49416765147e-20
9.39879759519 1.43043830319e-20
9.41883767535 1.36942714375e-20
9.43887775551 1.31101823676e-20
9.45891783567 1.25510059075e-20
9.47895791583 1.20156794829e-20
9.49899799599 1.15031858401e-20
9.51903807615 1.10125511138e-20
9.53907815631 1.05428429759e-20
9.55911823647 1.00931688639e-20
9.57915831663 9.66267428508e-21
9.59919839679 9.25054119264e-21
9.61923847695 8.8559864311e-21
9.63927855711 8.47826024819e-21
9.65931863727 8.11664487014e-21
9.67935871743 7.77045313773e-21
9.6993987976 7.43902720048e-21
9.71943887776 7.12173726662e-21
9.73947895792 6.81798040629e-21
9.75951903808 6.52717940585e-21
9.77955911824 6.24878167102e-21
9.7995991984 5.98225817679e-21
9.81963927856 5.72710246219e-21
9.83967935872 5.48282966785e-21
9.85971943888 5.24897561465e-21
9.87975951904 5.02509592169e-21
9.8997995992 4.81076516181e-21
9.91983967936 4.60557605322e-21
9.93987975952 4.40913868555e-21
9.95991983968 4.22107977889e-21
9.97995991984 4.04104197451e-21
10.0 3.86868315578e-21
