0.0 0.0
0.0200400801603 7.72686315471e-11
0.0400801603206 2.42003700179e-10
0.060120240481 3.45128474306e-10
0.0801603206413 3.90499301001e-10
0.100200400802 3.96941820758e-10
0.120240480962 3.83518788186e-10
0.140280561122 3.83364439981e-10
0.160320641283 3.97728371665e-10
0.180360721443 4.14371757108e-10
0.200400801603 4.38189748398e-10
0.220440881764 4.78734675173e-10
0.240480961924 5.04813362428e-10
0.260521042084 5.06071054454e-10
0.280561122244 5.18749212535e-10
0.300601202405 5.31483138684e-10
0.320641282565 5.42772584132e-10
0.340681362725 5.53519292785e-10
0.360721442886 5.64236863003e-10
0.380761523046 5.74739891402e-10
0.400801603206 5.85065246876e-10
0.420841683367 5.95395096993e-10
0.440881763527 6.04991440437e-10
0.460921843687 6.10382639951e-10
0.480961923848 6.15790495099e-10
0.501002004008 6.21215454637e-10
0.521042084168 6.23057847194e-10
0.541082164329 6.24014054321e-10
0.561122244489 6.24983458966e-10
0.581162324649 6.24414652833e-10
0.60120240481 6.22138104743e-10
0.62124248497 6.19871267993e-10
0.64128256513 6.17560310828e-10
0.661322645291 6.14913170822e-10
0.681362725451 6.12279384404e-10
0.701402805611 6.09631642228e-10
0.721442885772 6.03396213228e-10
0.741482965932 5.9634576913e-10
0.761523046092 5.89296143757e-10
0.781563126253 5.81654596207e-10
0.801603206413 5.73405658742e-10
0.821643286573 5.65147578779e-10
0.841683366733 5.56575422269e-10
0.861723446894 5.4638218285e-10
0.881763527054 5.36172422459e-10
0.901803607214 5.259237722e-10
0.921843687375 5.14941755077e-10
0.941883767535 5.03823612823e-10
0.961923847695 4.92691381278e-10
0.981963927856 4.81097756146e-10
1.00200400802 4.6903494552e-10
1.02204408818 4.56981230006e-10
1.04208416834 4.44679439792e-10
1.0621242485 4.3114581424e-10
1.08216432866 4.17612931605e-10
1.10220440882 4.04081865578e-10
1.12224448898 3.90834998482e-10
1.14228456914 3.77630523804e-10
1.1623246493 3.64395252999e-10
1.18236472946 3.5120381066e-10
1.20240480962 3.38055878952e-10
1.22244488978 3.24910018355e-10
1.24248496994 3.11702087193e-10
1.2625250501 2.98210010676e-10
1.28256513026 2.84720041526e-10
1.30260521042 2.71238059378e-10
1.32264529058 2.58659515394e-10
1.34268537074 2.46238003126e-10
1.3627254509 2.33826061075e-10
1.38276553106 2.21797056453e-10
1.40280561122 2.1011166994e-10
1.42284569138 1.98419277106e-10
1.44288577154 1.87039688773e-10
1.4629258517 1.76964442553e-10
1.48296593186 1.66890698313e-10
1.50300601202 1.56819599545e-10
1.52304609218 1.48090549993e-10
1.54308617234 1.39577543483e-10
1.56312625251 1.3105176338e-10
1.58316633267 1.22945650343e-10
1.60320641283 1.15201840379e-10
1.62324649299 1.07458353473e-10
1.64328657315 9.99890597943e-11
1.66332665331 9.36003405685e-11
1.68336673347 8.72151152152e-11
1.70340681363 8.08380763482e-11
1.72344689379 7.57395257091e-11
1.74348697395 7.08233194167e-11
1.76352705411 6.58736940244e-11
1.78356713427 6.1398201377e-11
1.80360721443 5.7321211543e-11
1.82364729459 5.32554411875e-11
1.84368737475 4.93895587389e-11
1.86372745491 4.62322405411e-11
1.88376753507 4.30850842112e-11
1.90380761523 3.99605952916e-11
1.92384769539 3.75003873491e-11
1.94388777555 3.51261667564e-11
1.96392785571 3.27126589572e-11
1.98396793587 3.05526518605e-11
2.00400801603 2.85993278742e-11
2.02404809619 2.66476883174e-11
2.04408817635 2.48013099148e-11
2.06412825651 2.33086927116e-11
2.08416833667 2.18165220553e-11
2.10420841683 2.03255781973e-11
2.12424849699 1.91789492644e-11
2.14428857715 1.80721692292e-11
2.16432865731 1.6962572184e-11
2.18436873747 1.59984414926e-11
2.20440881764 1.51462075123e-11
2.2244488978 1.42853085233e-11
2.24448897796 1.34624630607e-11
2.26452905812 1.2776481282e-11
2.28456913828 1.20892241217e-11
2.30460921844 1.1399906678e-11
2.3246492986 1.08649913225e-11
2.34468937876 1.033650348e-11
2.36472945892 9.82420290168e-12
2.38476953908 9.38813873907e-12
2.40480961924 9.00741724204e-12
2.4248496994 8.62508967779e-12
2.44488977956 8.26521643211e-12
2.46492985972 7.97403358994e-12
2.48496993988 7.67473650146e-12
2.50501002004 7.35970686127e-12
2.5250501002 7.10795985136e-12
2.54509018036 6.8625546861e-12
2.56513026052 6.65073509648e-12
2.58517034068 6.46522502714e-12
2.60521042084 6.29771251556e-12
2.625250501 6.11198862193e-12
2.64529058116 5.93050912232e-12
2.66533066132 5.78267575591e-12
2.68537074148 5.63550431626e-12
2.70541082164 5.48949351368e-12
2.7254509018 5.37133004543e-12
2.74549098196 5.25285673822e-12
2.76553106212 5.14795879197e-12
2.78557114228 5.05472847146e-12
2.80561122244 4.96959240905e-12
2.82565130261 4.86167134322e-12
2.84569138277 4.74776515183e-12
2.86573146293 4.64528350097e-12
2.88577154309 4.55527396472e-12
2.90581162325 4.48698803201e-12
2.92585170341 4.42775594915e-12
2.94589178357 4.36890816862e-12
2.96593186373 4.29476875194e-12
2.98597194389 4.22899078432e-12
3.00601202405 4.16874578765e-12
3.02605210421 4.10760182438e-12
3.04609218437 4.05104278198e-12
3.06613226453 3.99449498569e-12
3.08617234469 3.9410925889e-12
3.10621242485 3.89162315044e-12
3.12625250501 3.8433801809e-12
3.14629258517 3.79644365069e-12
3.16633266533 3.75615403575e-12
3.18637274549 3.71664645664e-12
3.20641282565 3.67781314088e-12
3.22645290581 3.62817814506e-12
3.24649298597 3.57444392507e-12
3.26653306613 3.52114448954e-12
3.28657314629 3.46555047998e-12
3.30661322645 3.40596585052e-12
3.32665330661 3.3466645827e-12
3.34669338677 3.28854641123e-12
3.36673346693 3.2476026663e-12
3.38677354709 3.20684597644e-12
3.40681362725 3.16625268702e-12
3.42685370741 3.12278853624e-12
3.44689378758 3.07829190897e-12
3.46693386774 3.03390539717e-12
3.4869739479 2.99063733103e-12
3.50701402806 2.94903540164e-12
3.52705410822 2.90750903449e-12
3.54709418838 2.86561192688e-12
3.56713426854 2.8172288739e-12
3.5871743487 2.76889872201e-12
3.60721442886 2.72061576558e-12
3.62725450902 2.67537977833e-12
3.64729458918 2.63127731307e-12
3.66733466934 2.58720885529e-12
3.6873747495 2.54508390968e-12
3.70741482966 2.50582151171e-12
3.72745490982 2.46658416974e-12
3.74749498998 2.4275255391e-12
3.76753507014 2.3904678201e-12
3.7875751503 2.35342897081e-12
3.80761523046 2.3164073703e-12
3.82765531062 2.27280397336e-12
3.84769539078 2.22693450126e-12
3.86773547094 2.1810783806e-12
3.8877755511 2.13848388907e-12
3.90781563126 2.10051454606e-12
3.92785571142 2.06255573116e-12
3.94789579158 2.02494853623e-12
3.96793587174 1.99111008856e-12
3.9879759519 1.95728008051e-12
4.00801603206 1.92345793821e-12
4.02805611222 1.88550364617e-12
4.04809619238 1.84620173448e-12
4.06813627255 1.80690624657e-12
4.08817635271 1.77084845399e-12
4.10821643287 1.73919420894e-12
4.12825651303 1.70754527107e-12
4.14829659319 1.67575261282e-12
4.16833667335 1.64252599147e-12
4.18837675351 1.60930379773e-12
4.20841683367 1.57608577993e-12
4.22845691383 1.54572511188e-12
4.24849699399 1.5162505853e-12
4.26853707415 1.48677957961e-12
4.28857715431 1.45642688126e-12
4.30861723447 1.42492270127e-12
4.32865731463 1.39342150901e-12
4.34869739479 1.36234311337e-12
4.36873747495 1.33488480133e-12
4.38877755511 1.30742903831e-12
4.40881763527 1.27997569539e-12
4.42885771543 1.25485567822e-12
4.44889779559 1.23041797033e-12
4.46893787575 1.20598233934e-12
4.48897795591 1.18129692915e-12
4.50901803607 1.15629844864e-12
4.52905811623 1.13130175695e-12
4.54909819639 1.10645585365e-12
4.56913827655 1.08276619202e-12
4.58917835671 1.05907807585e-12
4.60921843687 1.03539143252e-12
4.62925851703 1.01201893006e-12
4.64929859719 9.88733691132e-13
4.66933867735 9.65449729039e-13
4.68937875752 9.43615056412e-13
4.70941883768 9.23518998645e-13
4.72945891784 9.03424050191e-13
4.749498998 8.83087618025e-13
4.76953907816 8.61049582884e-13
4.78957915832 8.39012513315e-13
4.80961923848 8.16976366014e-13
4.82965931864 7.97313546362e-13
4.8496993988 7.78264073448e-13
4.86973947896 7.59215405003e-13
4.88977955912 7.40653947632e-13
4.90981963928 7.22653088283e-13
4.92985971944 7.04652931604e-13
4.9498997996 6.86931115956e-13
4.96993987976 6.70988685217e-13
4.98997995992 6.55046868958e-13
5.01002004008 6.39449512052e-13
5.03006012024 6.24171813414e-13
5.0501002004 6.08894652697e-13
5.07014028056 5.94550390129e-13
5.09018036072 5.80225842027e-13
5.11022044088 5.65901765259e-13
5.13026052104 5.51578139597e-13
5.1503006012 5.37254945719e-13
5.17034068136 5.24101318805e-13
5.19038076152 5.11023506826e-13
5.21042084168 4.97946073673e-13
5.23046092184 4.84869003233e-13
5.250501002 4.71792280103e-13
5.27054108216 4.60074761822e-13
5.29058116232 4.48510223132e-13
5.31062124248 4.36945989477e-13
5.33066132265 4.25382047977e-13
5.35070140281 4.13818386313e-13
5.37074148297 4.02634617888e-13
5.39078156313 3.91513623655e-13
5.41082164329 3.8039287541e-13
5.43086172345 3.69272362828e-13
5.45090180361 3.5815207603e-13
5.47094188377 3.48259934187e-13
5.49098196393 3.38640831047e-13
5.51102204409 3.29021926522e-13
5.53106212425 3.19403212318e-13
5.55110220441 3.09784680495e-13
5.57114228457 3.00621794005e-13
5.59118236473 2.91589226158e-13
5.61122244489 2.8255681884e-13
5.63126252505 2.73524565376e-13
5.65130260521 2.64492459374e-13
5.67134268537 2.56304050032e-13
5.69138276553 2.48416247114e-13
5.71142284569 2.40528574052e-13
5.73146292585 2.32641025468e-13
5.75150300601 2.24753596205e-13
5.77154308617 2.17177125605e-13
5.79158316633 2.09735922085e-13
5.81162324649 2.02294823685e-13
5.83166332665 1.94853826063e-13
5.85170340681 1.87412925057e-13
5.87174348697 1.80358621828e-13
5.89178356713 1.73506585657e-13
5.91182364729 1.66654634633e-13
5.93186372745 1.59802765248e-13
5.95190380762 1.52950974138e-13
5.97194388778 1.46825092149e-13
5.99198396794 1.41151444908e-13
6.0120240481 1.35477866671e-13
6.03206412826 1.298043546e-13
6.05210420842 1.24130905976e-13
6.07214428858 1.18763622883e-13
6.09218436874 1.13621946165e-13
6.1122244489 1.08480325392e-13
6.13226452906 1.0333875827e-13
6.15230460922 9.8197242596e-14
6.17234468938 9.32363472879e-14
6.19238476954 8.84322162381e-14
6.2124248497 8.36281305648e-14
6.23246492986 7.8824088409e-14
6.25250501002 7.4020087988e-14
6.27254509018 6.96025623757e-14
6.29258517034 6.55793756858e-14
6.3126252505 6.15562258124e-14
6.33266533066 5.75331112492e-14
6.35270541082 5.3510030552e-14
6.37274549098 4.97576205849e-14
6.39278557114 4.63299839021e-14
6.4128256513 4.29023770997e-14
6.43286573146 3.94747989566e-14
6.45290581162 3.60472483022e-14
6.47294589178 3.30273544761e-14
6.49298597194 3.05840788084e-14
6.5130260521 2.81408273981e-14
6.53306613226 2.56975992553e-14
6.55310621242 2.32543934309e-14
6.57314629259 2.10995391982e-14
6.59318637275 1.94278981183e-14
6.61322645291 1.77562767362e-14
6.63326653307 1.60846742488e-14
6.65330661323 1.44130898861e-14
6.67334669339 1.27996517945e-14
6.69338677355 1.13024968525e-14
6.71342685371 9.80535790928e-15
6.73346693387 8.30823431343e-15
6.75350701403 6.81112544015e-15
6.77354709419 5.47365712945e-15
6.79358717435 4.52152913255e-15
6.81362725451 3.569414133e-15
6.83366733467 2.61731160209e-15
6.85370741483 1.66522103271e-15
6.87374749499 9.11800163265e-16
6.89378757515 7.46439061277e-16
6.91382765531 5.81088520459e-16
6.93386773547 4.15748111614e-16
6.95390781563 2.50417423064e-16
6.97394789579 1.16475352026e-16
6.99398797595 9.90949385411e-17
7.01402805611 8.17231083881e-17
7.03406813627 6.4359513067e-17
7.05410821643 4.70038182882e-17
7.07414829659 3.16429036155e-17
7.09418837675 2.58743421896e-17
7.11422845691 2.01127579943e-17
7.13426853707 1.43578679931e-17
7.15430861723 8.6094006787e-18
7.17434869739 3.59914158975e-18
7.19438877756 3.43719690932e-18
7.21442885772 3.28092494743e-18
7.23446893788 3.13009578596e-18
7.25450901804 2.98448886335e-18
7.2745490982 2.84584133365e-18
7.29458917836 2.73148568192e-18
7.31462925852 2.62174297726e-18
7.33466933868 2.51642641388e-18
7.35470941884 2.41535678112e-18
7.374749499 2.31836215333e-18
7.39478957916 2.2252775925e-18
7.41482965932 2.13594486306e-18
7.43486973948 2.05021215837e-18
7.45490981964 1.96793383847e-18
7.4749498998 1.8889701785e-18
7.49498997996 1.8131871275e-18
7.51503006012 1.74045607707e-18
7.53507014028 1.67065363947e-18
7.55511022044 1.60366143487e-18
7.5751503006 1.53936588724e-18
7.59519038076 1.47765802865e-18
7.61523046092 1.41843331155e-18
7.63527054108 1.36159142873e-18
7.65531062124 1.30703614068e-18
7.6753507014 1.25467510993e-18
7.69539078156 1.20441974225e-18
7.71543086172 1.15618503428e-18
7.73547094188 1.10988942745e-18
7.75551102204 1.06545466778e-18
7.7755511022 1.02280567149e-18
7.79559118236 9.81870396074e-19
7.81563126253 9.42579716595e-19
7.83567134269 9.04867307103e-19
7.85571142285 8.6866952684e-19
7.87575150301 8.33925311115e-19
7.89579158317 8.00576066619e-19
7.91583166333 7.68565571021e-19
7.93587174349 7.37839876651e-19
7.95591182365 7.08347218117e-19
7.97595190381 6.80037923689e-19
7.99599198397 6.52864330289e-19
8.01603206413 6.26780701955e-19
8.03607214429 6.01743151622e-19
8.05611222445 5.7770956609e-19
8.07615230461 5.54639534056e-19
8.09619238477 5.32494277067e-19
8.11623246493 5.11236583294e-19
8.13627254509 4.90830743993e-19
8.15631262525 4.71242492568e-19
8.17635270541 4.52438946095e-19
8.19639278557 4.34388549243e-19
8.21643286573 4.17061020465e-19
8.23647294589 4.00427300385e-19
8.25651302605 3.84459502285e-19
8.27655310621 3.69130864596e-19
8.29659318637 3.54415705335e-19
8.31663326653 3.40289378383e-19
8.33667334669 3.26728231547e-19
8.35671342685 3.13709566321e-19
8.37675350701 3.01211599291e-19
8.39679358717 2.89213425095e-19
8.41683366733 2.77694980903e-19
8.43687374749 2.66637012324e-19
8.45691382766 2.56021040712e-19
8.47695390782 2.45829331789e-19
8.49699398798 2.36044865546e-19
8.51703406814 2.26651307366e-19
8.5370741483 2.17632980318e-19
8.55711422846 2.08974838577e-19
8.57715430862 2.00662441918e-19
8.59719438878 1.92681931249e-19
8.61723446894 1.85020005135e-19
8.6372745491 1.77663897272e-19
8.65731462926 1.70601354881e-19
8.67735470942 1.63820617965e-19
8.69739478958 1.57310399422e-19
8.71743486974 1.51059865952e-19
8.7374749499 1.45058619745e-19
8.75751503006 1.39296680905e-19
8.77755511022 1.33764470591e-19
8.79759519038 1.28452794841e-19
8.81763527054 1.23352829042e-19
8.8376753507 1.18456103042e-19
8.85771543086 1.13754486857e-19
8.87775551102 1.09240176952e-19
8.89779559118 1.04905683091e-19
8.91783567134 1.00743815705e-19
8.9378757515 9.67476737786e-20
8.95791583166 9.29106332262e-20
8.97795591182 8.92263357342e-20
8.99799599198 8.56886780586e-20
9.01803607214 8.22918017537e-20
9.0380761523 7.90300833152e-20
9.05811623246 7.58981247234e-20
9.07815631263 7.28907443667e-20
9.09819639279 7.00029683331e-20
9.11823647295 6.72300220531e-20
9.13827655311 6.45673222801e-20
9.15831663327 6.20104693945e-20
9.17835671343 5.95552400187e-20
9.19839679359 5.71975799304e-20
9.21843687375 5.49335972618e-20
9.23847695391 5.2759555973e-20
9.25851703407 5.06718695892e-20
9.27855711423 4.86670951902e-20
9.29859719439 4.67419276428e-20
9.31863727455 4.48931940651e-20
9.33867735471 4.31178485149e-20
9.35871743487 4.14129668916e-20
9.37875751503 3.97757420439e-20
9.39879759519 3.82034790744e-20
9.41883767535 3.66935908341e-20
9.43887775551 3.52435935976e-20
9.45891783567 3.38511029132e-20
9.47895791583 3.25138296195e-20
9.49899799599 3.12295760234e-20
9.51903807615 2.99962322309e-20
9.53907815631 2.88117726262e-20
9.55911823647 2.7674252493e-20
9.57915831663 2.65818047705e-20
9.59919839679 2.55326369413e-20
9.61923847695 2.45250280437e-20
9.63927855711 2.35573258044e-20
9.65931863727 2.26279438865e-20
9.67935871743 2.17353592486e-20
9.6993987976 2.08781096091e-20
9.71943887776 2.00547910138e-20
9.73947895792 1.92640554998e-20
9.75951903808 1.85046088547e-20
9.77955911824 1.77752084646e-20
9.7995991984 1.70746612497e-20
9.81963927856 1.64018216817e-20
9.83967935872 1.57555898819e-20
9.85971943888 1.51349097949e-20
9.87975951904 1.4538767436e-20
9.8997995992 1.39661892089e-20
9.91983967936 1.34162402909e-20
9.93987975952 1.28880230827e-20
9.95991983968 1.2380675721e-20
9.97995991984 1.18933706502e-20
10.0 1.14253132515e-20
