0.00500 0.00000e+00
0.01500 0.00000e+00
0.02500 0.00000e+00
0.03500 0.00000e+00
0.04500 0.00000e+00
0.05500 0.00000e+00
0.06500 0.00000e+00
0.07500 0.00000e+00
0.08500 0.00000e+00
0.09500 0.00000e+00
0.10500 0.00000e+00
0.11500 0.00000e+00
0.12500 0.00000e+00
0.13500 0.00000e+00
0.14500 0.00000e+00
0.15500 0.00000e+00
0.16500 0.00000e+00
0.17500 0.00000e+00
0.18500 0.00000e+00
0.19500 0.00000e+00
0.20500 0.00000e+00
0.21500 0.00000e+00
0.22500 0.00000e+00
0.23500 0.00000e+00
0.24500 0.00000e+00
0.25500 0.00000e+00
0.26500 0.00000e+00
0.27500 0.00000e+00
0.28500 0.00000e+00
0.29500 0.00000e+00
0.30500 8.80824e-13
0.31500 4.85743e-12
0.32500 5.56303e-10
0.33500 1.22169e-11
0.34500 1.64282e-11
0.35500 2.03998e-11
0.36500 2.52109e-11
0.37500 2.90347e-11
0.38500 3.26738e-11
0.39500 3.78923e-11
0.40500 4.13191e-11
0.41500 4.49506e-11
0.42500 4.80975e-11
0.43500 5.21078e-11
0.44500 5.34665e-11
0.45500 5.78566e-11
0.46500 6.09741e-11
0.47500 6.43548e-11
0.48500 6.81705e-11
0.49500 7.02668e-11
0.50500 7.37900e-11
0.51500 7.61561e-11
0.52500 7.95036e-11
0.53500 8.13573e-11
0.54500 8.59578e-11
0.55500 8.76356e-11
0.56500 9.02437e-11
0.57500 9.18228e-11
0.58500 9.43732e-11
0.59500 9.63488e-11
0.60500 9.89811e-11
0.61500 9.96694e-11
0.62500 1.04859e-10
0.63500 1.05782e-10
0.64500 1.08269e-10
0.65500 1.10032e-10
0.66500 1.13738e-10
0.67500 1.17504e-10
0.68500 1.17636e-10
0.69500 1.20020e-10
0.70500 1.29706e-10
0.71500 1.23140e-10
0.72500 1.22978e-10
0.73500 1.29477e-10
0.74500 1.32025e-10
0.75500 1.34211e-10
0.76500 1.34065e-10
0.77500 1.38594e-10
0.78500 1.38649e-10
0.79500 1.40049e-10
0.80500 1.38209e-10
0.81500 1.39933e-10
0.82500 1.44612e-10
0.83500 1.50216e-10
0.84500 1.45081e-10
0.85500 1.52677e-10
0.86500 1.49908e-10
0.87500 1.51988e-10
0.88500 1.56302e-10
0.89500 1.53184e-10
0.90500 1.56671e-10
0.91500 1.57088e-10
0.92500 1.59349e-10
0.93500 1.59922e-10
0.94500 1.59422e-10
0.95500 1.59519e-10
0.96500 1.62477e-10
0.97500 1.65315e-10
0.98500 1.65452e-10
0.99500 1.62778e-10
1.00500 1.63154e-10
1.01500 1.61322e-10
1.02500 1.70446e-10
1.03500 1.62706e-10
1.04500 1.66917e-10
1.05500 1.65311e-10
1.06500 1.68164e-10
1.07500 1.66513e-10
1.08500 1.68297e-10
1.09500 1.68315e-10
1.10500 1.68698e-10
1.11500 1.67440e-10
1.12500 1.69638e-10
1.13500 1.73233e-10
1.14500 1.68382e-10
1.15500 1.64946e-10
1.16500 1.71259e-10
1.17500 1.71387e-10
1.18500 1.71147e-10
1.19500 1.71369e-10
1.20500 1.69989e-10
1.21500 1.70978e-10
1.22500 1.69923e-10
1.23500 1.72651e-10
1.24500 1.71890e-10
1.25500 1.71916e-10
1.26500 1.73809e-10
1.27500 1.72645e-10
1.28500 1.71656e-10
1.29500 1.72224e-10
1.30500 1.76711e-10
1.31500 1.73127e-10
1.32500 1.74294e-10
1.33500 1.72692e-10
1.34500 1.73753e-10
1.35500 1.75949e-10
1.36500 1.74725e-10
1.37500 1.73478e-10
1.38500 1.76592e-10
1.39500 1.77428e-10
1.40500 1.74231e-10
1.41500 1.77665e-10
1.42500 1.75506e-10
1.43500 1.77965e-10
1.44500 1.74445e-10
1.45500 1.80036e-10
1.46500 1.78695e-10
1.47500 1.81165e-10
1.48500 1.78622e-10
1.49500 1.76539e-10
1.50500 1.79376e-10
1.51500 1.80361e-10
1.52500 1.69398e-10
1.53500 1.75736e-10
1.54500 1.79794e-10
1.55500 1.76127e-10
1.56500 1.80514e-10
1.57500 1.77124e-10
1.58500 1.81996e-10
1.59500 1.76786e-10
1.60500 1.81775e-10
1.61500 1.76779e-10
1.62500 1.81931e-10
1.63500 1.84718e-10
1.64500 1.77934e-10
1.65500 1.77318e-10
1.66500 1.81876e-10
1.67500 1.80483e-10
1.68500 1.83630e-10
1.69500 1.79873e-10
1.70500 1.81071e-10
1.71500 1.82176e-10
1.72500 1.78748e-10
1.73500 1.79236e-10
1.74500 1.77811e-10
1.75500 1.78185e-10
1.76500 1.79962e-10
1.77500 1.77102e-10
1.78500 1.79048e-10
1.79500 1.81973e-10
1.80500 1.84685e-10
1.81500 1.81871e-10
1.82500 1.80840e-10
1.83500 1.80121e-10
1.84500 1.78172e-10
1.85500 1.82079e-10
1.86500 1.84055e-10
1.87500 1.88092e-10
1.88500 1.76039e-10
1.89500 1.80485e-10
1.90500 1.82182e-10
1.91500 1.85505e-10
1.92500 1.80358e-10
1.93500 1.83474e-10
1.94500 1.77642e-10
1.95500 1.80693e-10
1.96500 1.78856e-10
1.97500 1.79544e-10
1.98500 1.76897e-10
1.99500 1.83018e-10
2.00500 1.76875e-10
2.01500 1.80080e-10
2.02500 1.74542e-10
2.03500 1.77594e-10
2.04500 1.81603e-10
2.05500 1.78024e-10
2.06500 1.78171e-10
2.07500 1.79204e-10
2.08500 1.74266e-10
2.09500 1.74029e-10
2.10500 1.74099e-10
2.11500 1.67937e-10
2.12500 1.73742e-10
2.13500 1.70784e-10
2.14500 1.71464e-10
2.15500 1.75373e-10
2.16500 1.67386e-10
2.17500 1.70571e-10
2.18500 1.71255e-10
2.19500 1.65457e-10
2.20500 1.63890e-10
2.21500 1.69615e-10
2.22500 1.64265e-10
2.23500 1.62670e-10
2.24500 1.57333e-10
2.25500 1.61383e-10
2.26500 1.59971e-10
2.27500 1.54250e-10
2.28500 1.62991e-10
2.29500 1.56591e-10
2.30500 1.56811e-10
2.31500 1.60292e-10
2.32500 1.52984e-10
2.33500 1.55358e-10
2.34500 1.58595e-10
2.35500 1.55816e-10
2.36500 1.51724e-10
2.37500 1.51263e-10
2.38500 1.53176e-10
2.39500 1.46728e-10
2.40500 1.52455e-10
2.41500 1.48883e-10
2.42500 1.49163e-10
2.43500 1.48760e-10
2.44500 1.45225e-10
2.45500 1.42229e-10
2.46500 1.42695e-10
2.47500 1.41504e-10
2.48500 1.44818e-10
2.49500 1.39150e-10
2.50500 1.39944e-10
2.51500 1.38332e-10
2.52500 1.39188e-10
2.53500 1.37711e-10
2.54500 1.39062e-10
2.55500 1.35220e-10
2.56500 1.34937e-10
2.57500 1.38099e-10
2.58500 1.35291e-10
2.59500 1.34443e-10
2.60500 1.33468e-10
2.61500 1.31619e-10
2.62500 1.33852e-10
2.63500 1.30622e-10
2.64500 1.27383e-10
2.65500 1.24481e-10
2.66500 1.27641e-10
2.67500 1.27646e-10
2.68500 1.26893e-10
2.69500 1.26779e-10
2.70500 1.30563e-10
2.71500 1.22512e-10
2.72500 1.25040e-10
2.73500 1.20825e-10
2.74500 1.21560e-10
2.75500 1.22300e-10
2.76500 1.19169e-10
2.77500 1.22681e-10
2.78500 1.19003e-10
2.79500 1.15551e-10
2.80500 1.14238e-10
2.81500 1.17660e-10
2.82500 1.14633e-10
2.83500 1.16562e-10
2.84500 1.16748e-10
2.85500 1.11934e-10
2.86500 1.14183e-10
2.87500 1.12767e-10
2.88500 1.13651e-10
2.89500 1.09219e-10
2.90500 1.06988e-10
2.91500 1.10627e-10
2.92500 1.06152e-10
2.93500 1.10338e-10
2.94500 1.08751e-10
2.95500 1.05024e-10
2.96500 1.03870e-10
2.97500 1.07165e-10
2.98500 9.99673e-11
2.99500 1.01123e-10
3.00500 1.02828e-10
3.01500 1.00995e-10
3.02500 1.00975e-10
3.03500 9.78173e-11
3.04500 1.00333e-10
3.05500 1.00070e-10
3.06500 9.76604e-11
3.07500 9.49825e-11
3.08500 1.00313e-10
3.09500 9.53622e-11
3.10500 9.65391e-11
3.11500 9.47846e-11
3.12500 9.41430e-11
3.13500 9.26889e-11
3.14500 9.18699e-11
3.15500 9.11499e-11
3.16500 9.29718e-11
3.17500 9.32052e-11
3.18500 8.97742e-11
3.19500 8.98719e-11
3.20500 8.69051e-11
3.21500 8.89483e-11
3.22500 8.84572e-11
3.23500 8.35265e-11
3.24500 8.74060e-11
3.25500 8.35193e-11
3.26500 8.23103e-11
3.27500 8.14705e-11
3.28500 8.15842e-11
3.29500 7.98582e-11
3.30500 7.93779e-11
3.31500 8.16608e-11
3.32500 8.02920e-11
3.33500 7.75436e-11
3.34500 8.06306e-11
3.35500 7.74857e-11
3.36500 7.55258e-11
3.37500 7.59518e-11
3.38500 7.58357e-11
3.39500 7.71826e-11
3.40500 7.12733e-11
3.41500 7.42522e-11
3.42500 7.17605e-11
3.43500 7.11730e-11
3.44500 7.49500e-11
3.45500 7.19288e-11
3.46500 6.98347e-11
3.47500 7.14148e-11
3.48500 7.00647e-11
3.49500 6.92684e-11
3.50500 6.82183e-11
3.51500 6.70350e-11
3.52500 6.69882e-11
3.53500 6.34355e-11
3.54500 6.53526e-11
3.55500 6.61879e-11
3.56500 6.27624e-11
3.57500 6.43257e-11
3.58500 6.32700e-11
3.59500 6.24583e-11
3.60500 6.08810e-11
3.61500 6.16888e-11
3.62500 5.94017e-11
3.63500 5.94299e-11
3.64500 5.83986e-11
3.65500 6.07913e-11
3.66500 5.64051e-11
3.67500 5.91239e-11
3.68500 5.93707e-11
3.69500 5.81020e-11
3.70500 5.67741e-11
3.71500 5.59894e-11
3.72500 5.64762e-11
3.73500 5.58717e-11
3.74500 5.52437e-11
3.75500 5.36103e-11
3.76500 5.19933e-11
3.77500 5.10252e-11
3.78500 5.05423e-11
3.79500 4.99528e-11
3.80500 5.29780e-11
3.81500 5.31413e-11
3.82500 5.08811e-11
3.83500 4.91757e-11
3.84500 4.83575e-11
3.85500 4.89211e-11
3.86500 4.66861e-11
3.87500 4.68411e-11
3.88500 4.84959e-11
3.89500 4.59927e-11
3.90500 4.79853e-11
3.91500 4.30720e-11
3.92500 4.71971e-11
3.93500 4.24025e-11
3.94500 4.29816e-11
3.95500 4.38995e-11
3.96500 4.21563e-11
3.97500 4.34729e-11
3.98500 4.13207e-11
3.99500 4.14247e-11
4.00500 4.15903e-11
4.01500 4.05638e-11
4.02500 4.12562e-11
4.03500 3.94518e-11
4.04500 3.91880e-11
4.05500 3.88932e-11
4.06500 3.74334e-11
4.07500 3.60624e-11
4.08500 3.71325e-11
4.09500 3.67812e-11
4.10500 3.45702e-11
4.11500 3.60332e-11
4.12500 3.61516e-11
4.13500 3.66030e-11
4.14500 3.71379e-11
4.15500 3.42744e-11
4.16500 3.40503e-11
4.17500 3.34737e-11
4.18500 3.41158e-11
4.19500 3.13231e-11
4.20500 3.26502e-11
4.21500 3.05088e-11
4.22500 3.14718e-11
4.23500 3.05320e-11
4.24500 3.26021e-11
4.25500 3.07624e-11
4.26500 2.90616e-11
4.27500 2.91094e-11
4.28500 2.87174e-11
4.29500 2.77343e-11
4.30500 2.92122e-11
4.31500 3.00241e-11
4.32500 2.67717e-11
4.33500 2.70449e-11
4.34500 2.74706e-11
4.35500 2.69638e-11
4.36500 2.65082e-11
4.37500 2.51276e-11
4.38500 2.67697e-11
4.39500 2.47560e-11
4.40500 2.57888e-11
4.41500 2.70057e-11
4.42500 2.49561e-11
4.43500 2.42463e-11
4.44500 2.32076e-11
4.45500 2.33930e-11
4.46500 2.24691e-11
4.47500 2.28251e-11
4.48500 2.16538e-11
4.49500 2.21717e-11
4.50500 2.18277e-11
4.51500 2.22795e-11
4.52500 2.10580e-11
4.53500 2.27145e-11
4.54500 2.09464e-11
4.55500 2.05804e-11
4.56500 1.99678e-11
4.57500 1.92894e-11
4.58500 2.11204e-11
4.59500 1.85112e-11
4.60500 1.92243e-11
4.61500 1.90493e-11
4.62500 1.87828e-11
4.63500 1.72935e-11
4.64500 1.82055e-11
4.65500 1.71521e-11
4.66500 1.74963e-11
4.67500 1.74090e-11
4.68500 1.72867e-11
4.69500 1.69067e-11
4.70500 1.60323e-11
4.71500 1.67029e-11
4.72500 1.65258e-11
4.73500 1.57745e-11
4.74500 1.56200e-11
4.75500 1.54409e-11
4.76500 1.53474e-11
4.77500 1.54262e-11
4.78500 1.41499e-11
4.79500 1.47937e-11
4.80500 1.43052e-11
4.81500 1.40926e-11
4.82500 1.34937e-11
4.83500 1.34617e-11
4.84500 1.37498e-11
4.85500 1.37988e-11
4.86500 1.32876e-11
4.87500 1.24123e-11
4.88500 1.31472e-11
4.89500 1.30672e-11
4.90500 1.26424e-11
4.91500 1.23717e-11
4.92500 1.16126e-11
4.93500 1.16920e-11
4.94500 1.20155e-11
4.95500 1.09252e-11
4.96500 1.12376e-11
4.97500 1.16604e-11
4.98500 1.06180e-11
4.99500 1.11790e-11
