0.0 0.0
0.0200400801603 0.0
0.0400801603206 0.0
0.060120240481 0.0
0.0801603206413 0.0
0.100200400802 0.0
0.120240480962 0.0
0.140280561122 2.1555563208e-12
0.160320641283 1.11112449719e-12
0.180360721443 8.71861655077e-13
0.200400801603 8.63820636379e-13
0.220440881764 4.31296479481e-11
0.240480961924 4.72763761368e-11
0.260521042084 1.61730023821e-12
0.280561122244 1.97399228129e-12
0.300601202405 2.3265310066e-12
0.320641282565 2.72336000133e-12
0.340681362725 3.1880380302e-12
0.360721442886 3.58868138748e-12
0.380761523046 3.98199642746e-12
0.400801603206 4.37531146743e-12
0.420841683367 4.77191854524e-12
0.440881763527 5.17103533948e-12
0.460921843687 5.57015213371e-12
0.480961923848 5.96529903518e-12
0.501002004008 6.34770280998e-12
0.521042084168 6.73010658477e-12
0.541082164329 7.11251035956e-12
0.561122244489 7.49217511745e-12
0.581162324649 7.87156117325e-12
0.60120240481 8.25094722905e-12
0.62124248497 8.62475882095e-12
0.64128256513 8.99449641288e-12
0.661322645291 9.36423400481e-12
0.681362725451 9.7205101974e-12
0.701402805611 1.00359391478e-11
0.721442885772 1.03513680981e-11
0.741482965932 1.06667970485e-11
0.761523046092 1.09671395959e-11
0.781563126253 1.12661342034e-11
0.801603206413 1.15651288109e-11
0.821643286573 1.18165804881e-11
0.841683366733 1.20347324392e-11
0.861723446894 1.22528843904e-11
0.881763527054 1.24439383363e-11
0.901803607214 1.25571422307e-11
0.921843687375 1.2670346125e-11
0.941883767535 1.27835500194e-11
0.961923847695 1.28517999189e-11
0.981963927856 1.29165784882e-11
1.00200400802 1.29813570575e-11
1.02204408818 1.30675943694e-11
1.04208416834 1.31682314803e-11
1.0621242485 1.32688685911e-11
1.08216432866 1.33639805838e-11
1.10220440882 1.34440429994e-11
1.12224448898 1.35241054149e-11
1.14228456914 1.36041678305e-11
1.1623246493 1.36244703596e-11
1.18236472946 1.36408670827e-11
1.20240480962 1.36572638058e-11
1.22244488978 1.36689794508e-11
1.24248496994 1.36776866841e-11
1.2625250501 1.36863939175e-11
1.28256513026 1.36983588474e-11
1.30260521042 1.37187476465e-11
1.32264529058 1.37391364455e-11
1.34268537074 1.37595252446e-11
1.3627254509 1.3803284107e-11
1.38276553106 1.38482992364e-11
1.40280561122 1.38933143659e-11
1.42284569138 1.39202251788e-11
1.44288577154 1.39359972855e-11
1.4629258517 1.39517693922e-11
1.48296593186 1.39701418215e-11
1.50300601202 1.39949050351e-11
1.52304609218 1.40196682486e-11
1.54308617234 1.40444314622e-11
1.56312625251 1.40368705276e-11
1.58316633267 1.40279389689e-11
1.60320641283 1.40190074101e-11
1.62324649299 1.40107104934e-11
1.64328657315 1.40027872084e-11
1.66332665331 1.39948639235e-11
1.68336673347 1.39949581352e-11
1.70340681363 1.40138003421e-11
1.72344689379 1.40326425491e-11
1.74348697395 1.4051484756e-11
1.76352705411 1.3986094592e-11
1.78356713427 1.3918068663e-11
1.80360721443 1.3850042734e-11
1.82364729459 1.38099430199e-11
1.84368737475 1.37855675092e-11
1.86372745491 1.37611919985e-11
1.88376753507 1.37616571629e-11
1.90380761523 1.38174434951e-11
1.92384769539 1.38732298272e-11
1.94388777555 1.39290161594e-11
1.96392785571 1.38859553423e-11
1.98396793587 1.38408765544e-11
2.00400801603 1.37957977665e-11
2.02404809619 1.37547983088e-11
2.04408817635 1.3715994398e-11
2.06412825651 1.36771904871e-11
2.08416833667 1.36391157972e-11
2.10420841683 1.36025891571e-11
2.12424849699 1.3566062517e-11
2.14428857715 1.3529535877e-11
2.16432865731 1.3485824748e-11
2.18436873747 1.34420434584e-11
2.20440881764 1.33982621689e-11
2.2244488978 1.33326223817e-11
2.24448897796 1.32557442572e-11
2.26452905812 1.31788661327e-11
2.28456913828 1.30985664013e-11
2.30460921844 1.30113371035e-11
2.3246492986 1.29241078056e-11
2.34468937876 1.28369052849e-11
2.36472945892 1.27899788436e-11
2.38476953908 1.27430524022e-11
2.40480961924 1.26961259609e-11
2.4248496994 1.26448327015e-11
2.44488977956 1.25913961636e-11
2.46492985972 1.25379596256e-11
2.48496993988 1.24638509938e-11
2.50501002004 1.23497725755e-11
2.5250501002 1.22356941572e-11
2.54509018036 1.21225511837e-11
2.56513026052 1.20935138786e-11
2.58517034068 1.20644765736e-11
2.60521042084 1.20354392685e-11
2.625250501 1.19604463365e-11
2.64529058116 1.1863937538e-11
2.66533066132 1.17674287396e-11
2.68537074148 1.16723918586e-11
2.70541082164 1.15800738875e-11
2.7254509018 1.14877559165e-11
2.74549098196 1.13959938892e-11
2.76553106212 1.1329733223e-11
2.78557114228 1.12634725567e-11
2.80561122244 1.11972118905e-11
2.82565130261 1.10725869126e-11
2.84569138277 1.09219173337e-11
2.86573146293 1.07712477548e-11
2.88577154309 1.06510102181e-11
2.90581162325 1.05845095679e-11
2.92585170341 1.05180089177e-11
2.94589178357 1.04502309697e-11
2.96593186373 1.03434000405e-11
2.98597194389 1.02365691114e-11
3.00601202405 1.01297381823e-11
3.02605210421 1.00201394642e-11
3.04609218437 9.90936459546e-12
3.06613226453 9.7985897267e-12
3.08617234469 9.69154120388e-12
3.10621242485 9.59078623272e-12
3.12625250501 9.49003126156e-12
3.14629258517 9.38990832041e-12
3.16633266533 9.304199372e-12
3.18637274549 9.21849042359e-12
3.20641282565 9.13278147517e-12
3.22645290581 9.01848199462e-12
3.24649298597 8.89262447456e-12
3.26653306613 8.7667669545e-12
3.28657314629 8.6342009357e-12
3.30661322645 8.49079247374e-12
3.32665330661 8.34738401179e-12
3.34669338677 8.20632824519e-12
3.36673346693 8.10786833292e-12
3.38677354709 8.00940842064e-12
3.40681362725 7.91094850837e-12
3.42685370741 7.80491913594e-12
3.44689378758 7.69598179224e-12
3.46693386774 7.58704444855e-12
3.4869739479 7.48067272475e-12
3.50701402806 7.3782708993e-12
3.52705410822 7.27586907384e-12
3.54709418838 7.17236798751e-12
3.56713426854 7.05242779046e-12
3.5871743487 6.93248759342e-12
3.60721442886 6.81254739637e-12
3.62725450902 6.70015383233e-12
3.64729458918 6.59051213834e-12
3.66733466934 6.48087044436e-12
3.6873747495 6.37603304122e-12
3.70741482966 6.27831558925e-12
3.72745490982 6.18059813728e-12
3.74749498998 6.08327241211e-12
3.76753507014 5.99092012604e-12
3.7875751503 5.89856783997e-12
3.80761523046 5.8062155539e-12
3.82765531062 5.69729301489e-12
3.84769539078 5.58264265407e-12
3.86773547094 5.46799229324e-12
3.8877755511 5.36150278393e-12
3.90781563126 5.26660103741e-12
3.92785571142 5.1716992909e-12
3.94789579158 5.07765613739e-12
3.96793587174 4.99305563178e-12
3.9879759519 4.90845512617e-12
4.00801603206 4.82385462056e-12
4.02805611222 4.72885754161e-12
4.04809619238 4.63045860126e-12
4.06813627255 4.5320596609e-12
4.08817635271 4.44177725926e-12
4.10821643287 4.36254043375e-12
4.12825651303 4.28330360824e-12
4.14829659319 4.20369328518e-12
4.16833667335 4.12046967976e-12
4.18837675351 4.03724607433e-12
4.20841683367 3.9540224689e-12
4.22845691383 3.87796536251e-12
4.24849699399 3.80412449858e-12
4.26853707415 3.73028363465e-12
4.28857715431 3.65421998207e-12
4.30861723447 3.57525639573e-12
4.32865731463 3.49629280939e-12
4.34869739479 3.4183839882e-12
4.36873747495 3.34956047044e-12
4.38877755511 3.28073695269e-12
4.40881763527 3.21191343494e-12
4.42885771543 3.14894442641e-12
4.44889779559 3.08768359051e-12
4.46893787575 3.02642275461e-12
4.48897795591 2.96452962264e-12
4.50901803607 2.90184547613e-12
4.52905811623 2.83916132961e-12
4.54909819639 2.77685161923e-12
4.56913827655 2.71744180265e-12
4.58917835671 2.65803198608e-12
4.60921843687 2.59862216951e-12
4.62925851703 2.53999780971e-12
4.64929859719 2.48158925502e-12
4.66933867735 2.42318070032e-12
4.68937875752 2.36840906083e-12
4.70941883768 2.31800113413e-12
4.72945891784 2.26759320744e-12
4.749498998 2.21657612077e-12
4.76953907816 2.16128282019e-12
4.78957915832 2.10598951962e-12
4.80961923848 2.05069621904e-12
4.82965931864 2.00136145557e-12
4.8496993988 1.95356503368e-12
4.86973947896 1.9057686118e-12
4.88977955912 1.85919391766e-12
4.90981963928 1.814025352e-12
4.92985971944 1.76885678635e-12
4.9498997996 1.72438560289e-12
4.96993987976 1.6843818341e-12
4.98997995992 1.6443780653e-12
5.01002004008 1.60523794996e-12
5.03006012024 1.56689926273e-12
5.0501002004 1.52856057551e-12
5.07014028056 1.49256362337e-12
5.09018036072 1.45661494829e-12
5.11022044088 1.4206662732e-12
5.13026052104 1.38471759812e-12
5.1503006012 1.34876892303e-12
5.17034068136 1.31575664507e-12
5.19038076152 1.28293378693e-12
5.21042084168 1.25011092879e-12
5.23046092184 1.21728807065e-12
5.250501002 1.18446521251e-12
5.27054108216 1.15505524082e-12
5.29058116232 1.1260286863e-12
5.31062124248 1.09700213178e-12
5.33066132265 1.06797557726e-12
5.35070140281 1.03894902275e-12
5.37074148297 1.01087591889e-12
5.39078156313 9.82959831149e-13
5.41082164329 9.55043743409e-13
5.43086172345 9.27127655669e-13
5.45090180361 8.99211567929e-13
5.47094188377 8.74379494101e-13
5.49098196393 8.50232652206e-13
5.51102204409 8.26085810311e-13
5.53106212425 8.01938968417e-13
5.55110220441 7.77792126522e-13
5.57114228457 7.54789225321e-13
5.59118236473 7.32113206257e-13
5.61122244489 7.09437187193e-13
5.63126252505 6.86761168129e-13
5.65130260521 6.64085149066e-13
5.67134268537 6.43527768079e-13
5.69138276553 6.23725037295e-13
5.71142284569 6.03922306512e-13
5.73146292585 5.84119575728e-13
5.75150300601 5.64316844945e-13
5.77154308617 5.4529481758e-13
5.79158316633 5.26612245928e-13
5.81162324649 5.07929674275e-13
5.83166332665 4.89247102622e-13
5.85170340681 4.70564530969e-13
5.87174348697 4.52852689393e-13
5.89178356713 4.35648630209e-13
5.91182364729 4.18444571026e-13
5.93186372745 4.01240511842e-13
5.95190380762 3.84036452659e-13
5.97194388778 3.68655367806e-13
5.99198396794 3.54409915986e-13
6.0120240481 3.40164464167e-13
6.03206412826 3.25919012347e-13
6.05210420842 3.11673560528e-13
6.07214428858 2.98196908382e-13
6.09218436874 2.85286733191e-13
6.1122244489 2.72376558001e-13
6.13226452906 2.5946638281e-13
6.15230460922 2.4655620762e-13
6.17234468938 2.34099547028e-13
6.19238476954 2.2203649012e-13
6.2124248497 2.09973433211e-13
6.23246492986 1.97910376303e-13
6.25250501002 1.85847319395e-13
6.27254509018 1.74754815839e-13
6.29258517034 1.64652620928e-13
6.3126252505 1.54550426018e-13
6.33266533066 1.44448231107e-13
6.35270541082 1.34346036196e-13
6.37274549098 1.24923564932e-13
6.39278557114 1.16316702351e-13
6.4128256513 1.07709839769e-13
6.43286573146 9.91029771877e-14
6.45290581162 9.04961146062e-14
6.47294589178 8.29130395543e-14
6.49298597194 7.67781109083e-14
6.5130260521 7.06431822623e-14
6.53306613226 6.45082536163e-14
6.55310621242 5.83733249703e-14
6.57314629259 5.29625542913e-14
6.59318637275 4.87653498753e-14
6.61322645291 4.45681454593e-14
6.63326653307 4.03709410433e-14
6.65330661323 3.61737366273e-14
6.67334669339 3.21225262739e-14
6.69338677355 2.83633259022e-14
6.71342685371 2.46041255305e-14
6.73346693387 2.08449251589e-14
6.75350701403 1.70857247872e-14
6.77354709419 1.37274354689e-14
6.79358717435 1.13369166529e-14
6.81362725451 8.94639783702e-15
6.83366733467 6.5558790211e-15
6.85370741483 4.16536020518e-15
6.87374749499 2.27378303401e-15
6.89378757515 1.8591244009e-15
6.91382765531 1.4444657678e-15
6.93386773547 1.02980713469e-15
6.95390781563 6.15148501581e-16
6.97394789579 2.79300779159e-16
6.99398797595 2.36181944974e-16
7.01402805611 1.93063110788e-16
7.03406813627 1.49944276602e-16
7.05410821643 1.06825442417e-16
7.07414829659 6.86975767653e-17
7.09418837675 5.46431974429e-17
7.11422845691 4.05888181205e-17
7.13426853707 2.65344387981e-17
7.15430861723 1.24800594757e-17
7.17434869739 2.64256079308e-19
7.19438877756 2.10425987998e-19
7.21442885772 1.56595896688e-19
7.23446893788 1.02765805377e-19
7.25450901804 4.89357140671e-20
7.2745490982 0.0
7.29458917836 0.0
7.31462925852 0.0
7.33466933868 0.0
7.35470941884 0.0
7.374749499 0.0
7.39478957916 0.0
7.41482965932 0.0
7.43486973948 0.0
7.45490981964 0.0
7.4749498998 0.0
7.49498997996 0.0
7.51503006012 0.0
7.53507014028 0.0
7.55511022044 0.0
7.5751503006 0.0
7.59519038076 0.0
7.61523046092 0.0
7.63527054108 0.0
7.65531062124 0.0
7.6753507014 0.0
7.69539078156 0.0
7.71543086172 0.0
7.73547094188 0.0
7.75551102204 0.0
7.7755511022 0.0
7.79559118236 0.0
7.81563126253 0.0
7.83567134269 0.0
7.85571142285 0.0
7.87575150301 0.0
7.89579158317 0.0
7.91583166333 0.0
7.93587174349 0.0
7.95591182365 0.0
7.97595190381 0.0
7.99599198397 0.0
8.01603206413 0.0
8.03607214429 0.0
8.05611222445 0.0
8.07615230461 0.0
8.09619238477 0.0
8.11623246493 0.0
8.13627254509 0.0
8.15631262525 0.0
8.17635270541 0.0
8.19639278557 0.0
8.21643286573 0.0
8.23647294589 0.0
8.25651302605 0.0
8.27655310621 0.0
8.29659318637 0.0
8.31663326653 0.0
8.33667334669 0.0
8.35671342685 0.0
8.37675350701 0.0
8.39679358717 0.0
8.41683366733 0.0
8.43687374749 0.0
8.45691382766 0.0
8.47695390782 0.0
8.49699398798 0.0
8.51703406814 0.0
8.5370741483 0.0
8.55711422846 0.0
8.57715430862 0.0
8.59719438878 0.0
8.61723446894 0.0
8.6372745491 0.0
8.65731462926 0.0
8.67735470942 0.0
8.69739478958 0.0
8.71743486974 0.0
8.7374749499 0.0
8.75751503006 0.0
8.77755511022 0.0
8.79759519038 0.0
8.81763527054 0.0
8.8376753507 0.0
8.85771543086 0.0
8.87775551102 0.0
8.89779559118 0.0
8.91783567134 0.0
8.9378757515 0.0
8.95791583166 0.0
8.97795591182 0.0
8.99799599198 0.0
9.01803607214 0.0
9.0380761523 0.0
9.05811623246 0.0
9.07815631263 0.0
9.09819639279 0.0
9.11823647295 0.0
9.13827655311 0.0
9.15831663327 0.0
9.17835671343 0.0
9.19839679359 0.0
9.21843687375 0.0
9.23847695391 0.0
9.25851703407 0.0
9.27855711423 0.0
9.29859719439 0.0
9.31863727455 0.0
9.33867735471 0.0
9.35871743487 0.0
9.37875751503 0.0
9.39879759519 0.0
9.41883767535 0.0
9.43887775551 0.0
9.45891783567 0.0
9.47895791583 0.0
9.49899799599 0.0
9.51903807615 0.0
9.53907815631 0.0
9.55911823647 0.0
9.57915831663 0.0
9.59919839679 0.0
9.61923847695 0.0
9.63927855711 0.0
9.65931863727 0.0
9.67935871743 0.0
9.6993987976 0.0
9.71943887776 0.0
9.73947895792 0.0
9.75951903808 0.0
9.77955911824 0.0
9.7995991984 0.0
9.81963927856 0.0
9.83967935872 0.0
9.85971943888 0.0
9.87975951904 0.0
9.8997995992 0.0
9.91983967936 0.0
9.93987975952 0.0
9.95991983968 0.0
9.97995991984 0.0
10.0 0.0
