0.0 0.0
0.0200400801603 0.0
0.0400801603206 0.0
0.060120240481 0.0
0.0801603206413 0.0
0.100200400802 0.0
0.120240480962 0.0
0.140280561122 0.0
0.160320641283 0.0
0.180360721443 0.0
0.200400801603 0.0
0.220440881764 0.0
0.240480961924 0.0
0.260521042084 0.0
0.280561122244 0.0
0.300601202405 0.0
0.320641282565 0.0
0.340681362725 0.0
0.360721442886 0.0
0.380761523046 2.68252434644e-12
0.400801603206 2.94748620409e-12
0.420841683367 3.21466578639e-12
0.440881763527 3.48353607221e-12
0.460921843687 3.75240635804e-12
0.480961923848 4.01860227331e-12
0.501002004008 4.27621361344e-12
0.521042084168 4.53382495357e-12
0.541082164329 4.79143629369e-12
0.561122244489 5.047202459e-12
0.581162324649 5.30278087297e-12
0.60120240481 5.55835928695e-12
0.62124248497 5.81018238989e-12
0.64128256513 6.05926098909e-12
0.661322645291 6.30833958828e-12
0.681362725451 6.54834973849e-12
0.701402805611 6.76084260591e-12
0.721442885772 6.97333547332e-12
0.741482965932 7.18582834073e-12
0.761523046092 7.38815805409e-12
0.781563126253 7.58957970997e-12
0.801603206413 7.79100136585e-12
0.821643286573 7.96039510041e-12
0.841683366733 8.10735603592e-12
0.861723446894 8.25431697142e-12
0.881763527054 8.38302297879e-12
0.901803607214 8.45928427341e-12
0.921843687375 8.53554556803e-12
0.941883767535 8.61180686265e-12
0.961923847695 8.65778430647e-12
0.981963927856 8.70142324297e-12
1.00200400802 8.74506217948e-12
1.02204408818 8.80315708065e-12
1.04208416834 8.87095259601e-12
1.0621242485 8.93874811137e-12
1.08216432866 9.00282155815e-12
1.10220440882 9.056756659e-12
1.12224448898 9.11069175986e-12
1.14228456914 9.16462686071e-12
1.1623246493 9.17830392688e-12
1.18236472946 9.18934979539e-12
1.20240480962 9.2003956639e-12
1.22244488978 9.20828806248e-12
1.24248496994 9.21415380491e-12
1.2625250501 9.22001954734e-12
1.28256513026 9.22807988002e-12
1.30260521042 9.24181506307e-12
1.32264529058 9.25555024612e-12
1.34268537074 9.26928542918e-12
1.3627254509 9.29876416326e-12
1.38276553106 9.32908919817e-12
1.40280561122 9.35941423309e-12
1.42284569138 9.37754305668e-12
1.44288577154 9.38816814414e-12
1.4629258517 9.3987932316e-12
1.48296593186 9.41117006063e-12
1.50300601202 9.42785212562e-12
1.52304609218 9.44453419061e-12
1.54308617234 9.46121625561e-12
1.56312625251 9.45612273245e-12
1.58316633267 9.45010587025e-12
1.60320641283 9.44408900804e-12
1.62324649299 9.43849968079e-12
1.64328657315 9.43316205553e-12
1.66332665331 9.42782443026e-12
1.68336673347 9.42788789723e-12
1.70340681363 9.44058119812e-12
1.72344689379 9.45327449901e-12
1.74348697395 9.4659677999e-12
1.76352705411 9.42191685457e-12
1.78356713427 9.37609029141e-12
1.80360721443 9.33026372826e-12
1.82364729459 9.30325002769e-12
1.84368737475 9.28682914381e-12
1.86372745491 9.27040825994e-12
1.88376753507 9.27072162403e-12
1.90380761523 9.30830282155e-12
1.92384769539 9.34588401908e-12
1.94388777555 9.38346521661e-12
1.96392785571 9.3544567299e-12
1.98396793587 9.32408881064e-12
2.00400801603 9.29372089138e-12
2.02404809619 9.26610106667e-12
2.04408817635 9.23996030096e-12
2.06412825651 9.21381953525e-12
2.08416833667 9.18817001884e-12
2.10420841683 9.16356336661e-12
2.12424849699 9.13895671439e-12
2.14428857715 9.11435006216e-12
2.16432865731 9.08490348431e-12
2.18436873747 9.0554096419e-12
2.20440881764 9.02591579948e-12
2.2244488978 8.98169669219e-12
2.24448897796 8.92990673096e-12
2.26452905812 8.87811676972e-12
2.28456913828 8.82402179793e-12
2.30460921844 8.76525863238e-12
2.3246492986 8.70649546682e-12
2.34468937876 8.64775034009e-12
2.36472945892 8.61613772475e-12
2.38476953908 8.5845251094e-12
2.40480961924 8.55291249406e-12
2.4248496994 8.51835811418e-12
2.44488977956 8.48235988651e-12
2.46492985972 8.44636165884e-12
2.48496993988 8.39643740283e-12
2.50501002004 8.31958697363e-12
2.5250501002 8.24273654443e-12
2.54509018036 8.16651628995e-12
2.56513026052 8.14695492689e-12
2.58517034068 8.12739356383e-12
2.60521042084 8.10783220076e-12
2.625250501 8.05731222426e-12
2.64529058116 7.99229780091e-12
2.66533066132 7.92728337757e-12
2.68537074148 7.8632605308e-12
2.70541082164 7.80106931356e-12
2.7254509018 7.73887809633e-12
2.74549098196 7.67706139787e-12
2.76553106212 7.63242402724e-12
2.78557114228 7.58778665661e-12
2.80561122244 7.54314928598e-12
2.82565130261 7.45919402801e-12
2.84569138277 7.35769348149e-12
2.86573146293 7.25619293496e-12
2.88577154309 7.1751933345e-12
2.90581162325 7.1303942955e-12
2.92585170341 7.0855952565e-12
2.94589178357 7.03993574903e-12
2.96593186373 6.96796768638e-12
2.98597194389 6.89599962372e-12
3.00601202405 6.82403156107e-12
3.02605210421 6.75019894097e-12
3.04609218437 6.67557399144e-12
3.06613226453 6.60094904191e-12
3.08617234469 6.52883439441e-12
3.10621242485 6.46095948088e-12
3.12625250501 6.39308456736e-12
3.14629258517 6.32563542918e-12
3.16633266533 6.26789646708e-12
3.18637274549 6.21015750497e-12
3.20641282565 6.15241854287e-12
3.22645290581 6.07541919218e-12
3.24649298597 5.99063361592e-12
3.26653306613 5.90584803967e-12
3.28657314629 5.81654319487e-12
3.30661322645 5.71993419542e-12
3.32665330661 5.62332519596e-12
3.34669338677 5.52830112073e-12
3.36673346693 5.46197230386e-12
3.38677354709 5.39564348698e-12
3.40681362725 5.32931467011e-12
3.42685370741 5.25788658669e-12
3.44689378758 5.18449951013e-12
3.46693386774 5.11111243357e-12
3.4869739479 5.03945372064e-12
3.50701402806 4.97046938203e-12
3.52705410822 4.90148504342e-12
3.54709418838 4.83176017324e-12
3.56713426854 4.75096087958e-12
3.5871743487 4.67016158592e-12
3.60721442886 4.58936229226e-12
3.62725450902 4.51364688733e-12
3.64729458918 4.43978531591e-12
3.66733466934 4.3659237445e-12
3.6873747495 4.2952986469e-12
3.70741482966 4.22946999819e-12
3.72745490982 4.16364134948e-12
3.74749498998 4.09807659269e-12
3.76753507014 4.03586225867e-12
3.7875751503 3.97364792464e-12
3.80761523046 3.91143359061e-12
3.82765531062 3.83805648742e-12
3.84769539078 3.76082076161e-12
3.86773547094 3.6835850358e-12
3.8877755511 3.61184697511e-12
3.90781563126 3.54791516347e-12
3.92785571142 3.48398335184e-12
3.94789579158 3.42062994268e-12
3.96793587174 3.36363769767e-12
3.9879759519 3.30664545266e-12
4.00801603206 3.24965320765e-12
4.02805611222 3.18565717407e-12
4.04809619238 3.11936943173e-12
4.06813627255 3.0530816894e-12
4.08817635271 2.99226176028e-12
4.10821643287 2.93888282902e-12
4.12825651303 2.88550389777e-12
4.14829659319 2.83187335497e-12
4.16833667335 2.77580867691e-12
4.18837675351 2.71974399884e-12
4.20841683367 2.66367932078e-12
4.22845691383 2.61244244919e-12
4.24849699399 2.56269857853e-12
4.26853707415 2.51295470787e-12
4.28857715431 2.46171342635e-12
4.30861723447 2.40851856626e-12
4.32865731463 2.35532370617e-12
4.34869739479 2.30283940252e-12
4.36873747495 2.2564755332e-12
4.38877755511 2.21011166389e-12
4.40881763527 2.16374779457e-12
4.42885771543 2.12132789251e-12
4.44889779559 2.08005872345e-12
4.46893787575 2.03878955438e-12
4.48897795591 1.99709443074e-12
4.50901803607 1.95486642973e-12
4.52905811623 1.91263842872e-12
4.54909819639 1.87066267154e-12
4.56913827655 1.83064046602e-12
4.58917835671 1.79061826051e-12
4.60921843687 1.750596055e-12
4.62925851703 1.71110298279e-12
4.64929859719 1.67175529053e-12
4.66933867735 1.63240759826e-12
4.68937875752 1.59550996184e-12
4.70941883768 1.56155199802e-12
4.72945891784 1.5275940342e-12
4.749498998 1.49322570174e-12
4.76953907816 1.45597664145e-12
4.78957915832 1.41872758116e-12
4.80961923848 1.38147852087e-12
4.82965931864 1.3482435076e-12
4.8496993988 1.31604481839e-12
4.86973947896 1.28384612919e-12
4.88977955912 1.25247047298e-12
4.90981963928 1.22204207374e-12
4.92985971944 1.19161367449e-12
4.9498997996 1.16165507596e-12
4.96993987976 1.13470601016e-12
4.98997995992 1.10775694436e-12
5.01002004008 1.08138969008e-12
5.03006012024 1.05556232841e-12
5.0501002004 1.02973496675e-12
5.07014028056 1.00548514577e-12
5.09018036072 9.81267847262e-13
5.11022044088 9.57050548755e-13
5.13026052104 9.32833250247e-13
5.1503006012 9.0861595174e-13
5.17034068136 8.86376795837e-13
5.19038076152 8.64265245089e-13
5.21042084168 8.42153694341e-13
5.23046092184 8.20042143593e-13
5.250501002 7.97930592846e-13
5.27054108216 7.7811817801e-13
5.29058116232 7.58564057206e-13
5.31062124248 7.39009936401e-13
5.33066132265 7.19455815596e-13
5.35070140281 6.99901694791e-13
5.37074148297 6.80989878584e-13
5.39078156313 6.62183838352e-13
5.41082164329 6.43377798119e-13
5.43086172345 6.24571757887e-13
5.45090180361 6.05765717654e-13
5.47094188377 5.89037264018e-13
5.49098196393 5.727704259e-13
5.51102204409 5.56503587782e-13
5.53106212425 5.40236749664e-13
5.55110220441 5.23969911545e-13
5.57114228457 5.08473704144e-13
5.59118236473 4.931977052e-13
5.61122244489 4.77921706257e-13
5.63126252505 4.62645707313e-13
5.65130260521 4.4736970837e-13
5.67134268537 4.33520957875e-13
5.69138276553 4.2018058743e-13
5.71142284569 4.06840216985e-13
5.73146292585 3.9349984654e-13
5.75150300601 3.80159476095e-13
5.77154308617 3.67345036792e-13
5.79158316633 3.54759276301e-13
5.81162324649 3.42173515809e-13
5.83166332665 3.29587755318e-13
5.85170340681 3.17001994827e-13
5.87174348697 3.05070179439e-13
5.89178356713 2.93480438348e-13
5.91182364729 2.81890697258e-13
5.93186372745 2.70300956168e-13
5.95190380762 2.58711215077e-13
5.97194388778 2.48349544657e-13
5.99198396794 2.3875290839e-13
6.0120240481 2.29156272123e-13
6.03206412826 2.19559635856e-13
6.05210420842 2.09962999589e-13
6.07214428858 2.00884275348e-13
6.09218436874 1.92187165771e-13
6.1122244489 1.83490056194e-13
6.13226452906 1.74792946617e-13
6.15230460922 1.6609583704e-13
6.17234468938 1.57704243546e-13
6.19238476954 1.49577806358e-13
6.2124248497 1.41451369171e-13
6.23246492986 1.33324931983e-13
6.25250501002 1.25198494795e-13
6.27254509018 1.17725883658e-13
6.29258517034 1.10920406985e-13
6.3126252505 1.04114930312e-13
6.33266533066 9.73094536383e-14
6.35270541082 9.0503976965e-14
6.37274549098 8.41564050799e-14
6.39278557114 7.83582787275e-14
6.4128256513 7.2560152375e-14
6.43286573146 6.67620260225e-14
6.45290581162 6.096389967e-14
6.47294589178 5.58554612728e-14
6.49298597194 5.17225857777e-14
6.5130260521 4.75897102826e-14
6.53306613226 4.34568347875e-14
6.55310621242 3.93239592924e-14
6.57314629259 3.56789223508e-14
6.59318637275 3.2851420308e-14
6.61322645291 3.00239182653e-14
6.63326653307 2.71964162225e-14
6.65330661323 2.43689141797e-14
6.67334669339 2.16397629603e-14
6.69338677355 1.91073281117e-14
6.71342685371 1.6574893263e-14
6.73346693387 1.40424584143e-14
6.75350701403 1.15100235656e-14
6.77354709419 9.24766772907e-15
6.79358717435 7.63726323947e-15
6.81362725451 6.02685874987e-15
6.83366733467 4.41645426028e-15
6.85370741483 2.80604977068e-15
6.87374749499 1.5317638924e-15
6.89378757515 1.2524236421e-15
6.91382765531 9.73083391788e-16
6.93386773547 6.93743141479e-16
6.95390781563 4.14402891171e-16
6.97394789579 1.88154648987e-16
6.99398797595 1.59107078352e-16
7.01402805611 1.30059507718e-16
7.03406813627 1.01011937083e-16
7.05410821643 7.19643664486e-17
7.07414829659 4.62790275109e-17
7.09418837675 3.68111097483e-17
7.11422845691 2.73431919856e-17
7.13426853707 1.78752742229e-17
7.15430861723 8.40735646017e-18
7.17434869739 1.78019588755e-19
7.19438877756 1.41756238664e-19
7.21442885772 1.05492888572e-19
7.23446893788 6.92295384812e-20
7.25450901804 3.29661883899e-20
7.2745490982 0.0
7.29458917836 0.0
7.31462925852 0.0
7.33466933868 0.0
7.35470941884 0.0
7.374749499 0.0
7.39478957916 0.0
7.41482965932 0.0
7.43486973948 0.0
7.45490981964 0.0
7.4749498998 0.0
7.49498997996 0.0
7.51503006012 0.0
7.53507014028 0.0
7.55511022044 0.0
7.5751503006 0.0
7.59519038076 0.0
7.61523046092 0.0
7.63527054108 0.0
7.65531062124 0.0
7.6753507014 0.0
7.69539078156 0.0
7.71543086172 0.0
7.73547094188 0.0
7.75551102204 0.0
7.7755511022 0.0
7.79559118236 0.0
7.81563126253 0.0
7.83567134269 0.0
7.85571142285 0.0
7.87575150301 0.0
7.89579158317 0.0
7.91583166333 0.0
7.93587174349 0.0
7.95591182365 0.0
7.97595190381 0.0
7.99599198397 0.0
8.01603206413 0.0
8.03607214429 0.0
8.05611222445 0.0
8.07615230461 0.0
8.09619238477 0.0
8.11623246493 0.0
8.13627254509 0.0
8.15631262525 0.0
8.17635270541 0.0
8.19639278557 0.0
8.21643286573 0.0
8.23647294589 0.0
8.25651302605 0.0
8.27655310621 0.0
8.29659318637 0.0
8.31663326653 0.0
8.33667334669 0.0
8.35671342685 0.0
8.37675350701 0.0
8.39679358717 0.0
8.41683366733 0.0
8.43687374749 0.0
8.45691382766 0.0
8.47695390782 0.0
8.49699398798 0.0
8.51703406814 0.0
8.5370741483 0.0
8.55711422846 0.0
8.57715430862 0.0
8.59719438878 0.0
8.61723446894 0.0
8.6372745491 0.0
8.65731462926 0.0
8.67735470942 0.0
8.69739478958 0.0
8.71743486974 0.0
8.7374749499 0.0
8.75751503006 0.0
8.77755511022 0.0
8.79759519038 0.0
8.81763527054 0.0
8.8376753507 0.0
8.85771543086 0.0
8.87775551102 0.0
8.89779559118 0.0
8.91783567134 0.0
8.9378757515 0.0
8.95791583166 0.0
8.97795591182 0.0
8.99799599198 0.0
9.01803607214 0.0
9.0380761523 0.0
9.05811623246 0.0
9.07815631263 0.0
9.09819639279 0.0
9.11823647295 0.0
9.13827655311 0.0
9.15831663327 0.0
9.17835671343 0.0
9.19839679359 0.0
9.21843687375 0.0
9.23847695391 0.0
9.25851703407 0.0
9.27855711423 0.0
9.29859719439 0.0
9.31863727455 0.0
9.33867735471 0.0
9.35871743487 0.0
9.37875751503 0.0
9.39879759519 0.0
9.41883767535 0.0
9.43887775551 0.0
9.45891783567 0.0
9.47895791583 0.0
9.49899799599 0.0
9.51903807615 0.0
9.53907815631 0.0
9.55911823647 0.0
9.57915831663 0.0
9.59919839679 0.0
9.61923847695 0.0
9.63927855711 0.0
9.65931863727 0.0
9.67935871743 0.0
9.6993987976 0.0
9.71943887776 0.0
9.73947895792 0.0
9.75951903808 0.0
9.77955911824 0.0
9.7995991984 0.0
9.81963927856 0.0
9.83967935872 0.0
9.85971943888 0.0
9.87975951904 0.0
9.8997995992 0.0
9.91983967936 0.0
9.93987975952 0.0
9.95991983968 0.0
9.97995991984 0.0
10.0 0.0
