0.0 0.0
0.0200400801603 0.0
0.0400801603206 0.0
0.060120240481 0.0
0.0801603206413 0.0
0.100200400802 0.0
0.120240480962 0.0
0.140280561122 0.0
0.160320641283 0.0
0.180360721443 0.0
0.200400801603 0.0
0.220440881764 0.0
0.240480961924 7.42707758058e-11
0.260521042084 2.54076461054e-12
0.280561122244 3.10112470849e-12
0.300601202405 3.65495998035e-12
0.320641282565 4.27837488034e-12
0.340681362725 5.00838002296e-12
0.360721442886 5.63778725333e-12
0.380761523046 6.25568176095e-12
0.400801603206 6.87357626856e-12
0.420841683367 7.496642539e-12
0.440881763527 8.12365155211e-12
0.460921843687 8.75066056521e-12
0.480961923848 9.37143291131e-12
0.501002004008 9.97218591621e-12
0.521042084168 1.05729389211e-11
0.541082164329 1.1173691926e-11
0.561122244489 1.17701419592e-11
0.581162324649 1.23661541538e-11
0.60120240481 1.29621663484e-11
0.62124248497 1.35494211087e-11
0.64128256513 1.41302756504e-11
0.661322645291 1.47111301922e-11
0.681362725451 1.52708369927e-11
0.701402805611 1.57663731308e-11
0.721442885772 1.62619092689e-11
0.741482965932 1.6757445407e-11
0.761523046092 1.72292809373e-11
0.781563126253 1.76989988657e-11
0.801603206413 1.81687167941e-11
0.821643286573 1.85637451923e-11
0.841683366733 1.89064600106e-11
0.861723446894 1.92491748288e-11
0.881763527054 1.95493189165e-11
0.901803607214 1.97271612502e-11
0.921843687375 1.99050035838e-11
0.941883767535 2.00828459175e-11
0.961923847695 2.01900659161e-11
0.981963927856 2.02918324851e-11
1.00200400802 2.03935990542e-11
1.02204408818 2.05290771214e-11
1.04208416834 2.06871771474e-11
1.0621242485 2.08452771734e-11
1.08216432866 2.09946972869e-11
1.10220440882 2.11204746455e-11
1.12224448898 2.12462520041e-11
1.14228456914 2.13720293627e-11
1.1623246493 2.14039244594e-11
1.18236472946 2.14296835688e-11
1.20240480962 2.14554426782e-11
1.22244488978 2.14738478547e-11
1.24248496994 2.14875268425e-11
1.2625250501 2.15012058304e-11
1.28256513026 2.15200026313e-11
1.30260521042 2.15520332573e-11
1.32264529058 2.15840638833e-11
1.34268537074 2.16160945093e-11
1.3627254509 2.16848393017e-11
1.38276553106 2.17555576786e-11
1.40280561122 2.18262760555e-11
1.42284569138 2.18685527085e-11
1.44288577154 2.18933305511e-11
1.4629258517 2.19181083936e-11
1.48296593186 2.19469713203e-11
1.50300601202 2.19858741134e-11
1.52304609218 2.20247769066e-11
1.54308617234 2.20636796997e-11
1.56312625251 2.20518015373e-11
1.58316633267 2.20377701361e-11
1.60320641283 2.2023738735e-11
1.62324649299 2.2010704351e-11
1.64328657315 2.19982569392e-11
1.66332665331 2.19858095275e-11
1.68336673347 2.19859575333e-11
1.70340681363 2.20155584765e-11
1.72344689379 2.20451594197e-11
1.74348697395 2.20747603629e-11
1.76352705411 2.19720329839e-11
1.78356713427 2.1865164841e-11
1.80360721443 2.17582966981e-11
1.82364729459 2.1695300396e-11
1.84368737475 2.16570066807e-11
1.86372745491 2.16187129653e-11
1.88376753507 2.16194437344e-11
1.90380761523 2.17070835772e-11
1.92384769539 2.179472342e-11
1.94388777555 2.18823632627e-11
1.96392785571 2.18147150934e-11
1.98396793587 2.17438967096e-11
2.00400801603 2.16730783259e-11
2.02404809619 2.16086685344e-11
2.04408817635 2.15477079279e-11
2.06412825651 2.14867473213e-11
2.08416833667 2.14269323145e-11
2.10420841683 2.13695492806e-11
2.12424849699 2.13121662467e-11
2.14428857715 2.12547832128e-11
2.16432865731 2.11861134092e-11
2.18436873747 2.11173333841e-11
2.20440881764 2.10485533589e-11
2.2244488978 2.0945433824e-11
2.24448897796 2.0824658959e-11
2.26452905812 2.07038840939e-11
2.28456913828 2.05777339142e-11
2.30460921844 2.04406974458e-11
2.3246492986 2.03036609773e-11
2.34468937876 2.01666665756e-11
2.36472945892 2.00929455444e-11
2.38476953908 2.00192245131e-11
2.40480961924 1.99455034818e-11
2.4248496994 1.98649222173e-11
2.44488977956 1.97809738809e-11
2.46492985972 1.96970255445e-11
2.48496993988 1.95806015283e-11
2.50501002004 1.94013853252e-11
2.5250501002 1.9222169122e-11
2.54509018036 1.90444224945e-11
2.56513026052 1.89988051407e-11
2.58517034068 1.8953187787e-11
2.60521042084 1.89075704332e-11
2.625250501 1.87897571891e-11
2.64529058116 1.8638142706e-11
2.66533066132 1.84865282228e-11
2.68537074148 1.83372261092e-11
2.70541082164 1.81921953795e-11
2.7254509018 1.80471646498e-11
2.74549098196 1.79030073028e-11
2.76553106212 1.77989123723e-11
2.78557114228 1.76948174419e-11
2.80561122244 1.75907225114e-11
2.82565130261 1.73949377549e-11
2.84569138277 1.71582371567e-11
2.86573146293 1.69215365584e-11
2.88577154309 1.67326444337e-11
2.90581162325 1.66281724905e-11
2.92585170341 1.65237005473e-11
2.94589178357 1.64172219804e-11
2.96593186373 1.62493915197e-11
2.98597194389 1.6081561059e-11
3.00601202405 1.59137305983e-11
3.02605210421 1.57415519653e-11
3.04609218437 1.55675256098e-11
3.06613226453 1.53934992542e-11
3.08617234469 1.52253269557e-11
3.10621242485 1.50670417722e-11
3.12625250501 1.49087565886e-11
3.14629258517 1.47514643187e-11
3.16633266533 1.46168163061e-11
3.18637274549 1.44821682934e-11
3.20641282565 1.43475202808e-11
3.22645290581 1.41679567908e-11
3.24649298597 1.39702357212e-11
3.26653306613 1.37725146516e-11
3.28657314629 1.35642545888e-11
3.30661322645 1.33389611421e-11
3.32665330661 1.31136676955e-11
3.34669338677 1.28920703127e-11
3.36673346693 1.27373906467e-11
3.38677354709 1.25827109807e-11
3.40681362725 1.24280313147e-11
3.42685370741 1.22614600927e-11
3.44689378758 1.2090320473e-11
3.46693386774 1.19191808534e-11
3.4869739479 1.17520718003e-11
3.50701402806 1.15911994229e-11
3.52705410822 1.14303270456e-11
3.54709418838 1.1267727739e-11
3.56713426854 1.10793027324e-11
3.5871743487 1.08908777258e-11
3.60721442886 1.07024527193e-11
3.62725450902 1.05258834075e-11
3.64729458918 1.03536372597e-11
3.66733466934 1.01813911118e-11
3.6873747495 1.00166924631e-11
3.70741482966 9.86317919583e-12
3.72745490982 9.70966592851e-12
3.74749498998 9.5567680606e-12
3.76753507014 9.41168342226e-12
3.7875751503 9.26659878392e-12
3.80761523046 9.12151414558e-12
3.82765531062 8.95039778395e-12
3.84769539078 8.77028306407e-12
3.86773547094 8.5901683442e-12
3.8877755511 8.42287425107e-12
3.90781563126 8.27378443255e-12
3.92785571142 8.12469461402e-12
3.94789579158 7.97695363763e-12
3.96793587174 7.84404697898e-12
3.9879759519 7.71114032033e-12
4.00801603206 7.57823366169e-12
4.02805611222 7.42899407674e-12
4.04809619238 7.2744101971e-12
4.06813627255 7.11982631746e-12
4.08817635271 6.97799344956e-12
4.10821643287 6.85351308571e-12
4.12825651303 6.72903272186e-12
4.14829659319 6.60396559661e-12
4.16833667335 6.47322203618e-12
4.18837675351 6.34247847575e-12
4.20841683367 6.21173491532e-12
4.22845691383 6.09224986256e-12
4.24849699399 5.97624650742e-12
4.26853707415 5.86024315228e-12
4.28857715431 5.74074781551e-12
4.30861723447 5.61669670803e-12
4.32865731463 5.49264560054e-12
4.34869739479 5.37025151993e-12
4.36873747495 5.26213037201e-12
4.38877755511 5.15400922409e-12
4.40881763527 5.04588807618e-12
4.42885771543 4.94696431135e-12
4.44889779559 4.85072407086e-12
4.46893787575 4.75448383037e-12
4.48897795591 4.65725025826e-12
4.50901803607 4.55877400917e-12
4.52905811623 4.46029776008e-12
4.54909819639 4.3624097469e-12
4.56913827655 4.26907744168e-12
4.58917835671 4.17574513646e-12
4.60921843687 4.08241283124e-12
4.62925851703 3.99031447178e-12
4.64929859719 3.89855514026e-12
4.66933867735 3.80679580874e-12
4.68937875752 3.72075003938e-12
4.70941883768 3.64155962488e-12
4.72945891784 3.56236921038e-12
4.749498998 3.48222181086e-12
4.76953907816 3.39535651647e-12
4.78957915832 3.30849122208e-12
4.80961923848 3.22162592769e-12
4.82965931864 3.14412144329e-12
4.8496993988 3.06903368014e-12
4.86973947896 2.99394591698e-12
4.88977955912 2.9207774775e-12
4.90981963928 2.84981805362e-12
4.92985971944 2.77885862975e-12
4.9498997996 2.70899478726e-12
4.96993987976 2.64614921434e-12
4.98997995992 2.58330364143e-12
5.01002004008 2.52181486058e-12
5.03006012024 2.46158511633e-12
5.0501002004 2.40135537209e-12
5.07014028056 2.3448044733e-12
5.09018036072 2.28832941735e-12
5.11022044088 2.23185436139e-12
5.13026052104 2.17537930543e-12
5.1503006012 2.11890424948e-12
5.17034068136 2.06704224787e-12
5.19038076152 2.01547782315e-12
5.21042084168 1.96391339843e-12
5.23046092184 1.91234897371e-12
5.250501002 1.86078454899e-12
5.27054108216 1.81458173921e-12
5.29058116232 1.76898127447e-12
5.31062124248 1.72338080973e-12
5.33066132265 1.67778034499e-12
5.35070140281 1.63217988026e-12
5.37074148297 1.58807727822e-12
5.39078156313 1.54422134713e-12
5.41082164329 1.50036541604e-12
5.43086172345 1.45650948495e-12
5.45090180361 1.41265355387e-12
5.47094188377 1.37364258182e-12
5.49098196393 1.33570810318e-12
5.51102204409 1.29777362453e-12
5.53106212425 1.25983914589e-12
5.55110220441 1.22190466725e-12
5.57114228457 1.18576730949e-12
5.59118236473 1.15014348073e-12
5.61122244489 1.11451965197e-12
5.63126252505 1.0788958232e-12
5.65130260521 1.04327199444e-12
5.67134268537 1.01097652767e-12
5.69138276553 9.79866609812e-13
5.71142284569 9.48756691951e-13
5.73146292585 9.17646774091e-13
5.75150300601 8.8653685623e-13
5.77154308617 8.56653416652e-13
5.79158316633 8.27303259045e-13
5.81162324649 7.97953101438e-13
5.83166332665 7.68602943831e-13
5.85170340681 7.39252786224e-13
5.87174348697 7.11427637126e-13
5.89178356713 6.84400209752e-13
5.91182364729 6.57372782378e-13
5.93186372745 6.30345355003e-13
5.95190380762 6.03317927629e-13
5.97194388778 5.79154377075e-13
5.99198396794 5.56774896142e-13
6.0120240481 5.34395415209e-13
6.03206412826 5.12015934276e-13
6.05210420842 4.89636453343e-13
6.07214428858 4.68464750011e-13
6.09218436874 4.48182977051e-13
6.1122244489 4.27901204091e-13
6.13226452906 4.07619431131e-13
6.15230460922 3.87337658171e-13
6.17234468938 3.67768352702e-13
6.19238476954 3.48817395197e-13
6.2124248497 3.29866437691e-13
6.23246492986 3.10915480186e-13
6.25250501002 2.91964522681e-13
6.27254509018 2.74538296052e-13
6.29258517034 2.58667835694e-13
6.3126252505 2.42797375336e-13
6.33266533066 2.26926914978e-13
6.35270541082 2.1105645462e-13
6.37274549098 1.962538342e-13
6.39278557114 1.82732527928e-13
6.4128256513 1.69211221656e-13
6.43286573146 1.55689915384e-13
6.45290581162 1.42168609112e-13
6.47294589178 1.30255664146e-13
6.49298597194 1.20617744591e-13
6.5130260521 1.10979825036e-13
6.53306613226 1.01341905481e-13
6.55310621242 9.17039859265e-14
6.57314629259 8.32037122407e-14
6.59318637275 7.66099406011e-14
6.61322645291 7.00161689616e-14
6.63326653307 6.3422397322e-14
6.65330661323 5.68286256824e-14
6.67334669339 5.04642094457e-14
6.69338677355 4.4558538351e-14
6.71342685371 3.86528672563e-14
6.73346693387 3.27471961616e-14
6.75350701403 2.68415250669e-14
6.77354709419 2.15656817507e-14
6.79358717435 1.78101974784e-14
6.81362725451 1.4054713206e-14
6.83366733467 1.02992289336e-14
6.85370741483 6.54374466126e-15
6.87374749499 3.5720933741e-15
6.89378757515 2.92066826727e-15
6.91382765531 2.26924316044e-15
6.93386773547 1.61781805361e-15
6.95390781563 9.66392946785e-16
6.97394789579 4.3877909532e-16
6.99398797595 3.71039781766e-16
7.01402805611 3.03300468213e-16
7.03406813627 2.35561154659e-16
7.05410821643 1.67821841106e-16
7.07414829659 1.07923295719e-16
7.09418837675 8.58439880173e-17
7.11422845691 6.37646803157e-17
7.13426853707 4.16853726141e-17
7.15430861723 1.96060649125e-17
7.17434869739 4.15144002679e-19
7.19438877756 3.30577397325e-19
7.21442885772 2.46010791972e-19
7.23446893788 1.61444186618e-19
7.25450901804 7.68775812649e-20
7.2745490982 0.0
7.29458917836 0.0
7.31462925852 0.0
7.33466933868 0.0
7.35470941884 0.0
7.374749499 0.0
7.39478957916 0.0
7.41482965932 0.0
7.43486973948 0.0
7.45490981964 0.0
7.4749498998 0.0
7.49498997996 0.0
7.51503006012 0.0
7.53507014028 0.0
7.55511022044 0.0
7.5751503006 0.0
7.59519038076 0.0
7.61523046092 0.0
7.63527054108 0.0
7.65531062124 0.0
7.6753507014 0.0
7.69539078156 0.0
7.71543086172 0.0
7.73547094188 0.0
7.75551102204 0.0
7.7755511022 0.0
7.79559118236 0.0
7.81563126253 0.0
7.83567134269 0.0
7.85571142285 0.0
7.87575150301 0.0
7.89579158317 0.0
7.91583166333 0.0
7.93587174349 0.0
7.95591182365 0.0
7.97595190381 0.0
7.99599198397 0.0
8.01603206413 0.0
8.03607214429 0.0
8.05611222445 0.0
8.07615230461 0.0
8.09619238477 0.0
8.11623246493 0.0
8.13627254509 0.0
8.15631262525 0.0
8.17635270541 0.0
8.19639278557 0.0
8.21643286573 0.0
8.23647294589 0.0
8.25651302605 0.0
8.27655310621 0.0
8.29659318637 0.0
8.31663326653 0.0
8.33667334669 0.0
8.35671342685 0.0
8.37675350701 0.0
8.39679358717 0.0
8.41683366733 0.0
8.43687374749 0.0
8.45691382766 0.0
8.47695390782 0.0
8.49699398798 0.0
8.51703406814 0.0
8.5370741483 0.0
8.55711422846 0.0
8.57715430862 0.0
8.59719438878 0.0
8.61723446894 0.0
8.6372745491 0.0
8.65731462926 0.0
8.67735470942 0.0
8.69739478958 0.0
8.71743486974 0.0
8.7374749499 0.0
8.75751503006 0.0
8.77755511022 0.0
8.79759519038 0.0
8.81763527054 0.0
8.8376753507 0.0
8.85771543086 0.0
8.87775551102 0.0
8.89779559118 0.0
8.91783567134 0.0
8.9378757515 0.0
8.95791583166 0.0
8.97795591182 0.0
8.99799599198 0.0
9.01803607214 0.0
9.0380761523 0.0
9.05811623246 0.0
9.07815631263 0.0
9.09819639279 0.0
9.11823647295 0.0
9.13827655311 0.0
9.15831663327 0.0
9.17835671343 0.0
9.19839679359 0.0
9.21843687375 0.0
9.23847695391 0.0
9.25851703407 0.0
9.27855711423 0.0
9.29859719439 0.0
9.31863727455 0.0
9.33867735471 0.0
9.35871743487 0.0
9.37875751503 0.0
9.39879759519 0.0
9.41883767535 0.0
9.43887775551 0.0
9.45891783567 0.0
9.47895791583 0.0
9.49899799599 0.0
9.51903807615 0.0
9.53907815631 0.0
9.55911823647 0.0
9.57915831663 0.0
9.59919839679 0.0
9.61923847695 0.0
9.63927855711 0.0
9.65931863727 0.0
9.67935871743 0.0
9.6993987976 0.0
9.71943887776 0.0
9.73947895792 0.0
9.75951903808 0.0
9.77955911824 0.0
9.7995991984 0.0
9.81963927856 0.0
9.83967935872 0.0
9.85971943888 0.0
9.87975951904 0.0
9.8997995992 0.0
9.91983967936 0.0
9.93987975952 0.0
9.95991983968 0.0
9.97995991984 0.0
10.0 0.0
