0.0 0.0
0.0200400801603 0.0
0.0400801603206 0.0
0.060120240481 0.0
0.0801603206413 0.0
0.100200400802 0.0
0.120240480962 0.0
0.140280561122 0.0
0.160320641283 0.0
0.180360721443 0.0
0.200400801603 0.0
0.220440881764 0.0
0.240480961924 0.0
0.260521042084 0.0
0.280561122244 0.0
0.300601202405 0.0
0.320641282565 0.0
0.340681362725 0.0
0.360721442886 3.93407997134e-12
0.380761523046 4.36525026876e-12
0.400801603206 4.79642056618e-12
0.420841683367 5.23119974908e-12
0.440881763527 5.6687302002e-12
0.460921843687 6.10626065133e-12
0.480961923848 6.5394391208e-12
0.501002004008 6.95864798025e-12
0.521042084168 7.3778568397e-12
0.541082164329 7.79706569915e-12
0.561122244489 8.21327192047e-12
0.581162324649 8.62917261557e-12
0.60120240481 9.04507331066e-12
0.62124248497 9.45486301835e-12
0.64128256513 9.86018661719e-12
0.661322645291 1.0265510216e-11
0.681362725451 1.06560768009e-11
0.701402805611 1.1001864733e-11
0.721442885772 1.13476526651e-11
0.741482965932 1.16934405972e-11
0.761523046092 1.20226901105e-11
0.781563126253 1.23504619493e-11
0.801603206413 1.2678233788e-11
0.821643286573 1.29538868483e-11
0.841683366733 1.31930351952e-11
0.861723446894 1.34321835422e-11
0.881763527054 1.36416257917e-11
0.901803607214 1.37657251823e-11
0.921843687375 1.3889824573e-11
0.941883767535 1.40139239636e-11
0.961923847695 1.40887426877e-11
0.981963927856 1.41597559777e-11
1.00200400802 1.42307692677e-11
1.02204408818 1.43253066326e-11
1.04208416834 1.44356297288e-11
1.0621242485 1.45459528251e-11
1.08216432866 1.46502190291e-11
1.10220440882 1.47379871844e-11
1.12224448898 1.48257553398e-11
1.14228456914 1.49135234951e-11
1.1623246493 1.49357800747e-11
1.18236472946 1.49537549276e-11
1.20240480962 1.49717297805e-11
1.22244488978 1.49845730171e-11
1.24248496994 1.49941182926e-11
1.2625250501 1.5003663568e-11
1.28256513026 1.50167800825e-11
1.30260521042 1.50391312352e-11
1.32264529058 1.5061482388e-11
1.34268537074 1.50838335408e-11
1.3627254509 1.51318040474e-11
1.38276553106 1.51811517325e-11
1.40280561122 1.52304994177e-11
1.42284569138 1.52600003063e-11
1.44288577154 1.52772904256e-11
1.4629258517 1.52945805449e-11
1.48296593186 1.53147212591e-11
1.50300601202 1.53418678491e-11
1.52304609218 1.53690144392e-11
1.54308617234 1.53961610292e-11
1.56312625251 1.538787238e-11
1.58316633267 1.53780811886e-11
1.60320641283 1.53682899971e-11
1.62324649299 1.53591945299e-11
1.64328657315 1.53505086553e-11
1.66332665331 1.53418227807e-11
1.68336673347 1.534192606e-11
1.70340681363 1.53625817663e-11
1.72344689379 1.53832374726e-11
1.74348697395 1.5403893179e-11
1.76352705411 1.53322094303e-11
1.78356713427 1.52576362331e-11
1.80360721443 1.51830630359e-11
1.82364729459 1.51391038585e-11
1.84368737475 1.51123822864e-11
1.86372745491 1.50856607143e-11
1.88376753507 1.50861706491e-11
1.90380761523 1.51473262292e-11
1.92384769539 1.52084818094e-11
1.94388777555 1.52696373895e-11
1.96392785571 1.52224321127e-11
1.98396793587 1.51730146422e-11
2.00400801603 1.51235971717e-11
2.02404809619 1.50786516533e-11
2.04408817635 1.50361129958e-11
2.06412825651 1.49935743382e-11
2.08416833667 1.49518350867e-11
2.10420841683 1.49117928797e-11
2.12424849699 1.48717506727e-11
2.14428857715 1.48317084656e-11
2.16432865731 1.47837902866e-11
2.18436873747 1.47357951943e-11
2.20440881764 1.46878001021e-11
2.2244488978 1.46158427048e-11
2.24448897796 1.45315653179e-11
2.26452905812 1.4447287931e-11
2.28456913828 1.4359259619e-11
2.30460921844 1.42636347929e-11
2.3246492986 1.41680099668e-11
2.34468937876 1.40724144951e-11
2.36472945892 1.40209715407e-11
2.38476953908 1.39695285863e-11
2.40480961924 1.39180856319e-11
2.4248496994 1.38618555677e-11
2.44488977956 1.38032759417e-11
2.46492985972 1.37446963157e-11
2.48496993988 1.36634549759e-11
2.50501002004 1.35383968913e-11
2.5250501002 1.34133388066e-11
2.54509018036 1.32893062003e-11
2.56513026052 1.32574741517e-11
2.58517034068 1.32256421031e-11
2.60521042084 1.31938100545e-11
2.625250501 1.31115993035e-11
2.64529058116 1.30058018559e-11
2.66533066132 1.29000044083e-11
2.68537074148 1.27958205453e-11
2.70541082164 1.26946172782e-11
2.7254509018 1.25934140112e-11
2.74549098196 1.24928201956e-11
2.76553106212 1.24201821618e-11
2.78557114228 1.2347544128e-11
2.80561122244 1.22749060942e-11
2.82565130261 1.21382863789e-11
2.84569138277 1.19731153568e-11
2.86573146293 1.18079443348e-11
2.88577154309 1.16761343372e-11
2.90581162325 1.16032332217e-11
2.92585170341 1.15303321063e-11
2.94589178357 1.14560307575e-11
2.96593186373 1.13389177086e-11
2.98597194389 1.12218046598e-11
3.00601202405 1.11046916109e-11
3.02605210421 1.09845443827e-11
3.04609218437 1.08631078032e-11
3.06613226453 1.07416712238e-11
3.08617234469 1.06243196386e-11
3.10621242485 1.05138673383e-11
3.12625250501 1.04034150381e-11
3.14629258517 1.02936555987e-11
3.16633266533 1.01996974505e-11
3.18637274549 1.01057393024e-11
3.20641282565 1.00117811543e-11
3.22645290581 9.88648073097e-12
3.24649298597 9.74850984544e-12
3.26653306613 9.61053895991e-12
3.28657314629 9.46521390507e-12
3.30661322645 9.30800285818e-12
3.32665330661 9.15079181128e-12
3.34669338677 8.9961598988e-12
3.36673346693 8.8882235492e-12
3.38677354709 8.7802871996e-12
3.40681362725 8.67235084999e-12
3.42685370741 8.556116505e-12
3.44689378758 8.43669430624e-12
3.46693386774 8.31727210747e-12
3.4869739479 8.20066246094e-12
3.50701402806 8.08840480219e-12
3.52705410822 7.97614714344e-12
3.54709418838 7.86268442363e-12
3.56713426854 7.73120038368e-12
3.5871743487 7.59971634372e-12
3.60721442886 7.46823230376e-12
3.62725450902 7.34502123498e-12
3.64729458918 7.22482689457e-12
3.66733466934 7.10463255416e-12
3.6873747495 6.98970490152e-12
3.70741482966 6.88258247154e-12
3.72745490982 6.77546004156e-12
3.74749498998 6.66876704078e-12
3.76753507014 6.56752615598e-12
3.7875751503 6.46628527118e-12
3.80761523046 6.36504438638e-12
3.82765531062 6.24563841719e-12
3.84769539078 6.11995334251e-12
3.86773547094 5.99426826782e-12
3.8877755511 5.87752949931e-12
3.90781563126 5.77349377702e-12
3.92785571142 5.66945805473e-12
3.94789579158 5.56636356215e-12
3.96793587174 5.47362054076e-12
3.9879759519 5.38087751937e-12
4.00801603206 5.28813449797e-12
4.02805611222 5.18399426783e-12
4.04809619238 5.07612475849e-12
4.06813627255 4.96825524915e-12
4.08817635271 4.86928346823e-12
4.10821643287 4.78242036321e-12
4.12825651303 4.6955572582e-12
4.14829659319 4.60828470775e-12
4.16833667335 4.51705110858e-12
4.18837675351 4.42581750941e-12
4.20841683367 4.33458391024e-12
4.22845691383 4.25120656167e-12
4.24849699399 4.17025876149e-12
4.26853707415 4.08931096131e-12
4.28857715431 4.00592643651e-12
4.30861723447 3.91936286902e-12
4.32865731463 3.83279930153e-12
4.34869739479 3.74739201681e-12
4.36873747495 3.6719444656e-12
4.38877755511 3.59649691439e-12
4.40881763527 3.52104936319e-12
4.42885771543 3.45201979814e-12
4.44889779559 3.38486281163e-12
4.46893787575 3.31770582511e-12
4.48897795591 3.24985568615e-12
4.50901803607 3.18113840013e-12
4.52905811623 3.11242111411e-12
4.54909819639 3.04411430245e-12
4.56913827655 2.97898648969e-12
4.58917835671 2.91385867692e-12
4.60921843687 2.84873086416e-12
4.62925851703 2.78446410576e-12
4.64929859719 2.72043392297e-12
4.66933867735 2.65640374019e-12
4.68937875752 2.59636051354e-12
4.70941883768 2.54110099246e-12
4.72945891784 2.48584147137e-12
4.749498998 2.4299141607e-12
4.76953907816 2.36929906483e-12
4.78957915832 2.30868396896e-12
4.80961923848 2.24806887309e-12
4.82965931864 2.1939858036e-12
4.8496993988 2.14158913592e-12
4.86973947896 2.08919246825e-12
4.88977955912 2.03813511554e-12
4.90981963928 1.98861922647e-12
4.92985971944 1.9391033374e-12
4.9498997996 1.89035195124e-12
4.96993987976 1.84649795346e-12
4.98997995992 1.80264395569e-12
5.01002004008 1.75973673511e-12
5.03006012024 1.71770807744e-12
5.0501002004 1.67567941976e-12
5.07014028056 1.63621788135e-12
5.09018036072 1.59680926649e-12
5.11022044088 1.55740065163e-12
5.13026052104 1.51799203677e-12
5.1503006012 1.47858342191e-12
5.17034068136 1.44239382259e-12
5.19038076152 1.4064118741e-12
5.21042084168 1.37042992562e-12
5.23046092184 1.33444797713e-12
5.250501002 1.29846602865e-12
5.27054108216 1.26622544552e-12
5.29058116232 1.23440518218e-12
5.31062124248 1.20258491885e-12
5.33066132265 1.17076465552e-12
5.35070140281 1.13894439219e-12
5.37074148297 1.10816934596e-12
5.39078156313 1.07756642812e-12
5.41082164329 1.04696351028e-12
5.43086172345 1.01636059244e-12
5.45090180361 9.85757674595e-13
5.47094188377 9.58535596693e-13
5.49098196393 9.32064702008e-13
5.51102204409 9.05593807322e-13
5.53106212425 8.79122912636e-13
5.55110220441 8.5265201795e-13
5.57114228457 8.27435164424e-13
5.59118236473 8.02576654349e-13
5.61122244489 7.77718144273e-13
5.63126252505 7.52859634198e-13
5.65130260521 7.28001124122e-13
5.67134268537 7.05465163955e-13
5.69138276553 6.83756486549e-13
5.71142284569 6.62047809143e-13
5.73146292585 6.40339131737e-13
5.75150300601 6.18630454331e-13
5.77154308617 5.97777620438e-13
5.79158316633 5.77296913733e-13
5.81162324649 5.56816207029e-13
5.83166332665 5.36335500324e-13
5.85170340681 5.1585479362e-13
5.87174348697 4.96438246516e-13
5.89178356713 4.77578354163e-13
5.91182364729 4.58718461809e-13
5.93186372745 4.39858569456e-13
5.95190380762 4.20998677102e-13
5.97194388778 4.04137214262e-13
5.99198396794 3.88520685338e-13
6.0120240481 3.72904156415e-13
6.03206412826 3.57287627491e-13
6.05210420842 3.41671098567e-13
6.07214428858 3.26897363715e-13
6.09218436874 3.12744627331e-13
6.1122244489 2.98591890947e-13
6.13226452906 2.84439154563e-13
6.15230460922 2.70286418179e-13
6.17234468938 2.56630845657e-13
6.19238476954 2.43406759857e-13
6.2124248497 2.30182674057e-13
6.23246492986 2.16958588257e-13
6.25250501002 2.03734502458e-13
6.27254509018 1.91574382525e-13
6.29258517034 1.80499885134e-13
6.3126252505 1.69425387742e-13
6.33266533066 1.58350890351e-13
6.35270541082 1.47276392959e-13
6.37274549098 1.36947040343e-13
6.39278557114 1.27511796017e-13
6.4128256513 1.18076551691e-13
6.43286573146 1.08641307366e-13
6.45290581162 9.92060630398e-14
6.47294589178 9.08931423701e-14
6.49298597194 8.41677473557e-14
6.5130260521 7.74423523413e-14
6.53306613226 7.07169573268e-14
6.55310621242 6.39915623124e-14
6.57314629259 5.80600230479e-14
6.59318637275 5.34588517412e-14
6.61322645291 4.88576804346e-14
6.63326653307 4.4256509128e-14
6.65330661323 3.96553378214e-14
6.67334669339 3.52142120178e-14
6.69338677355 3.10932011802e-14
6.71342685371 2.69721903426e-14
6.73346693387 2.2851179505e-14
6.75350701403 1.87301686674e-14
6.77354709419 1.50486552315e-14
6.79358717435 1.24280569729e-14
6.81362725451 9.80745871423e-15
6.83366733467 7.1868604556e-15
6.85370741483 4.56626219697e-15
6.87374749499 2.49262704805e-15
6.89378757515 2.03805890802e-15
6.91382765531 1.583490768e-15
6.93386773547 1.12892262797e-15
6.95390781563 6.7435448795e-16
6.97394789579 3.06182545239e-16
6.99398797595 2.58913667442e-16
7.01402805611 2.11644789645e-16
7.03406813627 1.64375911848e-16
7.05410821643 1.17107034051e-16
7.07414829659 7.53094888208e-17
7.09418837675 5.99024224831e-17
7.11422845691 4.44953561454e-17
7.13426853707 2.90882898077e-17
7.15430861723 1.368122347e-17
7.17434869739 2.89689843333e-19
7.19438877756 2.30678785729e-19
7.21442885772 1.71667728125e-19
7.23446893788 1.12656670521e-19
7.25450901804 5.36456129168e-20
7.2745490982 0.0
7.29458917836 0.0
7.31462925852 0.0
7.33466933868 0.0
7.35470941884 0.0
7.374749499 0.0
7.39478957916 0.0
7.41482965932 0.0
7.43486973948 0.0
7.45490981964 0.0
7.4749498998 0.0
7.49498997996 0.0
7.51503006012 0.0
7.53507014028 0.0
7.55511022044 0.0
7.5751503006 0.0
7.59519038076 0.0
7.61523046092 0.0
7.63527054108 0.0
7.65531062124 0.0
7.6753507014 0.0
7.69539078156 0.0
7.71543086172 0.0
7.73547094188 0.0
7.75551102204 0.0
7.7755511022 0.0
7.79559118236 0.0
7.81563126253 0.0
7.83567134269 0.0
7.85571142285 0.0
7.87575150301 0.0
7.89579158317 0.0
7.91583166333 0.0
7.93587174349 0.0
7.95591182365 0.0
7.97595190381 0.0
7.99599198397 0.0
8.01603206413 0.0
8.03607214429 0.0
8.05611222445 0.0
8.07615230461 0.0
8.09619238477 0.0
8.11623246493 0.0
8.13627254509 0.0
8.15631262525 0.0
8.17635270541 0.0
8.19639278557 0.0
8.21643286573 0.0
8.23647294589 0.0
8.25651302605 0.0
8.27655310621 0.0
8.29659318637 0.0
8.31663326653 0.0
8.33667334669 0.0
8.35671342685 0.0
8.37675350701 0.0
8.39679358717 0.0
8.41683366733 0.0
8.43687374749 0.0
8.45691382766 0.0
8.47695390782 0.0
8.49699398798 0.0
8.51703406814 0.0
8.5370741483 0.0
8.55711422846 0.0
8.57715430862 0.0
8.59719438878 0.0
8.61723446894 0.0
8.6372745491 0.0
8.65731462926 0.0
8.67735470942 0.0
8.69739478958 0.0
8.71743486974 0.0
8.7374749499 0.0
8.75751503006 0.0
8.77755511022 0.0
8.79759519038 0.0
8.81763527054 0.0
8.8376753507 0.0
8.85771543086 0.0
8.87775551102 0.0
8.89779559118 0.0
8.91783567134 0.0
8.9378757515 0.0
8.95791583166 0.0
8.97795591182 0.0
8.99799599198 0.0
9.01803607214 0.0
9.0380761523 0.0
9.05811623246 0.0
9.07815631263 0.0
9.09819639279 0.0
9.11823647295 0.0
9.13827655311 0.0
9.15831663327 0.0
9.17835671343 0.0
9.19839679359 0.0
9.21843687375 0.0
9.23847695391 0.0
9.25851703407 0.0
9.27855711423 0.0
9.29859719439 0.0
9.31863727455 0.0
9.33867735471 0.0
9.35871743487 0.0
9.37875751503 0.0
9.39879759519 0.0
9.41883767535 0.0
9.43887775551 0.0
9.45891783567 0.0
9.47895791583 0.0
9.49899799599 0.0
9.51903807615 0.0
9.53907815631 0.0
9.55911823647 0.0
9.57915831663 0.0
9.59919839679 0.0
9.61923847695 0.0
9.63927855711 0.0
9.65931863727 0.0
9.67935871743 0.0
9.6993987976 0.0
9.71943887776 0.0
9.73947895792 0.0
9.75951903808 0.0
9.77955911824 0.0
9.7995991984 0.0
9.81963927856 0.0
9.83967935872 0.0
9.85971943888 0.0
9.87975951904 0.0
9.8997995992 0.0
9.91983967936 0.0
9.93987975952 0.0
9.95991983968 0.0
9.97995991984 0.0
10.0 0.0
