0.0 0.0
0.0200400801603 0.0
0.0400801603206 0.0
0.060120240481 0.0
0.0801603206413 0.0
0.100200400802 0.0
0.120240480962 0.0
0.140280561122 0.0
0.160320641283 0.0
0.180360721443 0.0
0.200400801603 0.0
0.220440881764 0.0
0.240480961924 0.0
0.260521042084 0.0
0.280561122244 0.0
0.300601202405 0.0
0.320641282565 0.0
0.340681362725 4.59883663208e-12
0.360721442886 5.1767762082e-12
0.380761523046 5.74414447566e-12
0.400801603206 6.31151274312e-12
0.420841683367 6.88362986992e-12
0.440881763527 7.45936733491e-12
0.460921843687 8.0351047999e-12
0.480961923848 8.6051155803e-12
0.501002004008 9.15674403363e-12
0.521042084168 9.70837248696e-12
0.541082164329 1.02600009403e-11
0.561122244489 1.08076782829e-11
0.581162324649 1.13549535897e-11
0.60120240481 1.19022288965e-11
0.62124248497 1.24414628787e-11
0.64128256513 1.29748199986e-11
0.661322645291 1.35081771186e-11
0.681362725451 1.40221157824e-11
0.701402805611 1.44771311235e-11
0.721442885772 1.49321464646e-11
0.741482965932 1.53871618057e-11
0.761523046092 1.58204145763e-11
0.781563126253 1.62517229047e-11
0.801603206413 1.66830312332e-11
0.821643286573 1.70457575159e-11
0.841683366733 1.73604479854e-11
0.861723446894 1.76751384548e-11
0.881763527054 1.79507392717e-11
0.901803607214 1.81140391481e-11
0.921843687375 1.82773390245e-11
0.941883767535 1.84406389009e-11
0.961923847695 1.85390913456e-11
0.981963927856 1.86325362965e-11
1.00200400802 1.87259812475e-11
1.02204408818 1.88503810525e-11
1.04208416834 1.89955529819e-11
1.0621242485 1.91407249113e-11
1.08216432866 1.92779266988e-11
1.10220440882 1.9393419038e-11
1.12224448898 1.95089113771e-11
1.14228456914 1.96244037163e-11
1.1623246493 1.9653690699e-11
1.18236472946 1.96773434441e-11
1.20240480962 1.97009961892e-11
1.22244488978 1.97178963443e-11
1.24248496994 1.97304567791e-11
1.2625250501 1.97430172138e-11
1.28256513026 1.97602769697e-11
1.30260521042 1.97896883993e-11
1.32264529058 1.98190998288e-11
1.34268537074 1.98485112584e-11
1.3627254509 1.99116346771e-11
1.38276553106 1.99765702972e-11
1.40280561122 2.00415059172e-11
1.42284569138 2.00803255395e-11
1.44288577154 2.01030772575e-11
1.4629258517 2.01258289755e-11
1.48296593186 2.01523317337e-11
1.50300601202 2.01880533821e-11
1.52304609218 2.02237750304e-11
1.54308617234 2.02594966788e-11
1.56312625251 2.02485898131e-11
1.58316633267 2.02357057825e-11
1.60320641283 2.02228217519e-11
1.62324649299 2.02108532106e-11
1.64328657315 2.0199423644e-11
1.66332665331 2.01879940774e-11
1.68336673347 2.01881299805e-11
1.70340681363 2.02153104064e-11
1.72344689379 2.02424908323e-11
1.74348697395 2.02696712582e-11
1.76352705411 2.01753440643e-11
1.78356713427 2.00772147034e-11
1.80360721443 1.99790853426e-11
1.82364729459 1.99212403507e-11
1.84368737475 1.98860779748e-11
1.86372745491 1.9850915599e-11
1.88376753507 1.98515866119e-11
1.90380761523 1.9932060002e-11
1.92384769539 2.00125333921e-11
1.94388777555 2.00930067822e-11
1.96392785571 2.00308903138e-11
1.98396793587 1.99658628646e-11
2.00400801603 1.99008354154e-11
2.02404809619 1.98416925176e-11
2.04408817635 1.97857167591e-11
2.06412825651 1.97297410006e-11
2.08416833667 1.96748171643e-11
2.10420841683 1.96221264345e-11
2.12424849699 1.95694357048e-11
2.14428857715 1.9516744975e-11
2.16432865731 1.94536904131e-11
2.18436873747 1.93905346426e-11
2.20440881764 1.93273788721e-11
2.2244488978 1.92326915895e-11
2.24448897796 1.91217926819e-11
2.26452905812 1.90108937742e-11
2.28456913828 1.88950591001e-11
2.30460921844 1.87692283269e-11
2.3246492986 1.86433975536e-11
2.34468937876 1.85176054073e-11
2.36472945892 1.84499126648e-11
2.38476953908 1.83822199223e-11
2.40480961924 1.83145271798e-11
2.4248496994 1.82405351765e-11
2.44488977956 1.81634514323e-11
2.46492985972 1.80863676881e-11
2.48496993988 1.79794638534e-11
2.50501002004 1.7814902451e-11
2.5250501002 1.76503410486e-11
2.54509018036 1.74871290523e-11
2.56513026052 1.74452419039e-11
2.58517034068 1.74033547554e-11
2.60521042084 1.73614676069e-11
2.625250501 1.72532881437e-11
2.64529058116 1.71140714237e-11
2.66533066132 1.69748547038e-11
2.68537074148 1.68377612671e-11
2.70541082164 1.67045899364e-11
2.7254509018 1.65714186057e-11
2.74549098196 1.64390492397e-11
2.76553106212 1.63434663212e-11
2.78557114228 1.62478834027e-11
2.80561122244 1.61523004843e-11
2.82565130261 1.59725253661e-11
2.84569138277 1.57551801613e-11
2.86573146293 1.55378349564e-11
2.88577154309 1.53643888484e-11
2.90581162325 1.52684597462e-11
2.92585170341 1.51725306439e-11
2.94589178357 1.50747590028e-11
2.96593186373 1.49206523122e-11
2.98597194389 1.47665456216e-11
3.00601202405 1.4612438931e-11
3.02605210421 1.44543396252e-11
3.04609218437 1.42945436881e-11
3.06613226453 1.41347477511e-11
3.08617234469 1.39803271753e-11
3.10621242485 1.3834985229e-11
3.12625250501 1.36896432827e-11
3.14629258517 1.35452130579e-11
3.16633266533 1.34215754325e-11
3.18637274549 1.32979378071e-11
3.20641282565 1.31743001818e-11
3.22645290581 1.30094198908e-11
3.24649298597 1.2827866795e-11
3.26653306613 1.26463136993e-11
3.28657314629 1.2455083401e-11
3.30661322645 1.22482125664e-11
3.32665330661 1.20413417317e-11
3.34669338677 1.18378647279e-11
3.36673346693 1.16958334701e-11
3.38677354709 1.15538022123e-11
3.40681362725 1.14117709545e-11
3.42685370741 1.12588205325e-11
3.44689378758 1.11016752782e-11
3.46693386774 1.0944530024e-11
3.4869739479 1.07910857503e-11
3.50701402806 1.06433681693e-11
3.52705410822 1.04956505882e-11
3.54709418838 1.03463472917e-11
3.56713426854 1.01733301048e-11
3.5871743487 1.00003129178e-11
3.60721442886 9.82729573091e-12
3.62725450902 9.66516477932e-12
3.64729458918 9.50700347951e-12
3.66733466934 9.3488421797e-12
3.6873747495 9.19761120773e-12
3.70741482966 9.05665097029e-12
3.72745490982 8.91569073285e-12
3.74749498998 8.7752955726e-12
3.76753507014 8.64207474141e-12
3.7875751503 8.50885391023e-12
3.80761523046 8.37563307904e-12
3.82765531062 8.21850918098e-12
3.84769539078 8.05312273507e-12
3.86773547094 7.88773628917e-12
3.8877755511 7.73412210648e-12
3.90781563126 7.59722360522e-12
3.92785571142 7.46032510395e-12
3.94789579158 7.3246651478e-12
3.96793587174 7.20262648308e-12
3.9879759519 7.08058781836e-12
4.00801603206 6.95854915363e-12
4.02805611222 6.82151313259e-12
4.04809619238 6.67956982854e-12
4.06813627255 6.53762652448e-12
4.08817635271 6.40739156117e-12
4.10821643287 6.2930901594e-12
4.12825651303 6.17878875762e-12
4.14829659319 6.06394857488e-12
4.16833667335 5.94389612831e-12
4.18837675351 5.82384368174e-12
4.20841683367 5.70379123516e-12
4.22845691383 5.59407666976e-12
4.24849699399 5.48755909789e-12
4.26853707415 5.38104152602e-12
4.28857715431 5.27131751754e-12
4.30861723447 5.15741027113e-12
4.32865731463 5.04350302473e-12
4.34869739479 4.93111730741e-12
4.36873747495 4.83183740184e-12
4.38877755511 4.73255749627e-12
4.40881763527 4.6332775907e-12
4.42885771543 4.54244298323e-12
4.44889779559 4.45407246394e-12
4.46893787575 4.36570194464e-12
4.48897795591 4.27641932007e-12
4.50901803607 4.18599563425e-12
4.52905811623 4.09557194842e-12
4.54909819639 4.00568839749e-12
4.56913827655 3.91998802686e-12
4.58917835671 3.83428765624e-12
4.60921843687 3.74858728561e-12
4.62925851703 3.664019959e-12
4.64929859719 3.57976393745e-12
4.66933867735 3.4955079159e-12
4.68937875752 3.41649824923e-12
4.70941883768 3.34378336389e-12
4.72945891784 3.27106847855e-12
4.749498998 3.19747486241e-12
4.76953907816 3.11771268461e-12
4.78957915832 3.03795050681e-12
4.80961923848 2.958188329e-12
4.82965931864 2.88702151251e-12
4.8496993988 2.81807379803e-12
4.86973947896 2.74912608356e-12
4.88977955912 2.68194074653e-12
4.90981963928 2.61678379031e-12
4.92985971944 2.55162683408e-12
4.9498997996 2.48747587177e-12
4.96993987976 2.4297692837e-12
4.98997995992 2.37206269563e-12
5.01002004008 2.31560195252e-12
5.03006012024 2.26029729255e-12
5.0501002004 2.20499263258e-12
5.07014028056 2.15306599289e-12
5.09018036072 2.10120899423e-12
5.11022044088 2.04935199557e-12
5.13026052104 1.99749499691e-12
5.1503006012 1.94563799825e-12
5.17034068136 1.89801683698e-12
5.19038076152 1.85066891924e-12
5.21042084168 1.80332100151e-12
5.23046092184 1.75597308378e-12
5.250501002 1.70862516604e-12
5.27054108216 1.66620043525e-12
5.29058116232 1.62432879478e-12
5.31062124248 1.58245715431e-12
5.33066132265 1.54058551383e-12
5.35070140281 1.49871387336e-12
5.37074148297 1.45821761291e-12
5.39078156313 1.41794785273e-12
5.41082164329 1.37767809255e-12
5.43086172345 1.33740833237e-12
5.45090180361 1.29713857219e-12
5.47094188377 1.26131759085e-12
5.49098196393 1.22648507631e-12
5.51102204409 1.19165256177e-12
5.53106212425 1.15682004722e-12
5.55110220441 1.12198753268e-12
5.57114228457 1.08880518551e-12
5.59118236473 1.05609437524e-12
5.61122244489 1.02338356497e-12
5.63126252505 9.90672754703e-13
5.65130260521 9.57961944433e-13
5.67134268537 9.28307330578e-13
5.69138276553 8.99741321365e-13
5.71142284569 8.71175312152e-13
5.73146292585 8.42609302939e-13
5.75150300601 8.14043293726e-13
5.77154308617 7.86603471669e-13
5.79158316633 7.59653324248e-13
5.81162324649 7.32703176826e-13
5.83166332665 7.05753029405e-13
5.85170340681 6.78802881983e-13
5.87174348697 6.53253040642e-13
5.89178356713 6.2843569002e-13
5.91182364729 6.03618339397e-13
5.93186372745 5.78800988775e-13
5.95190380762 5.53983638153e-13
5.97194388778 5.31795980479e-13
5.99198396794 5.11246506148e-13
6.0120240481 4.90697031817e-13
6.03206412826 4.70147557486e-13
6.05210420842 4.49598083155e-13
6.07214428858 4.30157624484e-13
6.09218436874 4.11534325129e-13
6.1122244489 3.92911025774e-13
6.13226452906 3.74287726418e-13
6.15230460922 3.55664427063e-13
6.17234468938 3.37695335572e-13
6.19238476954 3.20294028724e-13
6.2124248497 3.02892721877e-13
6.23246492986 2.85491415029e-13
6.25250501002 2.68090108182e-13
6.27254509018 2.52088852485e-13
6.29258517034 2.37516145516e-13
6.3126252505 2.22943438547e-13
6.33266533066 2.08370731578e-13
6.35270541082 1.9379802461e-13
6.37274549098 1.80205838568e-13
6.39278557114 1.6779019153e-13
6.4128256513 1.55374544492e-13
6.43286573146 1.42958897454e-13
6.45290581162 1.30543250416e-13
6.47294589178 1.19604446361e-13
6.49298597194 1.10754635184e-13
6.5130260521 1.01904824007e-13
6.53306613226 9.30550128297e-14
6.55310621242 8.42052016527e-14
6.57314629259 7.64000091893e-14
6.59318637275 7.0345420995e-14
6.61322645291 6.42908328007e-14
6.63326653307 5.82362446064e-14
6.65330661323 5.2181656412e-14
6.67334669339 4.63376688558e-14
6.69338677355 4.09149141042e-14
6.71342685371 3.54921593526e-14
6.73346693387 3.0069404601e-14
6.75350701403 2.46466498494e-14
6.77354709419 1.98022208332e-14
6.79358717435 1.63538286257e-14
6.81362725451 1.29054364183e-14
6.83366733467 9.45704421091e-15
6.85370741483 6.00865200349e-15
6.87374749499 3.27999748156e-15
6.89378757515 2.6818404666e-15
6.91382765531 2.08368345163e-15
6.93386773547 1.48552643667e-15
6.95390781563 8.87369421706e-16
6.97394789579 4.02899414121e-16
6.99398797595 3.40699254554e-16
7.01402805611 2.78499094987e-16
7.03406813627 2.16298935419e-16
7.05410821643 1.54098775852e-16
7.07414829659 9.90982320694e-17
7.09418837675 7.88243853158e-17
7.11422845691 5.85505385623e-17
7.13426853707 3.82766918087e-17
7.15430861723 1.80028450551e-17
7.17434869739 3.81197001497e-19
7.19438877756 3.03545545184e-19
7.21442885772 2.25894088871e-19
7.23446893788 1.48242632558e-19
7.25450901804 7.05911762458e-20
7.2745490982 0.0
7.29458917836 0.0
7.31462925852 0.0
7.33466933868 0.0
7.35470941884 0.0
7.374749499 0.0
7.39478957916 0.0
7.41482965932 0.0
7.43486973948 0.0
7.45490981964 0.0
7.4749498998 0.0
7.49498997996 0.0
7.51503006012 0.0
7.53507014028 0.0
7.55511022044 0.0
7.5751503006 0.0
7.59519038076 0.0
7.61523046092 0.0
7.63527054108 0.0
7.65531062124 0.0
7.6753507014 0.0
7.69539078156 0.0
7.71543086172 0.0
7.73547094188 0.0
7.75551102204 0.0
7.7755511022 0.0
7.79559118236 0.0
7.81563126253 0.0
7.83567134269 0.0
7.85571142285 0.0
7.87575150301 0.0
7.89579158317 0.0
7.91583166333 0.0
7.93587174349 0.0
7.95591182365 0.0
7.97595190381 0.0
7.99599198397 0.0
8.01603206413 0.0
8.03607214429 0.0
8.05611222445 0.0
8.07615230461 0.0
8.09619238477 0.0
8.11623246493 0.0
8.13627254509 0.0
8.15631262525 0.0
8.17635270541 0.0
8.19639278557 0.0
8.21643286573 0.0
8.23647294589 0.0
8.25651302605 0.0
8.27655310621 0.0
8.29659318637 0.0
8.31663326653 0.0
8.33667334669 0.0
8.35671342685 0.0
8.37675350701 0.0
8.39679358717 0.0
8.41683366733 0.0
8.43687374749 0.0
8.45691382766 0.0
8.47695390782 0.0
8.49699398798 0.0
8.51703406814 0.0
8.5370741483 0.0
8.55711422846 0.0
8.57715430862 0.0
8.59719438878 0.0
8.61723446894 0.0
8.6372745491 0.0
8.65731462926 0.0
8.67735470942 0.0
8.69739478958 0.0
8.71743486974 0.0
8.7374749499 0.0
8.75751503006 0.0
8.77755511022 0.0
8.79759519038 0.0
8.81763527054 0.0
8.8376753507 0.0
8.85771543086 0.0
8.87775551102 0.0
8.89779559118 0.0
8.91783567134 0.0
8.9378757515 0.0
8.95791583166 0.0
8.97795591182 0.0
8.99799599198 0.0
9.01803607214 0.0
9.0380761523 0.0
9.05811623246 0.0
9.07815631263 0.0
9.09819639279 0.0
9.11823647295 0.0
9.13827655311 0.0
9.15831663327 0.0
9.17835671343 0.0
9.19839679359 0.0
9.21843687375 0.0
9.23847695391 0.0
9.25851703407 0.0
9.27855711423 0.0
9.29859719439 0.0
9.31863727455 0.0
9.33867735471 0.0
9.35871743487 0.0
9.37875751503 0.0
9.39879759519 0.0
9.41883767535 0.0
9.43887775551 0.0
9.45891783567 0.0
9.47895791583 0.0
9.49899799599 0.0
9.51903807615 0.0
9.53907815631 0.0
9.55911823647 0.0
9.57915831663 0.0
9.59919839679 0.0
9.61923847695 0.0
9.63927855711 0.0
9.65931863727 0.0
9.67935871743 0.0
9.6993987976 0.0
9.71943887776 0.0
9.73947895792 0.0
9.75951903808 0.0
9.77955911824 0.0
9.7995991984 0.0
9.81963927856 0.0
9.83967935872 0.0
9.85971943888 0.0
9.87975951904 0.0
9.8997995992 0.0
9.91983967936 0.0
9.93987975952 0.0
9.95991983968 0.0
9.97995991984 0.0
10.0 0.0
