0.0 0.0
0.0200400801603 0.0
0.0400801603206 0.0
0.060120240481 0.0
0.0801603206413 0.0
0.100200400802 0.0
0.120240480962 0.0
0.140280561122 0.0
0.160320641283 0.0
0.180360721443 1.08917588543e-12
0.200400801603 1.0791306178e-12
0.220440881764 5.38798468983e-11
0.240480961924 5.90601599907e-11
0.260521042084 2.02041735486e-12
0.280561122244 2.46601599953e-12
0.300601202405 2.90642609906e-12
0.320641282565 3.40216595548e-12
0.340681362725 3.9826664289e-12
0.360721442886 4.48317138959e-12
0.380761523046 4.97452142709e-12
0.400801603206 5.46587146459e-12
0.420841683367 5.9613340906e-12
0.440881763527 6.45993198766e-12
0.460921843687 6.95852988472e-12
0.480961923848 7.4521683809e-12
0.501002004008 7.92988748642e-12
0.521042084168 8.40760659194e-12
0.541082164329 8.88532569746e-12
0.561122244489 9.35962307759e-12
0.581162324649 9.83357228826e-12
0.60120240481 1.03075214989e-11
0.62124248497 1.07745067933e-11
0.64128256513 1.12364026304e-11
0.661322645291 1.16982984676e-11
0.681362725451 1.21433776097e-11
0.701402805611 1.25374282074e-11
0.721442885772 1.29314788051e-11
0.741482965932 1.33255294028e-11
0.761523046092 1.37007332647e-11
0.781563126253 1.40742532085e-11
0.801603206413 1.44477731523e-11
0.821643286573 1.47618999423e-11
0.841683366733 1.50344269461e-11
0.861723446894 1.53069539498e-11
0.881763527054 1.55456286863e-11
0.901803607214 1.56870490036e-11
0.921843687375 1.58284693208e-11
0.941883767535 1.59698896381e-11
0.961923847695 1.60551510374e-11
0.981963927856 1.61360758667e-11
1.00200400802 1.62170006959e-11
1.02204408818 1.63247329262e-11
1.04208416834 1.645045415e-11
1.0621242485 1.65761753739e-11
1.08216432866 1.66949943268e-11
1.10220440882 1.67950125485e-11
1.12224448898 1.68950307702e-11
1.14228456914 1.6995048992e-11
1.1623246493 1.70204119896e-11
1.18236472946 1.7040895647e-11
1.20240480962 1.70613793043e-11
1.22244488978 1.70760151103e-11
1.24248496994 1.70868926486e-11
1.2625250501 1.7097770187e-11
1.28256513026 1.71127174129e-11
1.30260521042 1.71381881836e-11
1.32264529058 1.71636589543e-11
1.34268537074 1.71891297249e-11
1.3627254509 1.72437956199e-11
1.38276553106 1.73000309105e-11
1.40280561122 1.7356266201e-11
1.42284569138 1.73898846177e-11
1.44288577154 1.74095879711e-11
1.4629258517 1.74292913246e-11
1.48296593186 1.74522431391e-11
1.50300601202 1.74831786606e-11
1.52304609218 1.75141141822e-11
1.54308617234 1.75450497037e-11
1.56312625251 1.75356041827e-11
1.58316633267 1.75244464052e-11
1.60320641283 1.75132886276e-11
1.62324649299 1.75029236786e-11
1.64328657315 1.74930254902e-11
1.66332665331 1.74831273019e-11
1.68336673347 1.74832449961e-11
1.70340681363 1.75067836818e-11
1.72344689379 1.75303223674e-11
1.74348697395 1.7553861053e-11
1.76352705411 1.74721721872e-11
1.78356713427 1.73871905837e-11
1.80360721443 1.73022089802e-11
1.82364729459 1.72521142877e-11
1.84368737475 1.72216631051e-11
1.86372745491 1.71912119225e-11
1.88376753507 1.71917930305e-11
1.90380761523 1.72614842796e-11
1.92384769539 1.73311755286e-11
1.94388777555 1.74008667777e-11
1.96392785571 1.73470729179e-11
1.98396793587 1.72907581018e-11
2.00400801603 1.72344432858e-11
2.02404809619 1.71832245858e-11
2.04408817635 1.71347486794e-11
2.06412825651 1.7086272773e-11
2.08416833667 1.70387078481e-11
2.10420841683 1.69930768294e-11
2.12424849699 1.69474458106e-11
2.14428857715 1.69018147919e-11
2.16432865731 1.68472085279e-11
2.18436873747 1.67925146157e-11
2.20440881764 1.67378207035e-11
2.2244488978 1.66558199951e-11
2.24448897796 1.65597797589e-11
2.26452905812 1.64637395227e-11
2.28456913828 1.63634248334e-11
2.30460921844 1.62544533616e-11
2.3246492986 1.61454818898e-11
2.34468937876 1.60365438696e-11
2.36472945892 1.59779208667e-11
2.38476953908 1.59192978639e-11
2.40480961924 1.5860674861e-11
2.4248496994 1.57965965971e-11
2.44488977956 1.57298408358e-11
2.46492985972 1.56630850745e-11
2.48496993988 1.55705046357e-11
2.50501002004 1.54279918166e-11
2.5250501002 1.52854789976e-11
2.54509018036 1.51441347859e-11
2.56513026052 1.51078598422e-11
2.58517034068 1.50715848985e-11
2.60521042084 1.50353099548e-11
2.625250501 1.49416248011e-11
2.64529058116 1.48210608843e-11
2.66533066132 1.47004969676e-11
2.68537074148 1.45817718483e-11
2.70541082164 1.44664433357e-11
2.7254509018 1.43511148232e-11
2.74549098196 1.4236480825e-11
2.76553106212 1.41537044816e-11
2.78557114228 1.40709281381e-11
2.80561122244 1.39881517946e-11
2.82565130261 1.38324636533e-11
2.84569138277 1.3644239213e-11
2.86573146293 1.34560147728e-11
2.88577154309 1.33058076559e-11
2.90581162325 1.32227315117e-11
2.92585170341 1.31396553675e-11
2.94589178357 1.30549835551e-11
2.96593186373 1.29215246844e-11
2.98597194389 1.27880658138e-11
3.00601202405 1.26546069431e-11
3.02605210421 1.25176904036e-11
3.04609218437 1.23793045541e-11
3.06613226453 1.22409187047e-11
3.08617234469 1.21071880045e-11
3.10621242485 1.19813195432e-11
3.12625250501 1.1855451082e-11
3.14629258517 1.17303721862e-11
3.16633266533 1.16233000157e-11
3.18637274549 1.15162278453e-11
3.20641282565 1.14091556748e-11
3.22645290581 1.1266366693e-11
3.24649298597 1.11091387945e-11
3.26653306613 1.0951910896e-11
3.28657314629 1.07863023845e-11
3.30661322645 1.06071489172e-11
3.32665330661 1.04279954498e-11
3.34669338677 1.02517810945e-11
3.36673346693 1.01287797428e-11
3.38677354709 1.0005778391e-11
3.40681362725 9.88277703922e-12
3.42685370741 9.7503195158e-12
3.44689378758 9.61422920022e-12
3.46693386774 9.47813888465e-12
3.4869739479 9.34525367772e-12
3.50701402806 9.21732787864e-12
3.52705410822 9.08940207957e-12
3.54709418838 8.96010302542e-12
3.56713426854 8.81026736106e-12
3.5871743487 8.66043169671e-12
3.60721442886 8.51059603235e-12
3.62725450902 8.37018802275e-12
3.64729458918 8.23321779539e-12
3.66733466934 8.09624756803e-12
3.6873747495 7.96527911595e-12
3.70741482966 7.84320528502e-12
3.72745490982 7.7211314541e-12
3.74749498998 7.5995469891e-12
3.76753507014 7.48417560837e-12
3.7875751503 7.36880422765e-12
3.80761523046 7.25343284692e-12
3.82765531062 7.11736102614e-12
3.84769539078 6.97413370614e-12
3.86773547094 6.83090638614e-12
3.8877755511 6.69787403529e-12
3.90781563126 6.57931773317e-12
3.92785571142 6.46076143104e-12
3.94789579158 6.3432777289e-12
3.96793587174 6.23759028403e-12
3.9879759519 6.13190283916e-12
4.00801603206 6.02621539429e-12
4.02805611222 5.90753999783e-12
4.04809619238 5.78461481542e-12
4.06813627255 5.66168963301e-12
4.08817635271 5.54890406184e-12
4.10821643287 5.44991721103e-12
4.12825651303 5.35093036022e-12
4.14829659319 5.25147691643e-12
4.16833667335 5.14750956839e-12
4.18837675351 5.04354222036e-12
4.20841683367 4.93957487233e-12
4.22845691383 4.84456029552e-12
4.24849699399 4.75231436649e-12
4.26853707415 4.66006843746e-12
4.28857715431 4.5650456828e-12
4.30861723447 4.46640017687e-12
4.32865731463 4.36775467094e-12
4.34869739479 4.27042683365e-12
4.36873747495 4.18444883995e-12
4.38877755511 4.09847084625e-12
4.40881763527 4.01249285255e-12
4.42885771543 3.93382862273e-12
4.44889779559 3.85729833286e-12
4.46893787575 3.780768043e-12
4.48897795591 3.7034478553e-12
4.50901803607 3.62513949023e-12
4.52905811623 3.54683112515e-12
4.54909819639 3.46899052557e-12
4.56913827655 3.39477262736e-12
4.58917835671 3.32055472915e-12
4.60921843687 3.24633683094e-12
4.62925851703 3.17310016706e-12
4.64929859719 3.10013309836e-12
4.66933867735 3.02716602967e-12
4.68937875752 2.95874238861e-12
4.70941883768 2.89577012934e-12
4.72945891784 2.83279787007e-12
4.749498998 2.76906461581e-12
4.76953907816 2.69998928802e-12
4.78957915832 2.63091396023e-12
4.80961923848 2.56183863243e-12
4.82965931864 2.50020702566e-12
4.8496993988 2.4404971969e-12
4.86973947896 2.38078736814e-12
4.88977955912 2.32260378657e-12
4.90981963928 2.26617681538e-12
4.92985971944 2.20974984419e-12
4.9498997996 2.15419407989e-12
4.96993987976 2.10421924725e-12
4.98997995992 2.05424441461e-12
5.01002004008 2.00534850373e-12
5.03006012024 1.95745377942e-12
5.0501002004 1.90955905511e-12
5.07014028056 1.86458975065e-12
5.09018036072 1.81968075645e-12
5.11022044088 1.77477176224e-12
5.13026052104 1.72986276803e-12
5.1503006012 1.68495377383e-12
5.17034068136 1.64371308287e-12
5.19038076152 1.60270902521e-12
5.21042084168 1.56170496755e-12
5.23046092184 1.52070090988e-12
5.250501002 1.47969685222e-12
5.27054108216 1.44295635358e-12
5.29058116232 1.40669484003e-12
5.31062124248 1.37043332648e-12
5.33066132265 1.33417181293e-12
5.35070140281 1.29791029938e-12
5.37074148297 1.26283988704e-12
5.39078156313 1.22796562757e-12
5.41082164329 1.1930913681e-12
5.43086172345 1.15821710863e-12
5.45090180361 1.12334284916e-12
5.47094188377 1.09232130366e-12
5.49098196393 1.06215578629e-12
5.51102204409 1.03199026892e-12
5.53106212425 1.00182475155e-12
5.55110220441 9.7165923418e-13
5.57114228457 9.4292278828e-13
5.59118236473 9.14594700907e-13
5.61122244489 8.86266613535e-13
5.63126252505 8.57938526162e-13
5.65130260521 8.2961043879e-13
5.67134268537 8.03929066627e-13
5.69138276553 7.79190443579e-13
5.71142284569 7.54451820531e-13
5.73146292585 7.29713197483e-13
5.75150300601 7.04974574435e-13
5.77154308617 6.81211247563e-13
5.79158316633 6.57871986794e-13
5.81162324649 6.34532726025e-13
5.83166332665 6.11193465256e-13
5.85170340681 5.87854204487e-13
5.87174348697 5.65727631288e-13
5.89178356713 5.44235406822e-13
5.91182364729 5.22743182356e-13
5.93186372745 5.0125095789e-13
5.95190380762 4.79758733424e-13
5.97194388778 4.60543865313e-13
5.99198396794 4.42747690302e-13
6.0120240481 4.24951515292e-13
6.03206412826 4.07155340281e-13
6.05210420842 3.89359165271e-13
6.07214428858 3.72523415644e-13
6.09218436874 3.56395339117e-13
6.1122244489 3.4026726259e-13
6.13226452906 3.24139186063e-13
6.15230460922 3.08011109536e-13
6.17234468938 2.92449587532e-13
6.19238476954 2.77379776155e-13
6.2124248497 2.62309964778e-13
6.23246492986 2.472401534e-13
6.25250501002 2.32170342023e-13
6.27254509018 2.18312997441e-13
6.29258517034 2.05692799016e-13
6.3126252505 1.9307260059e-13
6.33266533066 1.80452402165e-13
6.35270541082 1.6783220374e-13
6.37274549098 1.56061152195e-13
6.39278557114 1.45309002334e-13
6.4128256513 1.34556852474e-13
6.43286573146 1.23804702613e-13
6.45290581162 1.13052552753e-13
6.47294589178 1.03579372649e-13
6.49298597194 9.59152939494e-14
6.5130260521 8.82512152494e-14
6.53306613226 8.05871365494e-14
6.55310621242 7.29230578494e-14
6.57314629259 6.61636357429e-14
6.59318637275 6.09202650665e-14
6.61322645291 5.56768943901e-14
6.63326653307 5.04335237136e-14
6.65330661323 4.51901530372e-14
6.67334669339 4.01291658978e-14
6.69338677355 3.54329731366e-14
6.71342685371 3.07367803755e-14
6.73346693387 2.60405876143e-14
6.75350701403 2.13443948531e-14
6.77354709419 1.71490414728e-14
6.79358717435 1.41626784038e-14
6.81362725451 1.11763153349e-14
6.83366733467 8.18995226591e-15
6.85370741483 5.20358919696e-15
6.87374749499 2.84053053018e-15
6.89378757515 2.32251694254e-15
6.91382765531 1.80450335491e-15
6.93386773547 1.28648976728e-15
6.95390781563 7.68476179652e-16
6.97394789579 3.48917367417e-16
6.99398797595 2.95051029645e-16
7.01402805611 2.41184691873e-16
7.03406813627 1.87318354101e-16
7.05410821643 1.33452016329e-16
7.07414829659 8.58206615285e-17
7.09418837675 6.82631844294e-17
7.11422845691 5.07057073303e-17
7.13426853707 3.31482302312e-17
7.15430861723 1.55907531321e-17
7.17434869739 3.30122729316e-19
7.19438877756 2.62875320253e-19
7.21442885772 1.95627911189e-19
7.23446893788 1.28380502126e-19
7.25450901804 6.11330930631e-20
7.2745490982 0.0
7.29458917836 0.0
7.31462925852 0.0
7.33466933868 0.0
7.35470941884 0.0
7.374749499 0.0
7.39478957916 0.0
7.41482965932 0.0
7.43486973948 0.0
7.45490981964 0.0
7.4749498998 0.0
7.49498997996 0.0
7.51503006012 0.0
7.53507014028 0.0
7.55511022044 0.0
7.5751503006 0.0
7.59519038076 0.0
7.61523046092 0.0
7.63527054108 0.0
7.65531062124 0.0
7.6753507014 0.0
7.69539078156 0.0
7.71543086172 0.0
7.73547094188 0.0
7.75551102204 0.0
7.7755511022 0.0
7.79559118236 0.0
7.81563126253 0.0
7.83567134269 0.0
7.85571142285 0.0
7.87575150301 0.0
7.89579158317 0.0
7.91583166333 0.0
7.93587174349 0.0
7.95591182365 0.0
7.97595190381 0.0
7.99599198397 0.0
8.01603206413 0.0
8.03607214429 0.0
8.05611222445 0.0
8.07615230461 0.0
8.09619238477 0.0
8.11623246493 0.0
8.13627254509 0.0
8.15631262525 0.0
8.17635270541 0.0
8.19639278557 0.0
8.21643286573 0.0
8.23647294589 0.0
8.25651302605 0.0
8.27655310621 0.0
8.29659318637 0.0
8.31663326653 0.0
8.33667334669 0.0
8.35671342685 0.0
8.37675350701 0.0
8.39679358717 0.0
8.41683366733 0.0
8.43687374749 0.0
8.45691382766 0.0
8.47695390782 0.0
8.49699398798 0.0
8.51703406814 0.0
8.5370741483 0.0
8.55711422846 0.0
8.57715430862 0.0
8.59719438878 0.0
8.61723446894 0.0
8.6372745491 0.0
8.65731462926 0.0
8.67735470942 0.0
8.69739478958 0.0
8.71743486974 0.0
8.7374749499 0.0
8.75751503006 0.0
8.77755511022 0.0
8.79759519038 0.0
8.81763527054 0.0
8.8376753507 0.0
8.85771543086 0.0
8.87775551102 0.0
8.89779559118 0.0
8.91783567134 0.0
8.9378757515 0.0
8.95791583166 0.0
8.97795591182 0.0
8.99799599198 0.0
9.01803607214 0.0
9.0380761523 0.0
9.05811623246 0.0
9.07815631263 0.0
9.09819639279 0.0
9.11823647295 0.0
9.13827655311 0.0
9.15831663327 0.0
9.17835671343 0.0
9.19839679359 0.0
9.21843687375 0.0
9.23847695391 0.0
9.25851703407 0.0
9.27855711423 0.0
9.29859719439 0.0
9.31863727455 0.0
9.33867735471 0.0
9.35871743487 0.0
9.37875751503 0.0
9.39879759519 0.0
9.41883767535 0.0
9.43887775551 0.0
9.45891783567 0.0
9.47895791583 0.0
9.49899799599 0.0
9.51903807615 0.0
9.53907815631 0.0
9.55911823647 0.0
9.57915831663 0.0
9.59919839679 0.0
9.61923847695 0.0
9.63927855711 0.0
9.65931863727 0.0
9.67935871743 0.0
9.6993987976 0.0
9.71943887776 0.0
9.73947895792 0.0
9.75951903808 0.0
9.77955911824 0.0
9.7995991984 0.0
9.81963927856 0.0
9.83967935872 0.0
9.85971943888 0.0
9.87975951904 0.0
9.8997995992 0.0
9.91983967936 0.0
9.93987975952 0.0
9.95991983968 0.0
9.97995991984 0.0
10.0 0.0
