0.0 0.0
0.0200400801603 0.0
0.0400801603206 0.0
0.060120240481 0.0
0.0801603206413 1.73057462563e-12
0.100200400802 2.33047524646e-12
0.120240480962 3.21000547137e-12
0.140280561122 3.14025781906e-12
0.160320641283 2.62958208832e-12
0.180360721443 2.56651903644e-12
0.200400801603 2.59537106681e-12
0.220440881764 2.63742804968e-11
0.240480961924 2.87373406576e-11
0.260521042084 3.08433166493e-12
0.280561122244 3.2740157213e-12
0.300601202405 3.46136638497e-12
0.320641282565 3.66300277646e-12
0.340681362725 3.88994573594e-12
0.360721442886 4.08091311082e-12
0.380761523046 4.2667524104e-12
0.400801603206 4.44542009918e-12
0.420841683367 4.62593730139e-12
0.440881763527 4.8078644978e-12
0.460921843687 4.98632145541e-12
0.480961923848 5.16164992907e-12
0.501002004008 5.32981913384e-12
0.521042084168 5.49799344055e-12
0.541082164329 5.66617361128e-12
0.561122244489 5.83281496355e-12
0.581162324649 5.9998809918e-12
0.60120240481 6.17063639708e-12
0.62124248497 6.33825998966e-12
0.64128256513 6.50359475141e-12
0.661322645291 6.67242788607e-12
0.681362725451 6.83453510351e-12
0.701402805611 6.97369376227e-12
0.721442885772 7.11339992529e-12
0.741482965932 7.25370444385e-12
0.761523046092 7.38553320777e-12
0.781563126253 7.51695848557e-12
0.801603206413 7.65040986279e-12
0.821643286573 7.757150949e-12
0.841683366733 7.84518377795e-12
0.861723446894 7.93605667172e-12
0.881763527054 8.01233099446e-12
0.901803607214 8.04486805662e-12
0.921843687375 8.0789583227e-12
0.941883767535 8.11466280017e-12
0.961923847695 8.12511148723e-12
0.981963927856 8.13377618314e-12
1.00200400802 8.14330581997e-12
1.02204408818 8.16489128206e-12
1.04208416834 8.19456675491e-12
1.0621242485 8.22634312819e-12
1.08216432866 8.25543940376e-12
1.10220440882 8.27608061391e-12
1.12224448898 8.29734151777e-12
1.14228456914 8.31921489934e-12
1.1623246493 8.30751433112e-12
1.18236472946 8.29419305708e-12
1.20240480962 8.28359903679e-12
1.22244488978 8.27037512058e-12
1.24248496994 8.25546103613e-12
1.2625250501 8.2415298306e-12
1.28256513026 8.22960964065e-12
1.30260521042 8.22242209955e-12
1.32264529058 8.21608780362e-12
1.34268537074 8.21055548462e-12
1.3627254509 8.2181527979e-12
1.38276553106 8.22681492435e-12
1.40280561122 8.237044747e-12
1.42284569138 8.23710330843e-12
1.44288577154 8.23090398713e-12
1.4629258517 8.22666176303e-12
1.48296593186 8.22420648735e-12
1.50300601202 8.22534164466e-12
1.52304609218 8.22645200473e-12
1.54308617234 8.22754020159e-12
1.56312625251 8.21046823467e-12
1.58316633267 8.19297035075e-12
1.60320641283 8.17685847298e-12
1.62324649299 8.16110314607e-12
1.64328657315 8.14555773079e-12
1.66332665331 8.13104187993e-12
1.68336673347 8.12118455356e-12
1.70340681363 8.12186011618e-12
1.72344689379 8.12323099651e-12
1.74348697395 8.12519274562e-12
1.76352705411 8.07983155687e-12
1.78356713427 8.03302643044e-12
1.80360721443 7.98635880463e-12
1.82364729459 7.95538052154e-12
1.84368737475 7.93323631839e-12
1.86372745491 7.91251442933e-12
1.88376753507 7.90593810355e-12
1.90380761523 7.93044199265e-12
1.92384769539 7.95529845956e-12
1.94388777555 7.98043973394e-12
1.96392785571 7.95004728113e-12
1.98396793587 7.9186160523e-12
2.00400801603 7.8875137225e-12
2.02404809619 7.85870321815e-12
2.04408817635 7.83112620303e-12
2.06412825651 7.80445236871e-12
2.08416833667 7.77829432904e-12
2.10420841683 7.75300600569e-12
2.12424849699 7.72797317747e-12
2.14428857715 7.70313648124e-12
2.16432865731 7.67426343744e-12
2.18436873747 7.64544401576e-12
2.20440881764 7.616924832e-12
2.2244488978 7.57612523497e-12
2.24448897796 7.52901178103e-12
2.26452905812 7.48243316981e-12
2.28456913828 7.43398681435e-12
2.30460921844 7.38185837112e-12
2.3246492986 7.32978481666e-12
2.34468937876 7.27785711568e-12
2.36472945892 7.24868231635e-12
2.38476953908 7.21962740605e-12
2.40480961924 7.19068727127e-12
2.4248496994 7.15940367639e-12
2.44488977956 7.12702115082e-12
2.46492985972 7.09473933201e-12
2.48496993988 7.05094004977e-12
2.50501002004 6.98477747517e-12
2.5250501002 6.91870326308e-12
2.54509018036 6.85323919079e-12
2.56513026052 6.83510785868e-12
2.58517034068 6.81705405795e-12
2.60521042084 6.79907448171e-12
2.625250501 6.75534744265e-12
2.64529058116 6.69960051326e-12
2.66533066132 6.6439187102e-12
2.68537074148 6.58912619977e-12
2.70541082164 6.5359209007e-12
2.7254509018 6.48277274503e-12
2.74549098196 6.42999163251e-12
2.76553106212 6.39158991828e-12
2.78557114228 6.35323834303e-12
2.80561122244 6.31493476822e-12
2.82565130261 6.24388725042e-12
2.84569138277 6.15825150036e-12
2.86573146293 6.07265786704e-12
2.88577154309 6.00420170597e-12
2.90581162325 5.96597428875e-12
2.92585170341 5.92778382575e-12
2.94589178357 5.88891113684e-12
2.96593186373 5.82813179962e-12
2.98597194389 5.76738488691e-12
3.00601202405 5.70666901575e-12
3.02605210421 5.64442787917e-12
3.04609218437 5.58155441452e-12
3.06613226453 5.51870818646e-12
3.08617234469 5.45798154717e-12
3.10621242485 5.40081567699e-12
3.12625250501 5.34367370484e-12
3.14629258517 5.28690969482e-12
3.16633266533 5.23826557279e-12
3.18637274549 5.18964241945e-12
3.20641282565 5.14103934045e-12
3.22645290581 5.07639291408e-12
3.24649298597 5.00527141599e-12
3.26653306613 4.93416753162e-12
3.28657314629 4.85931158017e-12
3.30661322645 4.77838033395e-12
3.32665330661 4.69746454242e-12
3.34669338677 4.61788532395e-12
3.36673346693 4.56225122361e-12
3.38677354709 4.50663068358e-12
3.40681362725 4.45102312548e-12
3.42685370741 4.39117536577e-12
3.44689378758 4.32970576481e-12
3.46693386774 4.26824755449e-12
3.4869739479 4.20824165056e-12
3.50701402806 4.1504765314e-12
3.52705410822 4.09272140667e-12
3.54709418838 4.03435826977e-12
3.56713426854 3.96676856791e-12
3.5871743487 3.89918763541e-12
3.60721442886 3.83161509822e-12
3.62725450902 3.76829040348e-12
3.64729458918 3.70651944272e-12
3.66733466934 3.64475584821e-12
3.6873747495 3.58569842435e-12
3.70741482966 3.53064784108e-12
3.72745490982 3.47560372114e-12
3.74749498998 3.42078586652e-12
3.76753507014 3.36876808409e-12
3.7875751503 3.31675597274e-12
3.80761523046 3.26474929058e-12
3.82765531062 3.20343840347e-12
3.84769539078 3.13891452097e-12
3.86773547094 3.07439540216e-12
3.8877755511 3.01446572573e-12
3.90781563126 2.96105058442e-12
3.92785571142 2.90763962289e-12
3.94789579158 2.85471503257e-12
3.96793587174 2.80709928629e-12
3.9879759519 2.75948720745e-12
4.00801603206 2.71187863964e-12
4.02805611222 2.65843249108e-12
4.04809619238 2.60307834655e-12
4.06813627255 2.54772728268e-12
4.08817635271 2.49693915435e-12
4.10821643287 2.45235941046e-12
4.12825651303 2.4077823696e-12
4.14829659319 2.36299808029e-12
4.16833667335 2.31618627518e-12
4.18837675351 2.26937684179e-12
4.20841683367 2.22256967895e-12
4.22845691383 2.17979093038e-12
4.24849699399 2.13825937918e-12
4.26853707415 2.09672982021e-12
4.28857715431 2.05395337439e-12
4.30861723447 2.00954953067e-12
4.32865731463 1.96514743498e-12
4.34869739479 1.92133959475e-12
4.36873747495 1.88263760865e-12
4.38877755511 1.84393715632e-12
4.40881763527 1.80523817234e-12
4.42885771543 1.76982974021e-12
4.44889779559 1.73538232938e-12
4.46893787575 1.70093620693e-12
4.48897795591 1.66613608501e-12
4.50901803607 1.63089274073e-12
4.52905811623 1.59565052689e-12
4.54909819639 1.5606197588e-12
4.56913827655 1.52721922814e-12
4.58917835671 1.49381968937e-12
4.60921843687 1.46042110016e-12
4.62925851703 1.42746470076e-12
4.64929859719 1.39463041401e-12
4.66933867735 1.36179696044e-12
4.68937875752 1.33100757492e-12
4.70941883768 1.30267054863e-12
4.72945891784 1.27433425338e-12
4.749498998 1.24565642331e-12
4.76953907816 1.21457682577e-12
4.78957915832 1.18349786967e-12
4.80961923848 1.15241952766e-12
4.82965931864 1.12468936399e-12
4.8496993988 1.0978240252e-12
4.86973947896 1.07095922522e-12
4.88977955912 1.04478132501e-12
4.90981963928 1.0193939015e-12
4.92985971944 9.94006950756e-13
4.9498997996 9.69012251799e-13
4.96993987976 9.46527842907e-13
4.98997995992 9.2404384883e-13
5.01002004008 9.020454646e-13
5.03006012024 8.80497714213e-13
5.0501002004 8.58950327795e-13
5.07014028056 8.38718909728e-13
5.09018036072 8.18514947974e-13
5.11022044088 7.98311305574e-13
5.13026052104 7.78107968906e-13
5.1503006012 7.57904924931e-13
5.17034068136 7.39351870621e-13
5.19038076152 7.20905503301e-13
5.21042084168 7.02459392797e-13
5.23046092184 6.84013528156e-13
5.250501002 6.65567898889e-13
5.27054108216 6.49039902857e-13
5.29058116232 6.32727531745e-13
5.31062124248 6.16415367157e-13
5.33066132265 6.00103400284e-13
5.35070140281 5.83791622693e-13
5.37074148297 5.68015688385e-13
5.39078156313 5.52328141431e-13
5.41082164329 5.36640760559e-13
5.43086172345 5.20953538684e-13
5.45090180361 5.05266469024e-13
5.47094188377 4.91312187742e-13
5.49098196393 4.77743018964e-13
5.51102204409 4.64173983743e-13
5.53106212425 4.50605076384e-13
5.55110220441 4.37036291432e-13
5.57114228457 4.24110305735e-13
5.59118236473 4.11368079236e-13
5.61122244489 3.98625960141e-13
5.63126252505 3.85883943867e-13
5.65130260521 3.73142026031e-13
5.67134268537 3.61590483283e-13
5.69138276553 3.50463003916e-13
5.71142284569 3.3933561092e-13
5.73146292585 3.2820830061e-13
5.75150300601 3.17081069461e-13
5.77154308617 3.06392524323e-13
5.79158316633 2.95894762758e-13
5.81162324649 2.8539707065e-13
5.83166332665 2.74899445037e-13
5.85170340681 2.64401883082e-13
5.87174348697 2.54449751963e-13
5.89178356713 2.44782958521e-13
5.91182364729 2.35116220935e-13
5.93186372745 2.25449536821e-13
5.95190380762 2.157829039e-13
5.97194388778 2.07140492761e-13
5.99198396794 1.99136143248e-13
6.0120240481 1.91131838652e-13
6.03206412826 1.83127577058e-13
6.05210420842 1.75123356631e-13
6.07214428858 1.6755109815e-13
6.09218436874 1.60297132169e-13
6.1122244489 1.5304320231e-13
6.13226452906 1.45789307031e-13
6.15230460922 1.38535444858e-13
6.17234468938 1.31536405297e-13
6.19238476954 1.24758528197e-13
6.2124248497 1.17980680144e-13
6.23246492986 1.112028599e-13
6.25250501002 1.04425066279e-13
6.27254509018 9.81925687516e-14
6.29258517034 9.25164650339e-14
6.3126252505 8.68403846756e-14
6.33266533066 8.11643266802e-14
6.35270541082 7.5488290094e-14
6.37274549098 7.01941523667e-14
6.39278557114 6.53582547597e-14
6.4128256513 6.05223759376e-14
6.43286573146 5.56865150992e-14
6.45290581162 5.08506714775e-14
6.47294589178 4.65900226588e-14
6.49298597194 4.31429787614e-14
6.5130260521 3.96959499704e-14
6.53306613226 3.62489356413e-14
6.55310621242 3.28019351574e-14
6.57314629259 2.97617901208e-14
6.59318637275 2.74034564718e-14
6.61322645291 2.5045134971e-14
6.63326653307 2.26868251e-14
6.65330661323 2.0328526363e-14
6.67334669339 1.80522598152e-14
6.69338677355 1.59400588114e-14
6.71342685371 1.38278675767e-14
6.73346693387 1.17156856945e-14
6.75350701403 9.60351276588e-15
6.77354709419 7.71658591156e-15
6.79358717435 6.37337442544e-15
6.81362725451 5.03017079539e-15
6.83366733467 3.68697468634e-15
6.85370741483 2.3437857775e-15
6.87374749499 1.28091623776e-15
6.89378757515 1.04780703008e-15
6.91382765531 8.14704140029e-16
6.93386773547 5.81607298155e-16
6.95390781563 3.48516246488e-16
6.97394789579 1.59707822854e-16
6.99398797595 1.35363937533e-16
7.01402805611 1.11025132676e-16
7.03406813627 8.6691191593e-17
7.05410821643 6.23619068327e-17
7.07414829659 4.08410765379e-17
7.09418837675 3.28493390906e-17
7.11422845691 2.48616872119e-17
7.13426853707 1.68779466437e-17
7.15430861723 8.89795056069e-18
7.17434869739 1.95447722357e-18
7.19438877756 1.8472044571e-18
7.21442885772 1.74321719091e-18
7.23446893788 1.64237529159e-18
7.25450901804 1.54454460273e-18
7.2745490982 1.45234642036e-18
7.29458917836 1.3904008343e-18
7.31462925852 1.33109735592e-18
7.33466933868 1.27432329385e-18
7.35470941884 1.21997076324e-18
7.374749499 1.16793648075e-18
7.39478957916 1.1181215683e-18
7.41482965932 1.07043136514e-18
7.43486973948 1.02477524803e-18
7.45490981964 9.8106645898e-19
7.4749498998 9.39221940403e-19
7.49498997996 8.99162177303e-19
7.51503006012 8.60811046156e-19
7.53507014028 8.24095670269e-19
7.55511022044 7.88946281287e-19
7.5751503006 7.55296086623e-19
7.59519038076 7.2308114253e-19
7.61523046092 6.92240232595e-19
7.63527054108 6.62714751414e-19
7.65531062124 6.34448593222e-19
7.6753507014 6.07388045282e-19
7.69539078156 5.81481685819e-19
7.71543086172 5.56680286299e-19
7.73547094188 5.32936717891e-19
7.75551102204 5.10205861905e-19
7.7755511022 4.88444524056e-19
7.79559118236 4.67611352385e-19
7.81563126253 4.4766675868e-19
7.83567134269 4.2857284325e-19
7.85571142285 4.102933229e-19
7.87575150301 3.92793461994e-19
7.89579158317 3.76040006439e-19
7.91583166333 3.60001120499e-19
7.93587174349 3.44646326299e-19
7.95591182365 3.29946445907e-19
7.97595190381 3.15873545892e-19
7.99599198397 3.02400884241e-19
8.01603206413 2.89502859543e-19
8.03607214429 2.77154962341e-19
8.05611222445 2.65333728556e-19
8.07615230461 2.54016694901e-19
8.09619238477 2.43182356197e-19
8.11623246493 2.32810124501e-19
8.13627254509 2.22880289992e-19
8.15631262525 2.13373983514e-19
8.17635270541 2.04273140716e-19
8.19639278557 1.95560467734e-19
8.21643286573 1.87219408318e-19
8.23647294589 1.79234112381e-19
8.25651302605 1.71589405871e-19
8.27655310621 1.64270761945e-19
8.29659318637 1.57264273356e-19
8.31663326653 1.50556626032e-19
8.33667334669 1.44135073774e-19
8.35671342685 1.37987414034e-19
8.37675350701 1.32101964728e-19
8.39679358717 1.26467542038e-19
8.41683366733 1.21073439158e-19
8.43687374749 1.15909405949e-19
8.45691382766 1.10965629464e-19
8.47695390782 1.06232715296e-19
8.49699398798 1.0170166973e-19
8.51703406814 9.73638826523e-20
8.5370741483 9.32111111871e-20
8.55711422846 8.9235464035e-20
8.57715430862 8.5429386477e-20
8.59719438878 8.17856460181e-20
8.61723446894 7.82973186446e-20
8.6372745491 7.4957775666e-20
8.65731462926 7.17606711196e-20
8.67735470942 6.86999297109e-20
8.69739478958 6.57697352692e-20
8.71743486974 6.29645196958e-20
8.7374749499 6.02789523829e-20
8.75751503006 5.77079300839e-20
8.77755511022 5.52465672167e-20
8.79759519038 5.2890186579e-20
8.81763527054 5.06343104612e-20
8.8376753507 4.8474652137e-20
8.85771543086 4.64071077181e-20
8.87775551102 4.44277483554e-20
8.89779559118 4.25328127735e-20
8.91783567134 4.0718700123e-20
8.9378757515 3.89819631383e-20
8.95791583166 3.73193015869e-20
8.97795591182 3.5727555998e-20
8.99799599198 3.42037016587e-20
9.01803607214 3.27448428665e-20
9.0380761523 3.13482074264e-20
9.05811623246 3.00111413837e-20
9.07815631263 2.87311039798e-20
9.09819639279 2.75056628253e-20
9.11823647295 2.63324892767e-20
9.13827655311 2.52093540124e-20
9.15831663327 2.41341227958e-20
9.17835671343 2.31047524199e-20
9.19839679359 2.21192868248e-20
9.21843687375 2.11758533805e-20
9.23847695391 2.02726593287e-20
9.25851703407 1.94079883759e-20
9.27855711423 1.8580197432e-20
9.29859719439 1.77877134881e-20
9.31863727455 1.70290306275e-20
9.33867735471 1.6302707164e-20
9.35871743487 1.56073629021e-20
9.37875751503 1.49416765147e-20
9.39879759519 1.43043830319e-20
9.41883767535 1.36942714375e-20
9.43887775551 1.31101823676e-20
9.45891783567 1.25510059075e-20
9.47895791583 1.20156794829e-20
9.49899799599 1.15031858401e-20
9.51903807615 1.10125511138e-20
9.53907815631 1.05428429759e-20
9.55911823647 1.00931688639e-20
9.57915831663 9.66267428508e-21
9.59919839679 9.25054119264e-21
9.61923847695 8.8559864311e-21
9.63927855711 8.47826024819e-21
9.65931863727 8.11664487014e-21
9.67935871743 7.77045313773e-21
9.6993987976 7.43902720048e-21
9.71943887776 7.12173726662e-21
9.73947895792 6.81798040629e-21
9.75951903808 6.52717940585e-21
9.77955911824 6.24878167102e-21
9.7995991984 5.98225817679e-21
9.81963927856 5.72710246219e-21
9.83967935872 5.48282966785e-21
9.85971943888 5.24897561465e-21
9.87975951904 5.02509592169e-21
9.8997995992 4.81076516181e-21
9.91983967936 4.60557605322e-21
9.93987975952 4.40913868555e-21
9.95991983968 4.22107977889e-21
9.97995991984 4.04104197451e-21
10.0 3.86868315578e-21
