0.0 0.0
0.0200400801603 0.0
0.0400801603206 0.0
0.060120240481 0.0
0.0801603206413 1.75901605537e-12
0.100200400802 2.39011919555e-12
0.120240480962 3.32597518354e-12
0.140280561122 3.23660498337e-12
0.160320641283 2.67924615577e-12
0.180360721443 2.60548874339e-12
0.200400801603 2.63398136337e-12
0.220440881764 2.83020516423e-11
0.240480961924 3.08504586197e-11
0.260521042084 3.15662033134e-12
0.280561122244 3.36224749555e-12
0.300601202405 3.56535562571e-12
0.320641282565 3.78472913128e-12
0.340681362725 4.0324418614e-12
0.360721442886 4.24131684139e-12
0.380761523046 4.44473619138e-12
0.400801603206 4.64098393057e-12
0.420841683367 4.83922832781e-12
0.440881763527 5.03899489635e-12
0.460921843687 5.23529122609e-12
0.480961923848 5.4282816291e-12
0.501002004008 5.61354318213e-12
0.521042084168 5.79880983709e-12
0.541082164329 5.98408235608e-12
0.561122244489 6.16769363044e-12
0.581162324649 6.35171712359e-12
0.60120240481 6.53942999377e-12
0.62124248497 6.72376188876e-12
0.64128256513 6.90562285684e-12
0.661322645291 7.09098219784e-12
0.681362725451 7.2690139358e-12
0.701402805611 7.42227136091e-12
0.721442885772 7.57607629027e-12
0.741482965932 7.73047957517e-12
0.761523046092 7.87573278664e-12
0.781563126253 8.02052226296e-12
0.801603206413 8.1673378387e-12
0.821643286573 8.28531809125e-12
0.841683366733 8.38310168462e-12
0.861723446894 8.48372534281e-12
0.881763527054 8.56853922712e-12
0.901803607214 8.60613617759e-12
0.921843687375 8.64528633196e-12
0.941883767535 8.68605069774e-12
0.961923847695 8.69954995889e-12
0.981963927856 8.71111007044e-12
1.00200400802 8.72353512289e-12
1.02204408818 8.74897514466e-12
1.04208416834 8.78314880675e-12
1.0621242485 8.81942336927e-12
1.08216432866 8.85277087721e-12
1.10220440882 8.87699064692e-12
1.12224448898 8.90183011036e-12
1.14228456914 8.9272820515e-12
1.1623246493 8.9164889479e-12
1.18236472946 8.9039005602e-12
1.20240480962 8.89403942625e-12
1.22244488978 8.88133916566e-12
1.24248496994 8.86681426948e-12
1.2625250501 8.85327225222e-12
1.28256513026 8.8418868602e-12
1.30260521042 8.83561063975e-12
1.32264529058 8.83018766447e-12
1.34268537074 8.8255666661e-12
1.3627254509 8.8351198746e-12
1.38276553106 8.8457940478e-12
1.40280561122 8.85803591719e-12
1.42284569138 8.85929731451e-12
1.44288577154 8.853802961e-12
1.4629258517 8.85026570468e-12
1.48296593186 8.84863162371e-12
1.50300601202 8.85087362541e-12
1.52304609218 8.85309082986e-12
1.54308617234 8.8552858711e-12
1.56312625251 8.83787595217e-12
1.58316633267 8.81997885327e-12
1.60320641283 8.80346776053e-12
1.62324649299 8.78734158532e-12
1.64328657315 8.77144202201e-12
1.66332665331 8.75657202311e-12
1.68336673347 8.74671890774e-12
1.70340681363 8.74823666278e-12
1.72344689379 8.75044973554e-12
1.74348697395 8.75325367707e-12
1.76352705411 8.70496973617e-12
1.78356713427 8.65512404647e-12
1.80360721443 8.6054158574e-12
1.82364729459 8.5726452325e-12
1.84368737475 8.54941151416e-12
1.86372745491 8.52760010992e-12
1.88376753507 8.52104457565e-12
1.90380761523 8.54804195326e-12
1.92384769539 8.57539190867e-12
1.94388777555 8.60302667156e-12
1.96392785571 8.57070952414e-12
1.98396793587 8.53726340322e-12
2.00400801603 8.50414618133e-12
2.02404809619 8.47350311921e-12
2.04408817635 8.44419168095e-12
2.06412825651 8.41578342348e-12
2.08416833667 8.38792355474e-12
2.10420841683 8.36100259569e-12
2.12424849699 8.33433713178e-12
2.14428857715 8.30786779985e-12
2.16432865731 8.27704099438e-12
2.18436873747 8.24626467505e-12
2.20440881764 8.21578859364e-12
2.2244488978 8.17205508702e-12
2.24448897796 8.12150540216e-12
2.26452905812 8.07149056001e-12
2.28456913828 8.01945503764e-12
2.30460921844 7.96342769582e-12
2.3246492986 7.90745524277e-12
2.34468937876 7.85162984007e-12
2.36472945892 7.82035756386e-12
2.38476953908 7.78920517668e-12
2.40480961924 7.75816756501e-12
2.4248496994 7.72459130905e-12
2.44488977956 7.689820324e-12
2.46492985972 7.65515004573e-12
2.48496993988 7.60803832092e-12
2.50501002004 7.53677676931e-12
2.5250501002 7.46560358022e-12
2.54509018036 7.39508234262e-12
2.56513026052 7.37565312654e-12
2.58517034068 7.35630144182e-12
2.60521042084 7.33702398161e-12
2.625250501 7.28994497431e-12
2.64529058116 7.22988437935e-12
2.66533066132 7.16988891074e-12
2.68537074148 7.11084852522e-12
2.70541082164 7.05351687852e-12
2.7254509018 6.99624237522e-12
2.74549098196 6.93935976414e-12
2.76553106212 6.89799638882e-12
2.78557114228 6.85668315247e-12
2.80561122244 6.81541791657e-12
2.82565130261 6.7388000209e-12
2.84569138277 6.64642977426e-12
2.86573146293 6.55410164435e-12
2.88577154309 6.48027121141e-12
2.90581162325 6.4390714065e-12
2.92585170341 6.39790855581e-12
2.94589178357 6.35600638767e-12
2.96593186373 6.29045201536e-12
2.98597194389 6.22493006755e-12
3.00601202405 6.15943916129e-12
3.02605210421 6.09229927742e-12
3.04609218437 6.02447449493e-12
3.06613226453 5.95667694902e-12
3.08617234469 5.89116554882e-12
3.10621242485 5.82949622138e-12
3.12625250501 5.76785079197e-12
3.14629258517 5.70661157461e-12
3.16633266533 5.65413650924e-12
3.18637274549 5.60168241256e-12
3.20641282565 5.54924839022e-12
3.22645290581 5.47949310599e-12
3.24649298597 5.40274613895e-12
3.26653306613 5.32601678562e-12
3.28657314629 5.24523551462e-12
3.30661322645 5.15789432286e-12
3.32665330661 5.07056858578e-12
3.34669338677 4.98468458047e-12
3.36673346693 4.92464960539e-12
3.38677354709 4.86462819063e-12
3.40681362725 4.8046197578e-12
3.42685370741 4.74003279028e-12
3.44689378758 4.67369400354e-12
3.46693386774 4.60736660747e-12
3.4869739479 4.54260619359e-12
3.50701402806 4.48026400752e-12
3.52705410822 4.41793181589e-12
3.54709418838 4.35494247829e-12
3.56713426854 4.28199179478e-12
3.5871743487 4.20904988063e-12
3.60721442886 4.13611636179e-12
3.62725450902 4.06776799819e-12
3.64729458918 4.00109636923e-12
3.66733466934 3.93443210652e-12
3.6873747495 3.87068875244e-12
3.70741482966 3.81127048028e-12
3.72745490982 3.75185867145e-12
3.74749498998 3.69269063699e-12
3.76753507014 3.63654497315e-12
3.7875751503 3.58040498038e-12
3.80761523046 3.5242704168e-12
3.82765531062 3.45809100566e-12
3.84769539078 3.38844258196e-12
3.86773547094 3.31879892197e-12
3.8877755511 3.25410947093e-12
3.90781563126 3.19645249465e-12
3.92785571142 3.13879969816e-12
3.94789579158 3.08167164951e-12
3.96793587174 3.03027450409e-12
3.9879759519 2.97888102612e-12
4.00801603206 2.92749105916e-12
4.02805611222 2.86979881456e-12
4.04809619238 2.81004652057e-12
4.06813627255 2.75029730723e-12
4.08817635271 2.69547381536e-12
4.10821643287 2.6473524134e-12
4.12825651303 2.59923371447e-12
4.14829659319 2.55089107281e-12
4.16833667335 2.50035941205e-12
4.18837675351 2.44983012299e-12
4.20841683367 2.39930310448e-12
4.22845691383 2.35312482214e-12
4.24849699399 2.30829279681e-12
4.26853707415 2.26346276373e-12
4.28857715431 2.21728649153e-12
4.30861723447 2.16935320274e-12
4.32865731463 2.12142166198e-12
4.34869739479 2.07413152165e-12
4.36873747495 2.03235332237e-12
4.38877755511 1.99057665685e-12
4.40881763527 1.94880145969e-12
4.42885771543 1.91057849408e-12
4.44889779559 1.87339290019e-12
4.46893787575 1.83620859467e-12
4.48897795591 1.79864202786e-12
4.50901803607 1.76059688263e-12
4.52905811623 1.72255286783e-12
4.54909819639 1.68473703499e-12
4.56913827655 1.64868105651e-12
4.58917835671 1.6126260699e-12
4.60921843687 1.57657203286e-12
4.62925851703 1.54099529329e-12
4.64929859719 1.50555031223e-12
4.66933867735 1.47010616435e-12
4.68937875752 1.43686864417e-12
4.70941883768 1.40627852862e-12
4.72945891784 1.37568914411e-12
4.749498998 1.34473099708e-12
4.76953907816 1.31117994813e-12
4.78957915832 1.27762954062e-12
4.80961923848 1.24407974718e-12
4.82965931864 1.21414446156e-12
4.8496993988 1.18514276027e-12
4.86973947896 1.15614159778e-12
4.88977955912 1.12788194277e-12
4.90981963928 1.10047561436e-12
4.92985971944 1.07306975872e-12
4.9498997996 1.04608732584e-12
4.96993987976 1.0218148636e-12
4.98997995992 9.97542816183e-13
5.01002004008 9.73794981434e-13
5.03006012024 9.50533602059e-13
5.0501002004 9.27272586652e-13
5.07014028056 9.05432208417e-13
5.09018036072 8.83621444339e-13
5.11022044088 8.61810999614e-13
5.13026052104 8.40000860623e-13
5.1503006012 8.18191014325e-13
5.17034068136 7.98162406191e-13
5.19038076152 7.7824895157e-13
5.21042084168 7.58335753765e-13
5.23046092184 7.38422801821e-13
5.250501002 7.18510085253e-13
5.27054108216 7.00667548122e-13
5.29058116232 6.83057773555e-13
5.31062124248 6.65448205512e-13
5.33066132265 6.47838835184e-13
5.35070140281 6.30229654139e-13
5.37074148297 6.13198932876e-13
5.39078156313 5.96263617137e-13
5.41082164329 5.79328467479e-13
5.43086172345 5.62393476819e-13
5.45090180361 5.45458638374e-13
5.47094188377 5.30394434853e-13
5.49098196393 5.15745971731e-13
5.51102204409 5.01097642168e-13
5.53106212425 4.86449440465e-13
5.55110220441 4.71801361169e-13
5.57114228457 4.57847211986e-13
5.59118236473 4.44091432692e-13
5.61122244489 4.30335760801e-13
5.63126252505 4.16580191732e-13
5.65130260521 4.028247211e-13
5.67134268537 3.90354322582e-13
5.69138276553 3.78341718137e-13
5.71142284569 3.66329200062e-13
5.73146292585 3.54316764675e-13
5.75150300601 3.42304408447e-13
5.77154308617 3.30765633428e-13
5.79158316633 3.19432814675e-13
5.81162324649 3.08100065378e-13
5.83166332665 2.96767382577e-13
5.85170340681 2.85434763433e-13
5.87174348697 2.74690963967e-13
5.89178356713 2.64255198589e-13
5.91182364729 2.53819489066e-13
5.93186372745 2.43383833017e-13
5.95190380762 2.3294822816e-13
5.97194388778 2.23618326791e-13
5.99198396794 2.14977246577e-13
6.0120240481 2.0633621128e-13
6.03206412826 1.97695218985e-13
6.05210420842 1.89054267857e-13
6.07214428858 1.80879641808e-13
6.09218436874 1.73048628149e-13
6.1122244489 1.65217650612e-13
6.13226452906 1.57386707654e-13
6.15230460922 1.49555797803e-13
6.17234468938 1.41999981361e-13
6.19238476954 1.34682920332e-13
6.2124248497 1.2736588835e-13
6.23246492986 1.20048884178e-13
6.25250501002 1.12731906627e-13
6.27254509018 1.06003606113e-13
6.29258517034 9.98759633547e-14
6.3126252505 9.37483439558e-14
6.33266533066 8.76207469198e-14
6.35270541082 8.14931712931e-14
6.37274549098 7.57778762161e-14
6.39278557114 7.05572766203e-14
6.4128256513 6.53366958096e-14
6.43286573146 6.01161329825e-14
6.45290581162 5.48955873721e-14
6.47294589178 5.0295996921e-14
6.49298597194 4.65747393682e-14
6.5130260521 4.28534969216e-14
6.53306613226 3.91322689371e-14
6.55310621242 3.54110547977e-14
6.57314629259 3.21290638828e-14
6.59318637275 2.95831272751e-14
6.61322645291 2.70372028155e-14
6.63326653307 2.44912899858e-14
6.65330661323 2.194538829e-14
6.67334669339 1.94880442979e-14
6.69338677355 1.72078178557e-14
6.71342685371 1.49276011826e-14
6.73346693387 1.26473938619e-14
6.75350701403 1.03671954948e-14
6.77354709419 8.33016277242e-15
6.79358717435 6.88010197462e-15
6.81362725451 5.4300490329e-15
6.83366733467 3.98000361218e-15
6.85370741483 2.52996539166e-15
6.87374749499 1.38254779592e-15
6.89378757515 1.13090454064e-15
6.91382765531 8.79267602988e-16
6.93386773547 6.27636713512e-16
6.95390781563 3.76011614244e-16
6.97394789579 1.72191763915e-16
6.99398797595 1.45920590792e-16
7.01402805611 1.19654498135e-16
7.03406813627 9.33932692499e-17
7.05410821643 6.71366966882e-17
7.07414829659 4.39116605225e-17
7.09418837675 3.5291732765e-17
7.11422845691 2.6675890576e-17
7.13426853707 1.80639596976e-17
7.15430861723 9.45577330434e-18
7.17434869739 1.96628870985e-18
7.19438877756 1.8566098932e-18
7.21442885772 1.75021657684e-18
7.23446893788 1.64696862735e-18
7.25450901804 1.54673188833e-18
7.2745490982 1.45234642036e-18
7.29458917836 1.3904008343e-18
7.31462925852 1.33109735592e-18
7.33466933868 1.27432329385e-18
7.35470941884 1.21997076324e-18
7.374749499 1.16793648075e-18
7.39478957916 1.1181215683e-18
7.41482965932 1.07043136514e-18
7.43486973948 1.02477524803e-18
7.45490981964 9.8106645898e-19
7.4749498998 9.39221940403e-19
7.49498997996 8.99162177303e-19
7.51503006012 8.60811046156e-19
7.53507014028 8.24095670269e-19
7.55511022044 7.88946281287e-19
7.5751503006 7.55296086623e-19
7.59519038076 7.2308114253e-19
7.61523046092 6.92240232595e-19
7.63527054108 6.62714751414e-19
7.65531062124 6.34448593222e-19
7.6753507014 6.07388045282e-19
7.69539078156 5.81481685819e-19
7.71543086172 5.56680286299e-19
7.73547094188 5.32936717891e-19
7.75551102204 5.10205861905e-19
7.7755511022 4.88444524056e-19
7.79559118236 4.67611352385e-19
7.81563126253 4.4766675868e-19
7.83567134269 4.2857284325e-19
7.85571142285 4.102933229e-19
7.87575150301 3.92793461994e-19
7.89579158317 3.76040006439e-19
7.91583166333 3.60001120499e-19
7.93587174349 3.44646326299e-19
7.95591182365 3.29946445907e-19
7.97595190381 3.15873545892e-19
7.99599198397 3.02400884241e-19
8.01603206413 2.89502859543e-19
8.03607214429 2.77154962341e-19
8.05611222445 2.65333728556e-19
8.07615230461 2.54016694901e-19
8.09619238477 2.43182356197e-19
8.11623246493 2.32810124501e-19
8.13627254509 2.22880289992e-19
8.15631262525 2.13373983514e-19
8.17635270541 2.04273140716e-19
8.19639278557 1.95560467734e-19
8.21643286573 1.87219408318e-19
8.23647294589 1.79234112381e-19
8.25651302605 1.71589405871e-19
8.27655310621 1.64270761945e-19
8.29659318637 1.57264273356e-19
8.31663326653 1.50556626032e-19
8.33667334669 1.44135073774e-19
8.35671342685 1.37987414034e-19
8.37675350701 1.32101964728e-19
8.39679358717 1.26467542038e-19
8.41683366733 1.21073439158e-19
8.43687374749 1.15909405949e-19
8.45691382766 1.10965629464e-19
8.47695390782 1.06232715296e-19
8.49699398798 1.0170166973e-19
8.51703406814 9.73638826523e-20
8.5370741483 9.32111111871e-20
8.55711422846 8.9235464035e-20
8.57715430862 8.5429386477e-20
8.59719438878 8.17856460181e-20
8.61723446894 7.82973186446e-20
8.6372745491 7.4957775666e-20
8.65731462926 7.17606711196e-20
8.67735470942 6.86999297109e-20
8.69739478958 6.57697352692e-20
8.71743486974 6.29645196958e-20
8.7374749499 6.02789523829e-20
8.75751503006 5.77079300839e-20
8.77755511022 5.52465672167e-20
8.79759519038 5.2890186579e-20
8.81763527054 5.06343104612e-20
8.8376753507 4.8474652137e-20
8.85771543086 4.64071077181e-20
8.87775551102 4.44277483554e-20
8.89779559118 4.25328127735e-20
8.91783567134 4.0718700123e-20
8.9378757515 3.89819631383e-20
8.95791583166 3.73193015869e-20
8.97795591182 3.5727555998e-20
8.99799599198 3.42037016587e-20
9.01803607214 3.27448428665e-20
9.0380761523 3.13482074264e-20
9.05811623246 3.00111413837e-20
9.07815631263 2.87311039798e-20
9.09819639279 2.75056628253e-20
9.11823647295 2.63324892767e-20
9.13827655311 2.52093540124e-20
9.15831663327 2.41341227958e-20
9.17835671343 2.31047524199e-20
9.19839679359 2.21192868248e-20
9.21843687375 2.11758533805e-20
9.23847695391 2.02726593287e-20
9.25851703407 1.94079883759e-20
9.27855711423 1.8580197432e-20
9.29859719439 1.77877134881e-20
9.31863727455 1.70290306275e-20
9.33867735471 1.6302707164e-20
9.35871743487 1.56073629021e-20
9.37875751503 1.49416765147e-20
9.39879759519 1.43043830319e-20
9.41883767535 1.36942714375e-20
9.43887775551 1.31101823676e-20
9.45891783567 1.25510059075e-20
9.47895791583 1.20156794829e-20
9.49899799599 1.15031858401e-20
9.51903807615 1.10125511138e-20
9.53907815631 1.05428429759e-20
9.55911823647 1.00931688639e-20
9.57915831663 9.66267428508e-21
9.59919839679 9.25054119264e-21
9.61923847695 8.8559864311e-21
9.63927855711 8.47826024819e-21
9.65931863727 8.11664487014e-21
9.67935871743 7.77045313773e-21
9.6993987976 7.43902720048e-21
9.71943887776 7.12173726662e-21
9.73947895792 6.81798040629e-21
9.75951903808 6.52717940585e-21
9.77955911824 6.24878167102e-21
9.7995991984 5.98225817679e-21
9.81963927856 5.72710246219e-21
9.83967935872 5.48282966785e-21
9.85971943888 5.24897561465e-21
9.87975951904 5.02509592169e-21
9.8997995992 4.81076516181e-21
9.91983967936 4.60557605322e-21
9.93987975952 4.40913868555e-21
9.95991983968 4.22107977889e-21
9.97995991984 4.04104197451e-21
10.0 3.86868315578e-21
