0.0 0.0
0.0200400801603 0.0
0.0400801603206 0.0
0.060120240481 0.0
0.0801603206413 0.0
0.100200400802 0.0
0.120240480962 0.0
0.140280561122 0.0
0.160320641283 0.0
0.180360721443 0.0
0.200400801603 0.0
0.220440881764 0.0
0.240480961924 0.0
0.260521042084 0.0
0.280561122244 0.0
0.300601202405 0.0
0.320641282565 0.0
0.340681362725 4.01853851475e-12
0.360721442886 4.52355154993e-12
0.380761523046 5.01932720304e-12
0.400801603206 5.51510285616e-12
0.420841683367 6.01502814008e-12
0.440881763527 6.51811693461e-12
0.460921843687 7.02120572913e-12
0.480961923848 7.51929045319e-12
0.501002004008 8.0013123998e-12
0.521042084168 8.48333434641e-12
0.541082164329 8.96535629303e-12
0.561122244489 9.44392569459e-12
0.581162324649 9.92214379071e-12
0.60120240481 1.04003618868e-11
0.62124248497 1.08715533422e-11
0.64128256513 1.13376094995e-11
0.661322645291 1.18036656567e-11
0.681362725451 1.22527536501e-11
0.701402805611 1.26503534823e-11
0.721442885772 1.30479533144e-11
0.741482965932 1.34455531466e-11
0.761523046092 1.38241364894e-11
0.781563126253 1.42010207469e-11
0.801603206413 1.45779050044e-11
0.821643286573 1.4894861151e-11
0.841683366733 1.51698428198e-11
0.861723446894 1.54448244886e-11
0.881763527054 1.5685648981e-11
0.901803607214 1.58283430785e-11
0.921843687375 1.59710371759e-11
0.941883767535 1.61137312734e-11
0.961923847695 1.61997606266e-11
0.981963927856 1.62814143501e-11
1.00200400802 1.63630680735e-11
1.02204408818 1.64717706537e-11
1.04208416834 1.65986242552e-11
1.0621242485 1.67254778567e-11
1.08216432866 1.68453670181e-11
1.10220440882 1.69462861093e-11
1.12224448898 1.70472052004e-11
1.14228456914 1.71481242915e-11
1.1623246493 1.7173715735e-11
1.18236472946 1.71943838897e-11
1.20240480962 1.72150520445e-11
1.22244488978 1.72298196759e-11
1.24248496994 1.72407951888e-11
1.2625250501 1.72517707017e-11
1.28256513026 1.72668525581e-11
1.30260521042 1.72925527453e-11
1.32264529058 1.73182529326e-11
1.34268537074 1.73439531198e-11
1.3627254509 1.73991113934e-11
1.38276553106 1.74558531982e-11
1.40280561122 1.75125950029e-11
1.42284569138 1.75465162225e-11
1.44288577154 1.7566397045e-11
1.4629258517 1.75862778676e-11
1.48296593186 1.76094364103e-11
1.50300601202 1.76406505697e-11
1.52304609218 1.76718647292e-11
1.54308617234 1.77030788886e-11
1.56312625251 1.76935482913e-11
1.58316633267 1.7682290015e-11
1.60320641283 1.76710317388e-11
1.62324649299 1.76605734321e-11
1.64328657315 1.76505860902e-11
1.66332665331 1.76405987484e-11
1.68336673347 1.76407175027e-11
1.70340681363 1.76644682025e-11
1.72344689379 1.76882189023e-11
1.74348697395 1.77119696021e-11
1.76352705411 1.76295449604e-11
1.78356713427 1.75437979231e-11
1.80360721443 1.74580508859e-11
1.82364729459 1.74075049878e-11
1.84368737475 1.73767795298e-11
1.86372745491 1.73460540718e-11
1.88376753507 1.73466404139e-11
1.90380761523 1.74169593757e-11
1.92384769539 1.74872783375e-11
1.94388777555 1.75575972993e-11
1.96392785571 1.75033189154e-11
1.98396793587 1.74464968688e-11
2.00400801603 1.73896748223e-11
2.02404809619 1.73379947928e-11
2.04408817635 1.72890822613e-11
2.06412825651 1.72401697299e-11
2.08416833667 1.71921763852e-11
2.10420841683 1.71461343655e-11
2.12424849699 1.71000923458e-11
2.14428857715 1.7054050326e-11
2.16432865731 1.69989522206e-11
2.18436873747 1.69437656775e-11
2.20440881764 1.68885791343e-11
2.2244488978 1.68058398413e-11
2.24448897796 1.67089345656e-11
2.26452905812 1.66120292899e-11
2.28456913828 1.6510811061e-11
2.30460921844 1.64008580774e-11
2.3246492986 1.62909050938e-11
2.34468937876 1.61809858631e-11
2.36472945892 1.61218348398e-11
2.38476953908 1.60626838164e-11
2.40480961924 1.60035327931e-11
2.4248496994 1.59388773729e-11
2.44488977956 1.5871520339e-11
2.46492985972 1.5804163305e-11
2.48496993988 1.57107489893e-11
2.50501002004 1.55669525498e-11
2.5250501002 1.54231561103e-11
2.54509018036 1.52805388039e-11
2.56513026052 1.52439371299e-11
2.58517034068 1.52073354558e-11
2.60521042084 1.51707337818e-11
2.625250501 1.5076204801e-11
2.64529058116 1.49545549587e-11
2.66533066132 1.48329051164e-11
2.68537074148 1.47131106337e-11
2.70541082164 1.45967433512e-11
2.7254509018 1.44803760687e-11
2.74549098196 1.43647095561e-11
2.76553106212 1.42811876417e-11
2.78557114228 1.41976657274e-11
2.80561122244 1.41141438131e-11
2.82565130261 1.39570533804e-11
2.84569138277 1.37671335927e-11
2.86573146293 1.35772138051e-11
2.88577154309 1.34256537648e-11
2.90581162325 1.33418293494e-11
2.92585170341 1.3258004934e-11
2.94589178357 1.31725704781e-11
2.96593186373 1.30379095364e-11
2.98597194389 1.29032485947e-11
3.00601202405 1.2768587653e-11
3.02605210421 1.2630437899e-11
3.04609218437 1.24908056009e-11
3.06613226453 1.23511733028e-11
3.08617234469 1.22162380832e-11
3.10621242485 1.20892359181e-11
3.12625250501 1.1962233753e-11
3.14629258517 1.18360282651e-11
3.16633266533 1.17279916899e-11
3.18637274549 1.16199551147e-11
3.20641282565 1.15119185396e-11
3.22645290581 1.136784345e-11
3.24649298597 1.12091993915e-11
3.26653306613 1.1050555333e-11
3.28657314629 1.0883455177e-11
3.30661322645 1.0702688065e-11
3.32665330661 1.0521920953e-11
3.34669338677 1.03441194257e-11
3.36673346693 1.02200101943e-11
3.38677354709 1.00959009629e-11
3.40681362725 9.97179173145e-12
3.42685370741 9.83814115615e-12
3.44689378758 9.70082506795e-12
3.46693386774 9.56350897975e-12
3.4869739479 9.42942686877e-12
3.50701402806 9.3003488353e-12
3.52705410822 9.17127080183e-12
3.54709418838 9.04080714431e-12
3.56713426854 8.88962190225e-12
3.5871743487 8.73843666019e-12
3.60721442886 8.58725141813e-12
3.62725450902 8.4455787462e-12
3.64729458918 8.3073748208e-12
3.66733466934 8.16917089541e-12
3.6873747495 8.0370228036e-12
3.70741482966 7.91384944726e-12
3.72745490982 7.79067609093e-12
3.74749498998 7.66799650826e-12
3.76753507014 7.55158597144e-12
3.7875751503 7.43517543463e-12
3.80761523046 7.31876489781e-12
3.82765531062 7.18146747098e-12
3.84769539078 7.03695009499e-12
3.86773547094 6.89243271899e-12
3.8877755511 6.75820213876e-12
3.90781563126 6.63857799379e-12
3.92785571142 6.51895384883e-12
3.94789579158 6.4004119648e-12
3.96793587174 6.29377258756e-12
3.9879759519 6.18713321032e-12
4.00801603206 6.08049383308e-12
4.02805611222 5.96074952109e-12
4.04809619238 5.8367171451e-12
4.06813627255 5.71268476911e-12
4.08817635271 5.59888333238e-12
4.10821643287 5.4990049018e-12
4.12825651303 5.39912647121e-12
4.14829659319 5.29877724503e-12
4.16833667335 5.19387345763e-12
4.18837675351 5.08896967023e-12
4.20841683367 4.98406588283e-12
4.22845691383 4.88819550473e-12
4.24849699399 4.79511871177e-12
4.26853707415 4.70204191881e-12
4.28857715431 4.60616328921e-12
4.30861723447 4.50662927802e-12
4.32865731463 4.40709526683e-12
4.34869739479 4.3088907926e-12
4.36873747495 4.22213839059e-12
4.38877755511 4.13538598858e-12
4.40881763527 4.04863358657e-12
4.42885771543 3.96926082389e-12
4.44889779559 3.89204122168e-12
4.46893787575 3.81482161948e-12
4.48897795591 3.73680500479e-12
4.50901803607 3.65779131215e-12
4.52905811623 3.57877761951e-12
4.54909819639 3.50023590556e-12
4.56913827655 3.42534952284e-12
4.58917835671 3.35046314013e-12
4.60921843687 3.27557675741e-12
4.62925851703 3.20168044704e-12
4.64929859719 3.12805616012e-12
4.66933867735 3.0544318732e-12
4.68937875752 2.98539193681e-12
4.70941883768 2.9218524831e-12
4.72945891784 2.85831302938e-12
4.749498998 2.79400572635e-12
4.76953907816 2.72430823345e-12
4.78957915832 2.65461074054e-12
4.80961923848 2.58491324764e-12
4.82965931864 2.52272652175e-12
4.8496993988 2.46247888343e-12
4.86973947896 2.4022312451e-12
4.88977955912 2.34352360096e-12
4.90981963928 2.28658838907e-12
4.92985971944 2.22965317718e-12
4.9498997996 2.17359701919e-12
4.96993987976 2.1231720606e-12
4.98997995992 2.07274710202e-12
5.01002004008 2.0234107831e-12
5.03006012024 1.97508466849e-12
5.0501002004 1.92675855389e-12
5.07014028056 1.88138420854e-12
5.09018036072 1.83607071666e-12
5.11022044088 1.79075722478e-12
5.13026052104 1.74544373291e-12
5.1503006012 1.70013024103e-12
5.17034068136 1.658518093e-12
5.19038076152 1.61714470964e-12
5.21042084168 1.57577132627e-12
5.23046092184 1.53439794291e-12
5.250501002 1.49302455954e-12
5.27054108216 1.45595313729e-12
5.29058116232 1.41936501439e-12
5.31062124248 1.38277689148e-12
5.33066132265 1.34618876857e-12
5.35070140281 1.30960064567e-12
5.37074148297 1.27421435228e-12
5.39078156313 1.23902597852e-12
5.41082164329 1.20383760476e-12
5.43086172345 1.168649231e-12
5.45090180361 1.13346085724e-12
5.47094188377 1.10215989906e-12
5.49098196393 1.07172267928e-12
5.51102204409 1.04128545951e-12
5.53106212425 1.01084823974e-12
5.55110220441 9.80411019972e-13
5.57114228457 9.51415743393e-13
5.59118236473 9.22832503449e-13
5.61122244489 8.94249263505e-13
5.63126252505 8.6566602356e-13
5.65130260521 8.37082783616e-13
5.67134268537 8.11170097985e-13
5.69138276553 7.86208652858e-13
5.71142284569 7.61247207732e-13
5.73146292585 7.36285762606e-13
5.75150300601 7.1132431748e-13
5.77154308617 6.87346953074e-13
5.79158316633 6.63797474356e-13
5.81162324649 6.40247995639e-13
5.83166332665 6.16698516922e-13
5.85170340681 5.93149038205e-13
5.87174348697 5.70823169797e-13
5.89178356713 5.49137363736e-13
5.91182364729 5.27451557675e-13
5.93186372745 5.05765751614e-13
5.95190380762 4.84079945552e-13
5.97194388778 4.64692008113e-13
5.99198396794 4.46735542019e-13
6.0120240481 4.28779075925e-13
6.03206412826 4.10822609831e-13
6.05210420842 3.92866143737e-13
6.07214428858 3.75878753628e-13
6.09218436874 3.59605410668e-13
6.1122244489 3.43332067708e-13
6.13226452906 3.27058724748e-13
6.15230460922 3.10785381788e-13
6.17234468938 2.95083696338e-13
6.19238476954 2.79878150378e-13
6.2124248497 2.64672604417e-13
6.23246492986 2.49467058457e-13
6.25250501002 2.34261512496e-13
6.27254509018 2.20279354084e-13
6.29258517034 2.07545484868e-13
6.3126252505 1.94811615652e-13
6.33266533066 1.82077746436e-13
6.35270541082 1.6934387722e-13
6.37274549098 1.57466803195e-13
6.39278557114 1.46617808156e-13
6.4128256513 1.35768813116e-13
6.43286573146 1.24919818077e-13
6.45290581162 1.14070823038e-13
6.47294589178 1.04512317503e-13
6.49298597194 9.67792080433e-14
6.5130260521 8.90460985836e-14
6.53306613226 8.1312989124e-14
6.55310621242 7.35798796643e-14
6.57314629259 6.67595750876e-14
6.59318637275 6.14689770959e-14
6.61322645291 5.61783791042e-14
6.63326653307 5.08877811125e-14
6.65330661323 4.55971831208e-14
6.67334669339 4.04906114042e-14
6.69338677355 3.5752119788e-14
6.71342685371 3.10136281718e-14
6.73346693387 2.62751365556e-14
6.75350701403 2.15366449394e-14
6.77354709419 1.73035037907e-14
6.79358717435 1.42902423926e-14
6.81362725451 1.12769809945e-14
6.83366733467 8.26371959643e-15
6.85370741483 5.25045819835e-15
6.87374749499 2.86611533796e-15
6.89378757515 2.34343597472e-15
6.91382765531 1.82075661148e-15
6.93386773547 1.29807724823e-15
6.95390781563 7.75397884993e-16
6.97394789579 3.52060084484e-16
6.99398797595 2.97708569777e-16
7.01402805611 2.43357055069e-16
7.03406813627 1.89005540362e-16
7.05410821643 1.34654025655e-16
7.07414829659 8.65936527376e-17
7.09418837675 6.88780345195e-17
7.11422845691 5.11624163013e-17
7.13426853707 3.34467980832e-17
7.15430861723 1.5731179865e-17
7.17434869739 3.3309616209e-19
7.19438877756 2.65243052079e-19
7.21442885772 1.97389942068e-19
7.23446893788 1.29536832057e-19
7.25450901804 6.16837220455e-20
7.2745490982 0.0
7.29458917836 0.0
7.31462925852 0.0
7.33466933868 0.0
7.35470941884 0.0
7.374749499 0.0
7.39478957916 0.0
7.41482965932 0.0
7.43486973948 0.0
7.45490981964 0.0
7.4749498998 0.0
7.49498997996 0.0
7.51503006012 0.0
7.53507014028 0.0
7.55511022044 0.0
7.5751503006 0.0
7.59519038076 0.0
7.61523046092 0.0
7.63527054108 0.0
7.65531062124 0.0
7.6753507014 0.0
7.69539078156 0.0
7.71543086172 0.0
7.73547094188 0.0
7.75551102204 0.0
7.7755511022 0.0
7.79559118236 0.0
7.81563126253 0.0
7.83567134269 0.0
7.85571142285 0.0
7.87575150301 0.0
7.89579158317 0.0
7.91583166333 0.0
7.93587174349 0.0
7.95591182365 0.0
7.97595190381 0.0
7.99599198397 0.0
8.01603206413 0.0
8.03607214429 0.0
8.05611222445 0.0
8.07615230461 0.0
8.09619238477 0.0
8.11623246493 0.0
8.13627254509 0.0
8.15631262525 0.0
8.17635270541 0.0
8.19639278557 0.0
8.21643286573 0.0
8.23647294589 0.0
8.25651302605 0.0
8.27655310621 0.0
8.29659318637 0.0
8.31663326653 0.0
8.33667334669 0.0
8.35671342685 0.0
8.37675350701 0.0
8.39679358717 0.0
8.41683366733 0.0
8.43687374749 0.0
8.45691382766 0.0
8.47695390782 0.0
8.49699398798 0.0
8.51703406814 0.0
8.5370741483 0.0
8.55711422846 0.0
8.57715430862 0.0
8.59719438878 0.0
8.61723446894 0.0
8.6372745491 0.0
8.65731462926 0.0
8.67735470942 0.0
8.69739478958 0.0
8.71743486974 0.0
8.7374749499 0.0
8.75751503006 0.0
8.77755511022 0.0
8.79759519038 0.0
8.81763527054 0.0
8.8376753507 0.0
8.85771543086 0.0
8.87775551102 0.0
8.89779559118 0.0
8.91783567134 0.0
8.9378757515 0.0
8.95791583166 0.0
8.97795591182 0.0
8.99799599198 0.0
9.01803607214 0.0
9.0380761523 0.0
9.05811623246 0.0
9.07815631263 0.0
9.09819639279 0.0
9.11823647295 0.0
9.13827655311 0.0
9.15831663327 0.0
9.17835671343 0.0
9.19839679359 0.0
9.21843687375 0.0
9.23847695391 0.0
9.25851703407 0.0
9.27855711423 0.0
9.29859719439 0.0
9.31863727455 0.0
9.33867735471 0.0
9.35871743487 0.0
9.37875751503 0.0
9.39879759519 0.0
9.41883767535 0.0
9.43887775551 0.0
9.45891783567 0.0
9.47895791583 0.0
9.49899799599 0.0
9.51903807615 0.0
9.53907815631 0.0
9.55911823647 0.0
9.57915831663 0.0
9.59919839679 0.0
9.61923847695 0.0
9.63927855711 0.0
9.65931863727 0.0
9.67935871743 0.0
9.6993987976 0.0
9.71943887776 0.0
9.73947895792 0.0
9.75951903808 0.0
9.77955911824 0.0
9.7995991984 0.0
9.81963927856 0.0
9.83967935872 0.0
9.85971943888 0.0
9.87975951904 0.0
9.8997995992 0.0
9.91983967936 0.0
9.93987975952 0.0
9.95991983968 0.0
9.97995991984 0.0
10.0 0.0
