0.0 0.0
0.0200400801603 0.0
0.0400801603206 0.0
0.060120240481 0.0
0.0801603206413 0.0
0.100200400802 0.0
0.120240480962 0.0
0.140280561122 0.0
0.160320641283 0.0
0.180360721443 0.0
0.200400801603 0.0
0.220440881764 0.0
0.240480961924 0.0
0.260521042084 2.72012110634e-12
0.280561122244 3.32003788858e-12
0.300601202405 3.91296924718e-12
0.320641282565 4.58039196727e-12
0.340681362725 5.36192929974e-12
0.360721442886 6.03576735806e-12
0.380761523046 6.69727999276e-12
0.400801603206 7.35879262746e-12
0.420841683367 8.02584210769e-12
0.440881763527 8.69711265489e-12
0.460921843687 9.36838320209e-12
0.480961923848 1.00329768263e-11
0.501002004008 1.06761379132e-11
0.521042084168 1.1319299e-11
0.541082164329 1.19624600869e-11
0.561122244489 1.26010144485e-11
0.581162324649 1.3239100064e-11
0.60120240481 1.38771856794e-11
0.62124248497 1.45058956597e-11
0.64128256513 1.51277536202e-11
0.661322645291 1.57496115807e-11
0.681362725451 1.63488289481e-11
0.701402805611 1.68793457471e-11
0.721442885772 1.74098625461e-11
0.741482965932 1.79403793452e-11
0.761523046092 1.84455224739e-11
0.781563126253 1.89483985159e-11
0.801603206413 1.9451274558e-11
0.821643286573 1.98741886206e-11
0.841683366733 2.02410962068e-11
0.861723446894 2.06080037931e-11
0.881763527054 2.09293355153e-11
0.901803607214 2.11197320138e-11
0.921843687375 2.13101285123e-11
0.941883767535 2.15005250108e-11
0.961923847695 2.16153138346e-11
0.981963927856 2.17242642629e-11
1.00200400802 2.18332146911e-11
1.02204408818 2.19782563642e-11
1.04208416834 2.21475169151e-11
1.0621242485 2.23167774659e-11
1.08216432866 2.24767453759e-11
1.10220440882 2.26114015524e-11
1.12224448898 2.27460577289e-11
1.14228456914 2.28807139054e-11
1.1623246493 2.29148605262e-11
1.18236472946 2.29424380109e-11
1.20240480962 2.29700154957e-11
1.22244488978 2.29897199219e-11
1.24248496994 2.30043645306e-11
1.2625250501 2.30190091393e-11
1.28256513026 2.30391328354e-11
1.30260521042 2.30734245528e-11
1.32264529058 2.31077162701e-11
1.34268537074 2.31420079875e-11
1.3627254509 2.32156055808e-11
1.38276553106 2.32913160771e-11
1.40280561122 2.33670265734e-11
1.42284569138 2.34122876007e-11
1.44288577154 2.34388145493e-11
1.4629258517 2.3465341498e-11
1.48296593186 2.34962419033e-11
1.50300601202 2.35378909046e-11
1.52304609218 2.3579539906e-11
1.54308617234 2.36211889073e-11
1.56312625251 2.36084722471e-11
1.58316633267 2.35934503477e-11
1.60320641283 2.35784284483e-11
1.62324649299 2.35644739469e-11
1.64328657315 2.35511478532e-11
1.66332665331 2.35378217595e-11
1.68336673347 2.35379802132e-11
1.70340681363 2.35696707327e-11
1.72344689379 2.36013612522e-11
1.74348697395 2.36330517717e-11
1.76352705411 2.35230727084e-11
1.78356713427 2.34086605783e-11
1.80360721443 2.32942484482e-11
1.82364729459 2.322680514e-11
1.84368737475 2.31858082121e-11
1.86372745491 2.31448112843e-11
1.88376753507 2.31455936396e-11
1.90380761523 2.32394201141e-11
1.92384769539 2.33332465887e-11
1.94388777555 2.34270730632e-11
1.96392785571 2.33546495052e-11
1.98396793587 2.32788319424e-11
2.00400801603 2.32030143796e-11
2.02404809619 2.31340578016e-11
2.04408817635 2.30687938917e-11
2.06412825651 2.30035299818e-11
2.08416833667 2.29394925413e-11
2.10420841683 2.28780587505e-11
2.12424849699 2.28166249597e-11
2.14428857715 2.27551911688e-11
2.16432865731 2.26816738578e-11
2.18436873747 2.26080385445e-11
2.20440881764 2.25344032312e-11
2.2244488978 2.24240043291e-11
2.24448897796 2.22947037799e-11
2.26452905812 2.21654032307e-11
2.28456913828 2.20303479151e-11
2.30460921844 2.18836378308e-11
2.3246492986 2.17369277466e-11
2.34468937876 2.15902626986e-11
2.36472945892 2.15113375859e-11
2.38476953908 2.14324124733e-11
2.40480961924 2.13534873606e-11
2.4248496994 2.12672177402e-11
2.44488977956 2.11773433612e-11
2.46492985972 2.10874689821e-11
2.48496993988 2.0962826415e-11
2.50501002004 2.07709590634e-11
2.5250501002 2.05790917118e-11
2.54509018036 2.03887976755e-11
2.56513026052 2.03399601223e-11
2.58517034068 2.02911225691e-11
2.60521042084 2.02422850159e-11
2.625250501 2.01161551531e-11
2.64529058116 1.99538379695e-11
2.66533066132 1.9791520786e-11
2.68537074148 1.96316792057e-11
2.70541082164 1.94764105329e-11
2.7254509018 1.93211418601e-11
2.74549098196 1.91668082235e-11
2.76553106212 1.90553650712e-11
2.78557114228 1.89439219189e-11
2.80561122244 1.88324787667e-11
2.82565130261 1.8622873262e-11
2.84569138277 1.83694636031e-11
2.86573146293 1.81160539442e-11
2.88577154309 1.79138276329e-11
2.90581162325 1.7801980854e-11
2.92585170341 1.76901340751e-11
2.94589178357 1.75761390217e-11
2.96593186373 1.73964611498e-11
2.98597194389 1.72167832778e-11
3.00601202405 1.70371054058e-11
3.02605210421 1.68527724173e-11
3.04609218437 1.66664612727e-11
3.06613226453 1.64801501281e-11
3.08617234469 1.63001062875e-11
3.10621242485 1.61306475085e-11
3.12625250501 1.59611887295e-11
3.14629258517 1.57927929555e-11
3.16633266533 1.56486399317e-11
3.18637274549 1.5504486908e-11
3.20641282565 1.53603338843e-11
3.22645290581 1.51680947304e-11
3.24649298597 1.49564162253e-11
3.26653306613 1.47447377202e-11
3.28657314629 1.45217762581e-11
3.30661322645 1.42805789993e-11
3.32665330661 1.40393817404e-11
3.34669338677 1.38021414564e-11
3.36673346693 1.3636542714e-11
3.38677354709 1.34709439716e-11
3.40681362725 1.33053452292e-11
3.42685370741 1.31270154875e-11
3.44689378758 1.29437948579e-11
3.46693386774 1.27605742283e-11
3.4869739479 1.25816686892e-11
3.50701402806 1.24094400824e-11
3.52705410822 1.22372114757e-11
3.54709418838 1.2063134033e-11
3.56713426854 1.18614078144e-11
3.5871743487 1.16596815957e-11
3.60721442886 1.14579553771e-11
3.62725450902 1.1268921765e-11
3.64729458918 1.10845164958e-11
3.66733466934 1.09001112265e-11
3.6873747495 1.07237862459e-11
3.70741482966 1.05594362401e-11
3.72745490982 1.03950862343e-11
3.74749498998 1.02313950699e-11
3.76753507014 1.0076068683e-11
3.7875751503 9.92074229605e-12
3.80761523046 9.76541590914e-12
3.82765531062 9.58222017941e-12
3.84769539078 9.38939088343e-12
3.86773547094 9.19656158745e-12
3.8877755511 9.01745794606e-12
3.90781563126 8.8578436471e-12
3.92785571142 8.69822934815e-12
3.94789579158 8.54005910818e-12
3.96793587174 8.39777036335e-12
3.9879759519 8.25548161851e-12
4.00801603206 8.11319287368e-12
4.02805611222 7.95341823606e-12
4.04809619238 7.78792204174e-12
4.06813627255 7.62242584742e-12
4.08817635271 7.47058077843e-12
4.10821643287 7.33731315355e-12
4.12825651303 7.20404552867e-12
4.14829659319 7.070149722e-12
4.16833667335 6.93017677182e-12
4.18837675351 6.79020382164e-12
4.20841683367 6.65023087146e-12
4.22845691383 6.52231118439e-12
4.24849699399 6.39811897335e-12
4.26853707415 6.27392676231e-12
4.28857715431 6.14599606526e-12
4.30861723447 6.01318799861e-12
4.32865731463 5.88037993196e-12
4.34869739479 5.74934586427e-12
4.36873747495 5.63359227763e-12
4.38877755511 5.51783869098e-12
4.40881763527 5.40208510434e-12
4.42885771543 5.29617815825e-12
4.44889779559 5.19314417063e-12
4.46893787575 5.09011018301e-12
4.48897795591 4.98601274295e-12
4.50901803607 4.88058490343e-12
4.52905811623 4.77515706391e-12
4.54909819639 4.67035898478e-12
4.56913827655 4.57043820806e-12
4.58917835671 4.47051743135e-12
4.60921843687 4.37059665463e-12
4.62925851703 4.27199692982e-12
4.64929859719 4.17376016545e-12
4.66933867735 4.07552340108e-12
4.68937875752 3.98340352803e-12
4.70941883768 3.89862293994e-12
4.72945891784 3.81384235184e-12
4.749498998 3.72803722367e-12
4.76953907816 3.63503997406e-12
4.78957915832 3.54204272446e-12
4.80961923848 3.44904547485e-12
4.82965931864 3.36606982926e-12
4.8496993988 3.285681505e-12
4.86973947896 3.20529318073e-12
4.88977955912 3.12695966816e-12
4.90981963928 3.05099110903e-12
4.92985971944 2.97502254989e-12
4.9498997996 2.90022691091e-12
4.96993987976 2.832944972e-12
4.98997995992 2.76566303309e-12
5.01002004008 2.69983366427e-12
5.03006012024 2.63535220941e-12
5.0501002004 2.57087075455e-12
5.07014028056 2.51032784053e-12
5.09018036072 2.4498661232e-12
5.11022044088 2.38940440587e-12
5.13026052104 2.32894268853e-12
5.1503006012 2.2684809712e-12
5.17034068136 2.21295795085e-12
5.19038076152 2.15775351379e-12
5.21042084168 2.10254907674e-12
5.23046092184 2.04734463968e-12
5.250501002 1.99214020263e-12
5.27054108216 1.94267586518e-12
5.29058116232 1.89385639325e-12
5.31062124248 1.84503692131e-12
5.33066132265 1.79621744938e-12
5.35070140281 1.74739797745e-12
5.37074148297 1.70018210465e-12
5.39078156313 1.65323031569e-12
5.41082164329 1.60627852673e-12
5.43086172345 1.55932673777e-12
5.45090180361 1.51237494881e-12
5.47094188377 1.47061013203e-12
5.49098196393 1.42999779999e-12
5.51102204409 1.38938546794e-12
5.53106212425 1.3487731359e-12
5.55110220441 1.30816080385e-12
5.57114228457 1.26947245423e-12
5.59118236473 1.2313338844e-12
5.61122244489 1.19319531458e-12
5.63126252505 1.15505674475e-12
5.65130260521 1.11691817493e-12
5.67134268537 1.08234292131e-12
5.69138276553 1.04903690633e-12
5.71142284569 1.01573089134e-12
5.73146292585 9.82424876359e-13
5.75150300601 9.49118861375e-13
5.77154308617 9.17125903669e-13
5.79158316633 8.85703873132e-13
5.81162324649 8.54281842594e-13
5.83166332665 8.22859812056e-13
5.85170340681 7.91437781518e-13
5.87174348697 7.61648412195e-13
5.89178356713 7.32713077003e-13
5.91182364729 7.0377774181e-13
5.93186372745 6.74842406618e-13
5.95190380762 6.45907071425e-13
5.97194388778 6.20037778539e-13
5.99198396794 5.96078495502e-13
6.0120240481 5.72119212465e-13
6.03206412826 5.48159929427e-13
6.05210420842 5.2420064639e-13
6.07214428858 5.0153439984e-13
6.09218436874 4.79820905219e-13
6.1122244489 4.58107410599e-13
6.13226452906 4.36393915978e-13
6.15230460922 4.14680421358e-13
6.17234468938 3.93729688409e-13
6.19238476954 3.7344095356e-13
6.2124248497 3.53152218712e-13
6.23246492986 3.32863483863e-13
6.25250501002 3.12574749015e-13
6.27254509018 2.9391837815e-13
6.29258517034 2.76927597497e-13
6.3126252505 2.59936816845e-13
6.33266533066 2.42946036192e-13
6.35270541082 2.2595525554e-13
6.37274549098 2.10107695295e-13
6.39278557114 1.95631899142e-13
6.4128256513 1.81156102988e-13
6.43286573146 1.66680306835e-13
6.45290581162 1.52204510681e-13
6.47294589178 1.39450612541e-13
6.49298597194 1.29132337368e-13
6.5130260521 1.18814062195e-13
6.53306613226 1.08495787021e-13
6.55310621242 9.81775118479e-14
6.57314629259 8.90771907216e-14
6.59318637275 8.20179545638e-14
6.61322645291 7.49587184059e-14
6.63326653307 6.78994822481e-14
6.65330661323 6.08402460903e-14
6.67334669339 5.40265558874e-14
6.69338677355 4.7703994354e-14
6.71342685371 4.13814328207e-14
6.73346693387 3.50588712874e-14
6.75350701403 2.87363097541e-14
6.77354709419 2.30880365144e-14
6.79358717435 1.90674468103e-14
6.81362725451 1.50468571062e-14
6.83366733467 1.1026267402e-14
6.85370741483 7.00567769787e-15
6.87374749499 3.82425295928e-15
6.89378757515 3.12684274862e-15
6.91382765531 2.42943253796e-15
6.93386773547 1.73202232729e-15
6.95390781563 1.03461211663e-15
6.97394789579 4.6975318896e-16
6.99398797595 3.972320527e-16
7.01402805611 3.2471091644e-16
7.03406813627 2.5218978018e-16
7.05410821643 1.7966864392e-16
7.07414829659 1.15541767755e-16
7.09418837675 9.19038476408e-17
7.11422845691 6.82659275268e-17
7.13426853707 4.46280074127e-17
7.15430861723 2.09900872987e-17
7.17434869739 4.44449658647e-19
7.19438877756 3.53913366084e-19
7.21442885772 2.63377073521e-19
7.23446893788 1.72840780958e-19
7.25450901804 8.23044883951e-20
7.2745490982 0.0
7.29458917836 0.0
7.31462925852 0.0
7.33466933868 0.0
7.35470941884 0.0
7.374749499 0.0
7.39478957916 0.0
7.41482965932 0.0
7.43486973948 0.0
7.45490981964 0.0
7.4749498998 0.0
7.49498997996 0.0
7.51503006012 0.0
7.53507014028 0.0
7.55511022044 0.0
7.5751503006 0.0
7.59519038076 0.0
7.61523046092 0.0
7.63527054108 0.0
7.65531062124 0.0
7.6753507014 0.0
7.69539078156 0.0
7.71543086172 0.0
7.73547094188 0.0
7.75551102204 0.0
7.7755511022 0.0
7.79559118236 0.0
7.81563126253 0.0
7.83567134269 0.0
7.85571142285 0.0
7.87575150301 0.0
7.89579158317 0.0
7.91583166333 0.0
7.93587174349 0.0
7.95591182365 0.0
7.97595190381 0.0
7.99599198397 0.0
8.01603206413 0.0
8.03607214429 0.0
8.05611222445 0.0
8.07615230461 0.0
8.09619238477 0.0
8.11623246493 0.0
8.13627254509 0.0
8.15631262525 0.0
8.17635270541 0.0
8.19639278557 0.0
8.21643286573 0.0
8.23647294589 0.0
8.25651302605 0.0
8.27655310621 0.0
8.29659318637 0.0
8.31663326653 0.0
8.33667334669 0.0
8.35671342685 0.0
8.37675350701 0.0
8.39679358717 0.0
8.41683366733 0.0
8.43687374749 0.0
8.45691382766 0.0
8.47695390782 0.0
8.49699398798 0.0
8.51703406814 0.0
8.5370741483 0.0
8.55711422846 0.0
8.57715430862 0.0
8.59719438878 0.0
8.61723446894 0.0
8.6372745491 0.0
8.65731462926 0.0
8.67735470942 0.0
8.69739478958 0.0
8.71743486974 0.0
8.7374749499 0.0
8.75751503006 0.0
8.77755511022 0.0
8.79759519038 0.0
8.81763527054 0.0
8.8376753507 0.0
8.85771543086 0.0
8.87775551102 0.0
8.89779559118 0.0
8.91783567134 0.0
8.9378757515 0.0
8.95791583166 0.0
8.97795591182 0.0
8.99799599198 0.0
9.01803607214 0.0
9.0380761523 0.0
9.05811623246 0.0
9.07815631263 0.0
9.09819639279 0.0
9.11823647295 0.0
9.13827655311 0.0
9.15831663327 0.0
9.17835671343 0.0
9.19839679359 0.0
9.21843687375 0.0
9.23847695391 0.0
9.25851703407 0.0
9.27855711423 0.0
9.29859719439 0.0
9.31863727455 0.0
9.33867735471 0.0
9.35871743487 0.0
9.37875751503 0.0
9.39879759519 0.0
9.41883767535 0.0
9.43887775551 0.0
9.45891783567 0.0
9.47895791583 0.0
9.49899799599 0.0
9.51903807615 0.0
9.53907815631 0.0
9.55911823647 0.0
9.57915831663 0.0
9.59919839679 0.0
9.61923847695 0.0
9.63927855711 0.0
9.65931863727 0.0
9.67935871743 0.0
9.6993987976 0.0
9.71943887776 0.0
9.73947895792 0.0
9.75951903808 0.0
9.77955911824 0.0
9.7995991984 0.0
9.81963927856 0.0
9.83967935872 0.0
9.85971943888 0.0
9.87975951904 0.0
9.8997995992 0.0
9.91983967936 0.0
9.93987975952 0.0
9.95991983968 0.0
9.97995991984 0.0
10.0 0.0
