0.0 0.0
0.0200400801603 0.0
0.0400801603206 0.0
0.060120240481 0.0
0.0801603206413 0.0
0.100200400802 0.0
0.120240480962 0.0
0.140280561122 0.0
0.160320641283 0.0
0.180360721443 0.0
0.200400801603 1.20121330727e-12
0.220440881764 5.99753060661e-11
0.240480961924 6.57416710638e-11
0.260521042084 2.24898837348e-12
0.280561122244 2.7449978582e-12
0.300601202405 3.23523181457e-12
0.320641282565 3.78705501618e-12
0.340681362725 4.43322785389e-12
0.360721442886 4.99035523886e-12
0.380761523046 5.53729199872e-12
0.400801603206 6.08422875859e-12
0.420841683367 6.63574336655e-12
0.440881763527 7.19074794065e-12
0.460921843687 7.74575251474e-12
0.480961923848 8.29523662798e-12
0.501002004008 8.82700038041e-12
0.521042084168 9.35876413285e-12
0.541082164329 9.89052788528e-12
0.561122244489 1.04184828105e-11
0.581162324649 1.09460501776e-11
0.60120240481 1.14736175448e-11
0.62124248497 1.19934331635e-11
0.64128256513 1.25075835519e-11
0.661322645291 1.30217339402e-11
0.681362725451 1.35171651507e-11
0.701402805611 1.39557949272e-11
0.721442885772 1.43944247037e-11
0.741482965932 1.48330544802e-11
0.761523046092 1.52507053785e-11
0.781563126253 1.56664818559e-11
0.801603206413 1.60822583334e-11
0.821643286573 1.64319224743e-11
0.841683366733 1.67352806203e-11
0.861723446894 1.70386387663e-11
0.881763527054 1.73043149178e-11
0.901803607214 1.74617341998e-11
0.921843687375 1.76191534818e-11
0.941883767535 1.77765727637e-11
0.961923847695 1.78714798359e-11
0.981963927856 1.79615597393e-11
1.00200400802 1.80516396427e-11
1.02204408818 1.81715596844e-11
1.04208416834 1.83115038251e-11
1.0621242485 1.84514479659e-11
1.08216432866 1.85837089777e-11
1.10220440882 1.86950423204e-11
1.12224448898 1.88063756631e-11
1.14228456914 1.89177090058e-11
1.1623246493 1.89459413345e-11
1.18236472946 1.89687423202e-11
1.20240480962 1.8991543306e-11
1.22244488978 1.90078348694e-11
1.24248496994 1.90199429901e-11
1.2625250501 1.90320511108e-11
1.28256513026 1.90486893254e-11
1.30260521042 1.90770416195e-11
1.32264529058 1.91053939136e-11
1.34268537074 1.91337462077e-11
1.3627254509 1.9194596488e-11
1.38276553106 1.92571937104e-11
1.40280561122 1.93197909329e-11
1.42284569138 1.93572126211e-11
1.44288577154 1.93791450266e-11
1.4629258517 1.94010774321e-11
1.48296593186 1.94266257991e-11
1.50300601202 1.94610610746e-11
1.52304609218 1.94954963502e-11
1.54308617234 1.95299316257e-11
1.56312625251 1.95194175273e-11
1.58316633267 1.95069974637e-11
1.60320641283 1.94945774001e-11
1.62324649299 1.94830398582e-11
1.64328657315 1.94720218819e-11
1.66332665331 1.94610039056e-11
1.68336673347 1.94611349147e-11
1.70340681363 1.94873365459e-11
1.72344689379 1.9513538177e-11
1.74348697395 1.95397398081e-11
1.76352705411 1.94488094323e-11
1.78356713427 1.93542138094e-11
1.80360721443 1.92596181865e-11
1.82364729459 1.92038562516e-11
1.84368737475 1.91699601085e-11
1.86372745491 1.91360639655e-11
1.88376753507 1.91367108146e-11
1.90380761523 1.92142862762e-11
1.92384769539 1.92918617378e-11
1.94388777555 1.93694371994e-11
1.96392785571 1.93095576081e-11
1.98396793587 1.92468718634e-11
2.00400801603 1.91841861187e-11
2.02404809619 1.91271730167e-11
2.04408817635 1.90732130021e-11
2.06412825651 1.90192529875e-11
2.08416833667 1.89663070144e-11
2.10420841683 1.89155137313e-11
2.12424849699 1.88647204482e-11
2.14428857715 1.88139271652e-11
2.16432865731 1.87531432621e-11
2.18436873747 1.8692261795e-11
2.20440881764 1.8631380328e-11
2.2244488978 1.85401028306e-11
2.24448897796 1.84331975053e-11
2.26452905812 1.83262921799e-11
2.28456913828 1.82146288301e-11
2.30460921844 1.80933293508e-11
2.3246492986 1.79720298715e-11
2.34468937876 1.78507676281e-11
2.36472945892 1.778551257e-11
2.38476953908 1.7720257512e-11
2.40480961924 1.76550024539e-11
2.4248496994 1.75836749778e-11
2.44488977956 1.75093670975e-11
2.46492985972 1.74350592172e-11
2.48496993988 1.73320050981e-11
2.50501002004 1.7173369719e-11
2.5250501002 1.70147343399e-11
2.54509018036 1.68573997734e-11
2.56513026052 1.68170210237e-11
2.58517034068 1.67766422739e-11
2.60521042084 1.67362635242e-11
2.625250501 1.66319797133e-11
2.64529058116 1.64977763289e-11
2.66533066132 1.63635729444e-11
2.68537074148 1.62314163817e-11
2.70541082164 1.61030406858e-11
2.7254509018 1.597466499e-11
2.74549098196 1.58470623793e-11
2.76553106212 1.57549214988e-11
2.78557114228 1.56627806183e-11
2.80561122244 1.55706397378e-11
2.82565130261 1.53973385043e-11
2.84569138277 1.5187820121e-11
2.86573146293 1.49783017378e-11
2.88577154309 1.48111016003e-11
2.90581162325 1.47186270024e-11
2.92585170341 1.46261524046e-11
2.94589178357 1.45319016196e-11
2.96593186373 1.43833444674e-11
2.98597194389 1.42347873153e-11
3.00601202405 1.40862301631e-11
3.02605210421 1.39338241739e-11
3.04609218437 1.37797826509e-11
3.06613226453 1.36257411278e-11
3.08617234469 1.34768813938e-11
3.10621242485 1.33367733586e-11
3.12625250501 1.31966653234e-11
3.14629258517 1.30574361777e-11
3.16633266533 1.29382508688e-11
3.18637274549 1.28190655599e-11
3.20641282565 1.2699880251e-11
3.22645290581 1.25409374667e-11
3.24649298597 1.23659222824e-11
3.26653306613 1.2190907098e-11
3.28657314629 1.2006563197e-11
3.30661322645 1.18071419913e-11
3.32665330661 1.16077207855e-11
3.34669338677 1.14115711952e-11
3.36673346693 1.12746546273e-11
3.38677354709 1.11377380593e-11
3.40681362725 1.10008214914e-11
3.42685370741 1.08533789694e-11
3.44689378758 1.07018926754e-11
3.46693386774 1.05504063814e-11
3.4869739479 1.04024877919e-11
3.50701402806 1.02600896709e-11
3.52705410822 1.011769155e-11
3.54709418838 9.97376481689e-12
3.56713426854 9.80697815459e-12
3.5871743487 9.64019149229e-12
3.60721442886 9.47340482999e-12
3.62725450902 9.31711237864e-12
3.64729458918 9.16464662788e-12
3.66733466934 9.01218087713e-12
3.6873747495 8.86639588607e-12
3.70741482966 8.73051176995e-12
3.72745490982 8.59462765383e-12
3.74749498998 8.4592882659e-12
3.76753507014 8.33086485216e-12
3.7875751503 8.20244143842e-12
3.80761523046 8.07401802468e-12
3.82765531062 7.92255231778e-12
3.84769539078 7.76312160577e-12
3.86773547094 7.60369089376e-12
3.8877755511 7.45560851383e-12
3.90781563126 7.32363986664e-12
3.92785571142 7.19167121945e-12
3.94789579158 7.06089651612e-12
3.96793587174 6.94325258767e-12
3.9879759519 6.82560865922e-12
4.00801603206 6.70796473076e-12
4.02805611222 6.57586351603e-12
4.04809619238 6.43903173453e-12
4.06813627255 6.30219995302e-12
4.08817635271 6.17665488302e-12
4.10821643287 6.06646959082e-12
4.12825651303 5.95628429862e-12
4.14829659319 5.84557962751e-12
4.16833667335 5.72985039147e-12
4.18837675351 5.61412115544e-12
4.20841683367 5.49839191941e-12
4.22845691383 5.39262828694e-12
4.24849699399 5.28994652102e-12
4.26853707415 5.18726475511e-12
4.28857715431 5.08149201962e-12
4.30861723447 4.97168668885e-12
4.32865731463 4.86188135809e-12
4.34869739479 4.7535427646e-12
4.36873747495 4.65783802927e-12
4.38877755511 4.56213329394e-12
4.40881763527 4.46642855861e-12
4.42885771543 4.37886499761e-12
4.44889779559 4.29367679048e-12
4.46893787575 4.20848858334e-12
4.48897795591 4.12242111677e-12
4.50901803607 4.03525367971e-12
4.52905811623 3.94808624265e-12
4.54909819639 3.86143948969e-12
4.56913827655 3.77882527646e-12
4.58917835671 3.69621106322e-12
4.60921843687 3.61359684999e-12
4.62925851703 3.5320748787e-12
4.64929859719 3.45085300207e-12
4.66933867735 3.36963112544e-12
4.68937875752 3.29346667712e-12
4.70941883768 3.22337032865e-12
4.72945891784 3.15327398019e-12
4.749498998 3.08233054492e-12
4.76953907816 3.00544068416e-12
4.78957915832 2.92855082339e-12
4.80961923848 2.85166096263e-12
4.82965931864 2.78305693548e-12
4.8496993988 2.71659209823e-12
4.86973947896 2.65012726098e-12
4.88977955912 2.58536133618e-12
4.90981963928 2.52255074813e-12
4.92985971944 2.45974016008e-12
4.9498997996 2.39789933908e-12
4.96993987976 2.34227082386e-12
4.98997995992 2.28664230864e-12
5.01002004008 2.23221477424e-12
5.03006012024 2.17890169125e-12
5.0501002004 2.12558860826e-12
5.07014028056 2.0755318996e-12
5.09018036072 2.02554232414e-12
5.11022044088 1.97555274867e-12
5.13026052104 1.9255631732e-12
5.1503006012 1.87557359774e-12
5.17034068136 1.82966732285e-12
5.19038076152 1.78402445173e-12
5.21042084168 1.7383815806e-12
5.23046092184 1.69273870947e-12
5.250501002 1.64709583835e-12
5.27054108216 1.60619886521e-12
5.29058116232 1.56583506504e-12
5.31062124248 1.52547126487e-12
5.33066132265 1.4851074647e-12
5.35070140281 1.44474366453e-12
5.37074148297 1.40570571555e-12
5.39078156313 1.36688611033e-12
5.41082164329 1.32806650512e-12
5.43086172345 1.2892468999e-12
5.45090180361 1.25042729469e-12
5.47094188377 1.21589626328e-12
5.49098196393 1.18231810296e-12
5.51102204409 1.14873994265e-12
5.53106212425 1.11516178233e-12
5.55110220441 1.08158362202e-12
5.57114228457 1.04959620488e-12
5.59118236473 1.01806334411e-12
5.61122244489 9.86530483341e-13
5.63126252505 9.54997622573e-13
5.65130260521 9.23464761806e-13
5.67134268537 8.94878040716e-13
5.69138276553 8.67340722509e-13
5.71142284569 8.39803404303e-13
5.73146292585 8.12266086096e-13
5.75150300601 7.84728767889e-13
5.77154308617 7.58277081696e-13
5.79158316633 7.32297436456e-13
5.81162324649 7.06317791217e-13
5.83166332665 6.80338145978e-13
5.85170340681 6.54358500738e-13
5.87174348697 6.29728735135e-13
5.89178356713 6.05805082516e-13
5.91182364729 5.81881429897e-13
5.93186372745 5.57957777277e-13
5.95190380762 5.34034124658e-13
5.97194388778 5.12645467073e-13
5.99198396794 4.92836000185e-13
6.0120240481 4.73026533297e-13
6.03206412826 4.53217066409e-13
6.05210420842 4.33407599521e-13
6.07214428858 4.14667211512e-13
6.09218436874 3.96714556083e-13
6.1122244489 3.78761900653e-13
6.13226452906 3.60809245223e-13
6.15230460922 3.42856589794e-13
6.17234468938 3.25534583539e-13
6.19238476954 3.08759915425e-13
6.2124248497 2.91985247312e-13
6.23246492986 2.75210579199e-13
6.25250501002 2.58435911085e-13
6.27254509018 2.43010876858e-13
6.29258517034 2.28962947869e-13
6.3126252505 2.1491501888e-13
6.33266533066 2.00867089891e-13
6.35270541082 1.86819160902e-13
6.37274549098 1.73716443285e-13
6.39278557114 1.61747896308e-13
6.4128256513 1.4977934933e-13
6.43286573146 1.37810802352e-13
6.45290581162 1.25842255375e-13
6.47294589178 1.15297368764e-13
6.49298597194 1.06766248276e-13
6.5130260521 9.82351277887e-14
6.53306613226 8.9704007301e-14
6.55310621242 8.11728868134e-14
6.57314629259 7.36487672584e-14
6.59318637275 6.78122109346e-14
6.61322645291 6.19756546109e-14
6.63326653307 5.61390982871e-14
6.65330661323 5.03025419634e-14
6.67334669339 4.46690023348e-14
6.69338677355 3.94415264897e-14
6.71342685371 3.42140506447e-14
6.73346693387 2.89865747996e-14
6.75350701403 2.37590989545e-14
6.77354709419 1.90891227477e-14
6.79358717435 1.57649106462e-14
6.81362725451 1.24406985448e-14
6.83366733467 9.11648644329e-15
6.85370741483 5.79227434182e-15
6.87374749499 3.16188144074e-15
6.89378757515 2.58526466743e-15
6.91382765531 2.00864789413e-15
6.93386773547 1.43203112083e-15
6.95390781563 8.55414347523e-16
6.97394789579 3.88390596991e-16
6.99398797595 3.28430328347e-16
7.01402805611 2.68470059703e-16
7.03406813627 2.08509791059e-16
7.05410821643 1.48549522414e-16
7.07414829659 9.55296040778e-17
7.09418837675 7.59858391382e-17
7.11422845691 5.64420741985e-17
7.13426853707 3.68983092588e-17
7.15430861723 1.73545443191e-17
7.17434869739 3.67469710288e-19
7.19438877756 2.92614561788e-19
7.21442885772 2.17759413289e-19
7.23446893788 1.42904264789e-19
7.25450901804 6.80491162892e-20
7.2745490982 0.0
7.29458917836 0.0
7.31462925852 0.0
7.33466933868 0.0
7.35470941884 0.0
7.374749499 0.0
7.39478957916 0.0
7.41482965932 0.0
7.43486973948 0.0
7.45490981964 0.0
7.4749498998 0.0
7.49498997996 0.0
7.51503006012 0.0
7.53507014028 0.0
7.55511022044 0.0
7.5751503006 0.0
7.59519038076 0.0
7.61523046092 0.0
7.63527054108 0.0
7.65531062124 0.0
7.6753507014 0.0
7.69539078156 0.0
7.71543086172 0.0
7.73547094188 0.0
7.75551102204 0.0
7.7755511022 0.0
7.79559118236 0.0
7.81563126253 0.0
7.83567134269 0.0
7.85571142285 0.0
7.87575150301 0.0
7.89579158317 0.0
7.91583166333 0.0
7.93587174349 0.0
7.95591182365 0.0
7.97595190381 0.0
7.99599198397 0.0
8.01603206413 0.0
8.03607214429 0.0
8.05611222445 0.0
8.07615230461 0.0
8.09619238477 0.0
8.11623246493 0.0
8.13627254509 0.0
8.15631262525 0.0
8.17635270541 0.0
8.19639278557 0.0
8.21643286573 0.0
8.23647294589 0.0
8.25651302605 0.0
8.27655310621 0.0
8.29659318637 0.0
8.31663326653 0.0
8.33667334669 0.0
8.35671342685 0.0
8.37675350701 0.0
8.39679358717 0.0
8.41683366733 0.0
8.43687374749 0.0
8.45691382766 0.0
8.47695390782 0.0
8.49699398798 0.0
8.51703406814 0.0
8.5370741483 0.0
8.55711422846 0.0
8.57715430862 0.0
8.59719438878 0.0
8.61723446894 0.0
8.6372745491 0.0
8.65731462926 0.0
8.67735470942 0.0
8.69739478958 0.0
8.71743486974 0.0
8.7374749499 0.0
8.75751503006 0.0
8.77755511022 0.0
8.79759519038 0.0
8.81763527054 0.0
8.8376753507 0.0
8.85771543086 0.0
8.87775551102 0.0
8.89779559118 0.0
8.91783567134 0.0
8.9378757515 0.0
8.95791583166 0.0
8.97795591182 0.0
8.99799599198 0.0
9.01803607214 0.0
9.0380761523 0.0
9.05811623246 0.0
9.07815631263 0.0
9.09819639279 0.0
9.11823647295 0.0
9.13827655311 0.0
9.15831663327 0.0
9.17835671343 0.0
9.19839679359 0.0
9.21843687375 0.0
9.23847695391 0.0
9.25851703407 0.0
9.27855711423 0.0
9.29859719439 0.0
9.31863727455 0.0
9.33867735471 0.0
9.35871743487 0.0
9.37875751503 0.0
9.39879759519 0.0
9.41883767535 0.0
9.43887775551 0.0
9.45891783567 0.0
9.47895791583 0.0
9.49899799599 0.0
9.51903807615 0.0
9.53907815631 0.0
9.55911823647 0.0
9.57915831663 0.0
9.59919839679 0.0
9.61923847695 0.0
9.63927855711 0.0
9.65931863727 0.0
9.67935871743 0.0
9.6993987976 0.0
9.71943887776 0.0
9.73947895792 0.0
9.75951903808 0.0
9.77955911824 0.0
9.7995991984 0.0
9.81963927856 0.0
9.83967935872 0.0
9.85971943888 0.0
9.87975951904 0.0
9.8997995992 0.0
9.91983967936 0.0
9.93987975952 0.0
9.95991983968 0.0
9.97995991984 0.0
10.0 0.0
