0.0 0.0
0.0200400801603 0.0
0.0400801603206 0.0
0.060120240481 0.0
0.0801603206413 1.74285864916e-12
0.100200400802 2.35623582463e-12
0.120240480962 3.26009348332e-12
0.140280561122 3.18187073528e-12
0.160320641283 2.65103229595e-12
0.180360721443 2.58335028583e-12
0.200400801603 2.6120470847e-12
0.220440881764 2.72068963787e-11
0.240480961924 2.96500089376e-11
0.260521042084 3.11555357209e-12
0.280561122244 3.31212355204e-12
0.300601202405 3.50627995969e-12
0.320641282565 3.71557711678e-12
0.340681362725 3.95149066436e-12
0.360721442886 4.15019244095e-12
0.380761523046 4.34362466939e-12
0.400801603206 4.52988528703e-12
0.420841683367 4.71805897075e-12
0.440881763527 4.90769109863e-12
0.460921843687 5.0938529877e-12
0.480961923848 5.27680975423e-12
0.501002004008 5.45236124639e-12
0.521042084168 5.62791784049e-12
0.541082164329 5.80348029861e-12
0.561122244489 5.97745106168e-12
0.581162324649 6.15184112039e-12
0.60120240481 6.32992055613e-12
0.62124248497 6.5047605644e-12
0.64128256513 6.67723309346e-12
0.661322645291 6.85320399543e-12
0.681362725451 7.02218910847e-12
0.701402805611 7.1674371087e-12
0.721442885772 7.31323261319e-12
0.741482965932 7.45962647321e-12
0.761523046092 7.59725333628e-12
0.781563126253 7.73445069131e-12
0.801603206413 7.87367414577e-12
0.821643286573 7.9852694951e-12
0.841683366733 8.0775137375e-12
0.861723446894 8.17259804471e-12
0.881763527054 8.25256065514e-12
0.901803607214 8.28728311331e-12
0.921843687375 8.32355877539e-12
0.941883767535 8.36144864887e-12
0.961923847695 8.37321489712e-12
0.981963927856 8.38313014035e-12
1.00200400802 8.39391032449e-12
1.02204408818 8.41716059395e-12
1.04208416834 8.44877886163e-12
1.0621242485 8.48249802973e-12
1.08216432866 8.51343043797e-12
1.10220440882 8.53561724939e-12
1.12224448898 8.55842375452e-12
1.14228456914 8.58184273737e-12
1.1623246493 8.57053410854e-12
1.18236472946 8.55752937249e-12
1.20240480962 8.54725189019e-12
1.22244488978 8.53425414397e-12
1.24248496994 8.51950815226e-12
1.2625250501 8.50574503948e-12
1.28256513026 8.49405583195e-12
1.30260521042 8.48726189568e-12
1.32264529058 8.48132120459e-12
1.34268537074 8.47618249042e-12
1.3627254509 8.48462456654e-12
1.38276553106 8.49415570801e-12
1.40280561122 8.50525454567e-12
1.42284569138 8.50583261911e-12
1.44288577154 8.49993777762e-12
1.4629258517 8.49600003331e-12
1.48296593186 8.49389943654e-12
1.50300601202 8.49551264656e-12
1.52304609218 8.49710105933e-12
1.54308617234 8.4986673089e-12
1.56312625251 8.48144937849e-12
1.58316633267 8.46377907123e-12
1.60320641283 8.44749477012e-12
1.62324649299 8.43157927161e-12
1.64328657315 8.41588089769e-12
1.66332665331 8.40121208817e-12
1.68336673347 8.39135658056e-12
1.70340681363 8.39239589111e-12
1.72344689379 8.39413051939e-12
1.74348697395 8.39645601644e-12
1.76352705411 8.34983247357e-12
1.78356713427 8.30171410969e-12
1.80360721443 8.25373324642e-12
1.82364729459 8.22198084019e-12
1.84368737475 8.19936606892e-12
1.86372745491 8.17817361174e-12
1.88376753507 8.17160626594e-12
1.90380761523 8.19718710763e-12
1.92384769539 8.22312052713e-12
1.94388777555 8.2493387541e-12
1.96392785571 8.21811501419e-12
1.98396793587 8.18581354142e-12
2.00400801603 8.15384096768e-12
2.02404809619 8.12423897067e-12
2.04408817635 8.09591284783e-12
2.06412825651 8.06848990579e-12
2.08416833667 8.04159683596e-12
2.10420841683 8.0156033675e-12
2.12424849699 7.98986539417e-12
2.14428857715 7.96432355281e-12
2.16432865731 7.93460666767e-12
2.18436873747 7.90494205019e-12
2.20440881764 7.87557767064e-12
2.2244488978 7.83351090052e-12
2.24448897796 7.78491331791e-12
2.26452905812 7.736850578e-12
2.28456913828 7.6868540399e-12
2.30460921844 7.63304163906e-12
2.3246492986 7.57928412699e-12
2.34468937876 7.52567298534e-12
2.36472945892 7.49559227321e-12
2.38476953908 7.4656314501e-12
2.40480961924 7.43578540252e-12
2.4248496994 7.40351159361e-12
2.44488977956 7.37009747811e-12
2.46492985972 7.33678406938e-12
2.48496993988 7.2915541234e-12
2.50501002004 7.22318927014e-12
2.5250501002 7.15491277941e-12
2.54509018036 7.08726448719e-12
2.56513026052 7.06857259123e-12
2.58517034068 7.04995822665e-12
2.60521042084 7.03141808656e-12
2.625250501 6.98624331238e-12
2.64529058116 6.92863328505e-12
2.66533066132 6.87108838405e-12
2.68537074148 6.81446119097e-12
2.70541082164 6.75947369769e-12
2.7254509018 6.70454334782e-12
2.74549098196 6.64999077355e-12
2.76553106212 6.61030990019e-12
2.78557114228 6.5706791658e-12
2.80561122244 6.53109643187e-12
2.82565130261 6.45764303456e-12
2.84569138277 6.36909861517e-12
2.86573146293 6.28059631251e-12
2.88577154309 6.2098189713e-12
2.90581162325 6.17030776207e-12
2.92585170341 6.13083350706e-12
2.94589178357 6.09065236796e-12
2.96593186373 6.02781066453e-12
2.98597194389 5.96500138562e-12
3.00601202405 5.90222314825e-12
3.02605210421 5.83786621344e-12
3.04609218437 5.77285424501e-12
3.06613226453 5.70786951317e-12
3.08617234469 5.64507630704e-12
3.10621242485 5.58596536675e-12
3.12625250501 5.52687832449e-12
3.14629258517 5.46818144567e-12
3.16633266533 5.4178827163e-12
3.18637274549 5.36760495563e-12
3.20641282565 5.31734726931e-12
3.22645290581 5.25049429669e-12
3.24649298597 5.17694312493e-12
3.26653306613 5.10340956688e-12
3.28657314629 5.0259944345e-12
3.30661322645 4.94229469449e-12
3.32665330661 4.85861040915e-12
3.34669338677 4.77630811555e-12
3.36673346693 4.71877325111e-12
3.38677354709 4.66125194697e-12
3.40681362725 4.60374362476e-12
3.42685370741 4.54184897288e-12
3.44689378758 4.47827634147e-12
3.46693386774 4.41471510071e-12
3.4869739479 4.35265569552e-12
3.50701402806 4.2929137138e-12
3.52705410822 4.23318172651e-12
3.54709418838 4.17282050587e-12
3.56713426854 4.10291536399e-12
3.5871743487 4.03301899146e-12
3.60721442886 3.96313101426e-12
3.62725450902 3.8976365669e-12
3.64729458918 3.83374897825e-12
3.66733466934 3.76986875585e-12
3.6873747495 3.70878745071e-12
3.70741482966 3.65185043651e-12
3.72745490982 3.59491988563e-12
3.74749498998 3.53822316233e-12
3.76753507014 3.48442252324e-12
3.7875751503 3.43062755522e-12
3.80761523046 3.3768380164e-12
3.82765531062 3.31342438466e-12
3.84769539078 3.24668718218e-12
3.86773547094 3.1799547434e-12
3.8877755511 3.11796929187e-12
3.90781563126 3.06272207667e-12
3.92785571142 3.00747904127e-12
3.94789579158 2.95273895216e-12
3.96793587174 2.90348999699e-12
3.9879759519 2.85424470926e-12
4.00801603206 2.80500293256e-12
4.02805611222 2.74972286973e-12
4.04809619238 2.69246913816e-12
4.06813627255 2.63521848724e-12
4.08817635271 2.58268746128e-12
4.10821643287 2.53657805409e-12
4.12825651303 2.49047134994e-12
4.14829659319 2.44415018698e-12
4.16833667335 2.39573175398e-12
4.18837675351 2.34731569269e-12
4.20841683367 2.29890190195e-12
4.22845691383 2.25465487441e-12
4.24849699399 2.21169782871e-12
4.26853707415 2.16874277524e-12
4.28857715431 2.12449792408e-12
4.30861723447 2.07856969193e-12
4.32865731463 2.03264320782e-12
4.34869739479 1.98733134136e-12
4.36873747495 1.9473007204e-12
4.38877755511 1.90727163321e-12
4.40881763527 1.86724401436e-12
4.42885771543 1.8306199684e-12
4.44889779559 1.79498991994e-12
4.46893787575 1.75936115985e-12
4.48897795591 1.72336619385e-12
4.50901803607 1.68691273498e-12
4.52905811623 1.65046040656e-12
4.54909819639 1.61422675236e-12
4.56913827655 1.57967931791e-12
4.58917835671 1.54513287534e-12
4.60921843687 1.51058738234e-12
4.62925851703 1.47649924235e-12
4.64929859719 1.44253738113e-12
4.66933867735 1.40857635307e-12
4.68937875752 1.37672960357e-12
4.70941883768 1.34741945455e-12
4.72945891784 1.31811003658e-12
4.749498998 1.28844732399e-12
4.76953907816 1.25630029181e-12
4.78957915832 1.22415390107e-12
4.80961923848 1.19200812441e-12
4.82965931864 1.16332555539e-12
4.8496993988 1.13553750887e-12
4.86973947896 1.10775000115e-12
4.88977955912 1.0806729786e-12
4.90981963928 1.05441357799e-12
4.92985971944 1.02815465015e-12
4.9498997996 1.00230143703e-12
4.96993987976 9.7904475721e-13
4.98997995992 9.55788492204e-13
5.01002004008 9.33034509837e-13
5.03006012024 9.10746632846e-13
5.0501002004 8.88459119824e-13
5.07014028056 8.67532782242e-13
5.09018036072 8.46634832959e-13
5.11022044088 8.25737203029e-13
5.13026052104 8.04839878832e-13
5.1503006012 7.83942847329e-13
5.17034068136 7.64752492501e-13
5.19038076152 7.45672481406e-13
5.21042084168 7.26592727126e-13
5.23046092184 7.07513218709e-13
5.250501002 6.88433945666e-13
5.27054108216 6.71338191476e-13
5.29058116232 6.54465464056e-13
5.31062124248 6.37592943159e-13
5.33066132265 6.20720619978e-13
5.35070140281 6.0384848608e-13
5.37074148297 5.87530601784e-13
5.39078156313 5.71304136034e-13
5.41082164329 5.55077836364e-13
5.43086172345 5.38851695691e-13
5.45090180361 5.22625707234e-13
5.47094188377 5.08192043902e-13
5.49098196393 4.94156721445e-13
5.51102204409 4.80121532545e-13
5.53106212425 4.66086471507e-13
5.55110220441 4.52051532876e-13
5.57114228457 4.38681477223e-13
5.59118236473 4.25501491213e-13
5.61122244489 4.12321612606e-13
5.63126252505 3.99141836821e-13
5.65130260521 3.85962159474e-13
5.67134268537 3.74013757425e-13
5.69138276553 3.62503987246e-13
5.71142284569 3.50994303437e-13
5.73146292585 3.39484702315e-13
5.75150300601 3.27975180353e-13
5.77154308617 3.16919415847e-13
5.79158316633 3.06060988091e-13
5.81162324649 2.95202629791e-13
5.83166332665 2.84344337986e-13
5.85170340681 2.7348610984e-13
5.87174348697 2.63192052429e-13
5.89178356713 2.53193135411e-13
5.91182364729 2.43194274248e-13
5.93186372745 2.33195466559e-13
5.95190380762 2.23196710061e-13
5.97194388778 2.14257367782e-13
5.99198396794 2.05978010473e-13
6.0120240481 1.97698698081e-13
6.03206412826 1.89419428691e-13
6.05210420842 1.81140200468e-13
6.07214428858 1.73307775834e-13
6.09218436874 1.65804579511e-13
6.1122244489 1.5830141931e-13
6.13226452906 1.50798293689e-13
6.15230460922 1.43295201174e-13
6.17234468938 1.3605568635e-13
6.19238476954 1.29044932488e-13
6.2124248497 1.22034207673e-13
6.23246492986 1.15023510667e-13
6.25250501002 1.08012840284e-13
6.27254509018 1.01566202482e-13
6.29258517034 9.56950763535e-14
6.3126252505 8.98239735843e-14
6.33266533066 8.3952893178e-14
6.35270541082 7.80818341809e-14
6.37274549098 7.26057960765e-14
6.39278557114 6.76037433809e-14
6.4128256513 6.26017094701e-14
6.43286573146 5.75996935431e-14
6.45290581162 5.25976948328e-14
6.47294589178 4.81906550969e-14
6.49298597194 4.46251766824e-14
6.5130260521 4.10597133743e-14
6.53306613226 3.74942645282e-14
6.55310621242 3.39288295273e-14
6.57314629259 3.07842298101e-14
6.59318637275 2.83448693218e-14
6.61322645291 2.59055209815e-14
6.63326653307 2.34661842712e-14
6.65330661323 2.10268586948e-14
6.67334669339 1.86723837164e-14
6.69338677355 1.64876115212e-14
6.71342685371 1.43028490952e-14
6.73346693387 1.21180960217e-14
6.75350701403 9.93335190179e-15
6.77354709419 7.98159342571e-15
6.79358717435 6.59223308313e-15
6.81362725451 5.20288059663e-15
6.83366733467 3.81353563113e-15
6.85370741483 2.42419786583e-15
6.87374749499 1.32481151528e-15
6.89378757515 1.08369734164e-15
6.91382765531 8.42589485639e-16
6.93386773547 6.0148767781e-16
6.95390781563 3.60391660188e-16
6.97394789579 1.65099711627e-16
6.99398797595 1.39923419183e-16
7.01402805611 1.14752207204e-16
7.03406813627 8.95858589978e-17
7.05410821643 6.44241671148e-17
7.07414829659 4.21672801167e-17
7.09418837675 3.39042235191e-17
7.11422845691 2.56452524901e-17
7.13426853707 1.73901927717e-17
7.15430861723 9.13887753832e-18
7.17434869739 1.9595786751e-18
7.19438877756 1.85126672118e-18
7.21442885772 1.74624026753e-18
7.23446893788 1.64435918076e-18
7.25450901804 1.54548930446e-18
7.2745490982 1.45234642036e-18
7.29458917836 1.3904008343e-18
7.31462925852 1.33109735592e-18
7.33466933868 1.27432329385e-18
7.35470941884 1.21997076324e-18
7.374749499 1.16793648075e-18
7.39478957916 1.1181215683e-18
7.41482965932 1.07043136514e-18
7.43486973948 1.02477524803e-18
7.45490981964 9.8106645898e-19
7.4749498998 9.39221940403e-19
7.49498997996 8.99162177303e-19
7.51503006012 8.60811046156e-19
7.53507014028 8.24095670269e-19
7.55511022044 7.88946281287e-19
7.5751503006 7.55296086623e-19
7.59519038076 7.2308114253e-19
7.61523046092 6.92240232595e-19
7.63527054108 6.62714751414e-19
7.65531062124 6.34448593222e-19
7.6753507014 6.07388045282e-19
7.69539078156 5.81481685819e-19
7.71543086172 5.56680286299e-19
7.73547094188 5.32936717891e-19
7.75551102204 5.10205861905e-19
7.7755511022 4.88444524056e-19
7.79559118236 4.67611352385e-19
7.81563126253 4.4766675868e-19
7.83567134269 4.2857284325e-19
7.85571142285 4.102933229e-19
7.87575150301 3.92793461994e-19
7.89579158317 3.76040006439e-19
7.91583166333 3.60001120499e-19
7.93587174349 3.44646326299e-19
7.95591182365 3.29946445907e-19
7.97595190381 3.15873545892e-19
7.99599198397 3.02400884241e-19
8.01603206413 2.89502859543e-19
8.03607214429 2.77154962341e-19
8.05611222445 2.65333728556e-19
8.07615230461 2.54016694901e-19
8.09619238477 2.43182356197e-19
8.11623246493 2.32810124501e-19
8.13627254509 2.22880289992e-19
8.15631262525 2.13373983514e-19
8.17635270541 2.04273140716e-19
8.19639278557 1.95560467734e-19
8.21643286573 1.87219408318e-19
8.23647294589 1.79234112381e-19
8.25651302605 1.71589405871e-19
8.27655310621 1.64270761945e-19
8.29659318637 1.57264273356e-19
8.31663326653 1.50556626032e-19
8.33667334669 1.44135073774e-19
8.35671342685 1.37987414034e-19
8.37675350701 1.32101964728e-19
8.39679358717 1.26467542038e-19
8.41683366733 1.21073439158e-19
8.43687374749 1.15909405949e-19
8.45691382766 1.10965629464e-19
8.47695390782 1.06232715296e-19
8.49699398798 1.0170166973e-19
8.51703406814 9.73638826523e-20
8.5370741483 9.32111111871e-20
8.55711422846 8.9235464035e-20
8.57715430862 8.5429386477e-20
8.59719438878 8.17856460181e-20
8.61723446894 7.82973186446e-20
8.6372745491 7.4957775666e-20
8.65731462926 7.17606711196e-20
8.67735470942 6.86999297109e-20
8.69739478958 6.57697352692e-20
8.71743486974 6.29645196958e-20
8.7374749499 6.02789523829e-20
8.75751503006 5.77079300839e-20
8.77755511022 5.52465672167e-20
8.79759519038 5.2890186579e-20
8.81763527054 5.06343104612e-20
8.8376753507 4.8474652137e-20
8.85771543086 4.64071077181e-20
8.87775551102 4.44277483554e-20
8.89779559118 4.25328127735e-20
8.91783567134 4.0718700123e-20
8.9378757515 3.89819631383e-20
8.95791583166 3.73193015869e-20
8.97795591182 3.5727555998e-20
8.99799599198 3.42037016587e-20
9.01803607214 3.27448428665e-20
9.0380761523 3.13482074264e-20
9.05811623246 3.00111413837e-20
9.07815631263 2.87311039798e-20
9.09819639279 2.75056628253e-20
9.11823647295 2.63324892767e-20
9.13827655311 2.52093540124e-20
9.15831663327 2.41341227958e-20
9.17835671343 2.31047524199e-20
9.19839679359 2.21192868248e-20
9.21843687375 2.11758533805e-20
9.23847695391 2.02726593287e-20
9.25851703407 1.94079883759e-20
9.27855711423 1.8580197432e-20
9.29859719439 1.77877134881e-20
9.31863727455 1.70290306275e-20
9.33867735471 1.6302707164e-20
9.35871743487 1.56073629021e-20
9.37875751503 1.49416765147e-20
9.39879759519 1.43043830319e-20
9.41883767535 1.36942714375e-20
9.43887775551 1.31101823676e-20
9.45891783567 1.25510059075e-20
9.47895791583 1.20156794829e-20
9.49899799599 1.15031858401e-20
9.51903807615 1.10125511138e-20
9.53907815631 1.05428429759e-20
9.55911823647 1.00931688639e-20
9.57915831663 9.66267428508e-21
9.59919839679 9.25054119264e-21
9.61923847695 8.8559864311e-21
9.63927855711 8.47826024819e-21
9.65931863727 8.11664487014e-21
9.67935871743 7.77045313773e-21
9.6993987976 7.43902720048e-21
9.71943887776 7.12173726662e-21
9.73947895792 6.81798040629e-21
9.75951903808 6.52717940585e-21
9.77955911824 6.24878167102e-21
9.7995991984 5.98225817679e-21
9.81963927856 5.72710246219e-21
9.83967935872 5.48282966785e-21
9.85971943888 5.24897561465e-21
9.87975951904 5.02509592169e-21
9.8997995992 4.81076516181e-21
9.91983967936 4.60557605322e-21
9.93987975952 4.40913868555e-21
9.95991983968 4.22107977889e-21
9.97995991984 4.04104197451e-21
10.0 3.86868315578e-21
