0.0 0.0
0.0200400801603 0.0
0.0400801603206 0.0
0.060120240481 0.0
0.0801603206413 1.74601998805e-12
0.100200400802 2.3628654047e-12
0.120240480962 3.27298381846e-12
0.140280561122 3.19257997319e-12
0.160320641283 2.65655258621e-12
0.180360721443 2.58768187011e-12
0.200400801603 2.61633871959e-12
0.220440881764 2.74211731555e-11
0.240480961924 2.98848874951e-11
0.260521042084 3.12358864538e-12
0.280561122244 3.32193074323e-12
0.300601202405 3.51783863427e-12
0.320641282565 3.72910731772e-12
0.340681362725 3.96732947933e-12
0.360721442886 4.1680217328e-12
0.380761523046 4.36340802957e-12
0.400801603206 4.55162271553e-12
0.420841683367 4.74176682309e-12
0.440881763527 4.93338184358e-12
0.460921843687 5.12152662527e-12
0.480961923848 5.30644656117e-12
0.501002004008 5.4838979123e-12
0.521042084168 5.66135436537e-12
0.541082164329 5.83881668245e-12
0.561122244489 6.01467369649e-12
0.581162324649 6.19094862154e-12
0.60120240481 6.3709129236e-12
0.62124248497 6.54761010315e-12
0.64128256513 6.72191956302e-12
0.661322645291 6.89972739581e-12
0.681362725451 7.07048256073e-12
0.701402805611 7.21729767551e-12
0.721442885772 7.36466029455e-12
0.741482965932 7.51262126912e-12
0.761523046092 7.65174029444e-12
0.781563126253 7.7904231149e-12
0.801603206413 7.93113203478e-12
0.821643286573 8.04397664669e-12
0.841683366733 8.13730471191e-12
0.861723446894 8.23347284195e-12
0.881763527054 8.31438464685e-12
0.901803607214 8.34966952477e-12
0.921843687375 8.3865076066e-12
0.941883767535 8.42495989982e-12
0.961923847695 8.43706522731e-12
0.981963927856 8.44730230353e-12
1.00200400802 8.45840432065e-12
1.02204408818 8.48208303444e-12
1.04208416834 8.51420128755e-12
1.0621242485 8.54842044108e-12
1.08216432866 8.57982538486e-12
1.10220440882 8.60240996248e-12
1.12224448898 8.62561423382e-12
1.14228456914 8.64943098286e-12
1.1623246493 8.63822322109e-12
1.18236472946 8.62529994727e-12
1.20240480962 8.61510392719e-12
1.22244488978 8.60216438666e-12
1.24248496994 8.58746165423e-12
1.2625250501 8.57374180073e-12
1.28256513026 8.56211203739e-12
1.30260521042 8.55541939678e-12
1.32264529058 8.54958000135e-12
1.34268537074 8.54454258284e-12
1.3627254509 8.5532020618e-12
1.38276553106 8.56295684749e-12
1.40280561122 8.57427932939e-12
1.42284569138 8.57499110117e-12
1.44288577154 8.56917461868e-12
1.4629258517 8.56531523337e-12
1.48296593186 8.56330591453e-12
1.50300601202 8.56504215318e-12
1.52304609218 8.56675359458e-12
1.54308617234 8.56844287278e-12
1.56312625251 8.55118737813e-12
1.58316633267 8.53347269708e-12
1.60320641283 8.5171440222e-12
1.62324649299 8.50118730293e-12
1.64328657315 8.48544956453e-12
1.66332665331 8.47074139054e-12
1.68336673347 8.46088635099e-12
1.70340681363 8.46201927343e-12
1.72344689379 8.46384751358e-12
1.74348697395 8.46626662251e-12
1.76352705411 8.41931820814e-12
1.78356713427 8.37086187774e-12
1.80360721443 8.32254304796e-12
1.82364729459 8.29059141828e-12
1.84368737475 8.26785554455e-12
1.86372745491 8.24654198493e-12
1.88376753507 8.23997695016e-12
1.90380761523 8.26583494958e-12
1.92384769539 8.29204552682e-12
1.94388777555 8.31854091152e-12
1.96392785571 8.2871032368e-12
1.98396793587 8.25457780353e-12
2.00400801603 8.22238126929e-12
2.02404809619 8.19257557872e-12
2.04408817635 8.16405667024e-12
2.06412825651 8.13644094255e-12
2.08416833667 8.10935871e-12
2.10420841683 8.08318376983e-12
2.12424849699 8.05726432479e-12
2.14428857715 8.03154101174e-12
2.16432865731 8.0016069609e-12
2.18436873747 7.97172482916e-12
2.20440881764 7.94214293535e-12
2.2244488978 7.89975005355e-12
2.24448897796 7.85077052492e-12
2.26452905812 7.80232583902e-12
2.28456913828 7.75193035568e-12
2.30460921844 7.69768458212e-12
2.3246492986 7.64349369733e-12
2.34468937876 7.589449316e-12
2.36472945892 7.55913546385e-12
2.38476953908 7.52894150074e-12
2.40480961924 7.49886231314e-12
2.4248496994 7.46633366899e-12
2.44488977956 7.43265407001e-12
2.46492985972 7.3990751778e-12
2.48496993988 7.3534770452e-12
2.50501002004 7.2845454274e-12
2.5250501002 7.2157021721e-12
2.54509018036 7.14749176281e-12
2.56513026052 7.12865560367e-12
2.58517034068 7.10989697591e-12
2.60521042084 7.09121257264e-12
2.625250501 7.04566521847e-12
2.64529058116 6.98757571599e-12
2.66533066132 6.92955133985e-12
2.68537074148 6.8724519844e-12
2.70541082164 6.81700583685e-12
2.7254509018 6.76161683271e-12
2.74549098196 6.70660836621e-12
2.76553106212 6.66659829651e-12
2.78557114228 6.6266383658e-12
2.80561122244 6.58672643552e-12
2.82565130261 6.51265387623e-12
2.84569138277 6.42336090003e-12
2.86573146293 6.33411004056e-12
2.88577154309 6.26273533505e-12
2.90581162325 6.22289373719e-12
2.92585170341 6.18308909356e-12
2.94589178357 6.14257121997e-12
2.96593186373 6.07919875897e-12
2.98597194389 6.01585872249e-12
3.00601202405 5.95254972755e-12
3.02605210421 5.88764828424e-12
3.04609218437 5.82208596395e-12
3.06613226453 5.75655088025e-12
3.08617234469 5.6932258355e-12
3.10621242485 5.63361432422e-12
3.12625250501 5.57402671097e-12
3.14629258517 5.51483240122e-12
3.16633266533 5.46410785254e-12
3.18637274549 5.41340427255e-12
3.20641282565 5.36272076691e-12
3.22645290581 5.29529993145e-12
3.24649298597 5.22112347419e-12
3.26653306613 5.14696463063e-12
3.28657314629 5.06889088357e-12
3.30661322645 4.98447866144e-12
3.32665330661 4.90008189399e-12
3.34669338677 4.81707880693e-12
3.36673346693 4.75905477382e-12
3.38677354709 4.701044301e-12
3.40681362725 4.64304681012e-12
3.42685370741 4.58062538296e-12
3.44689378758 4.51651152889e-12
3.46693386774 4.45240906548e-12
3.4869739479 4.38982118413e-12
3.50701402806 4.32957044952e-12
3.52705410822 4.26932970934e-12
3.54709418838 4.20845427446e-12
3.56713426854 4.13795324553e-12
3.5871743487 4.06746098595e-12
3.60721442886 3.99697712169e-12
3.62725450902 3.93092428047e-12
3.64729458918 3.8664919698e-12
3.66733466934 3.80206702539e-12
3.6873747495 3.74046486692e-12
3.70741482966 3.68304237273e-12
3.72745490982 3.62562634187e-12
3.74749498998 3.56844608477e-12
3.76753507014 3.51418662092e-12
3.7875751503 3.45993282815e-12
3.80761523046 3.40568446458e-12
3.82765531062 3.34172968373e-12
3.84769539078 3.27442287516e-12
3.86773547094 3.2071208303e-12
3.8877755511 3.14460631744e-12
3.90781563126 3.08888761126e-12
3.92785571142 3.03317308486e-12
3.94789579158 2.97796577043e-12
3.96793587174 2.92829650291e-12
3.9879759519 2.87863090284e-12
4.00801603206 2.82896881378e-12
4.02805611222 2.77321678634e-12
4.04809619238 2.71547418901e-12
4.06813627255 2.65773467234e-12
4.08817635271 2.60475510522e-12
4.10821643287 2.55825203353e-12
4.12825651303 2.51175166487e-12
4.14829659319 2.46503498179e-12
4.16833667335 2.41620307716e-12
4.18837675351 2.36737354424e-12
4.20841683367 2.31854628186e-12
4.22845691383 2.27392138731e-12
4.24849699399 2.23059748532e-12
4.26853707415 2.18727557557e-12
4.28857715431 2.14265282487e-12
4.30861723447 2.09633228572e-12
4.32865731463 2.05001349461e-12
4.34869739479 2.00431456144e-12
4.36873747495 1.96394201138e-12
4.38877755511 1.92357099509e-12
4.40881763527 1.88320144715e-12
4.42885771543 1.84626455847e-12
4.44889779559 1.81033015384e-12
4.46893787575 1.77439703758e-12
4.48897795591 1.73809457403e-12
4.50901803607 1.7013296877e-12
4.52905811623 1.66456593182e-12
4.54909819639 1.62802271042e-12
4.56913827655 1.59318011605e-12
4.58917835671 1.55833851354e-12
4.60921843687 1.52349786061e-12
4.62925851703 1.489118463e-12
4.64929859719 1.45486641631e-12
4.66933867735 1.42061520279e-12
4.68937875752 1.38849633675e-12
4.70941883768 1.358935751e-12
4.72945891784 1.32937589631e-12
4.749498998 1.29945972055e-12
4.76953907816 1.26703798012e-12
4.78957915832 1.23461688112e-12
4.80961923848 1.20219639621e-12
4.82965931864 1.17326872215e-12
4.8496993988 1.14524321338e-12
4.86973947896 1.11721824341e-12
4.88977955912 1.0899098284e-12
4.90981963928 1.06342602126e-12
4.92985971944 1.03694268689e-12
4.9498997996 1.01086853198e-12
4.96993987976 9.87413105376e-13
4.98997995992 9.63958093591e-13
5.01002004008 9.41009655248e-13
5.03006012024 9.18531303939e-13
5.0501002004 8.96053316597e-13
5.07014028056 8.74948138907e-13
5.09018036072 8.53871589367e-13
5.11022044088 8.3279535918e-13
5.13026052104 8.11719434726e-13
5.1503006012 7.90643802964e-13
5.17034068136 7.71289436492e-13
5.19038076152 7.52046354827e-13
5.21042084168 7.32803529978e-13
5.23046092184 7.13560950991e-13
5.250501002 6.94318607379e-13
5.27054108216 6.77076738526e-13
5.29058116232 6.60059801338e-13
5.31062124248 6.43043070673e-13
5.33066132265 6.26026537724e-13
5.35070140281 6.09010194057e-13
5.37074148297 5.92552836928e-13
5.39078156313 5.76187678431e-13
5.41082164329 5.59822686015e-13
5.43086172345 5.43457852597e-13
5.45090180361 5.27093171394e-13
5.47094188377 5.12536137318e-13
5.49098196393 4.98380848488e-13
5.51102204409 4.84225693215e-13
5.53106212425 4.70070665803e-13
5.55110220441 4.55915760799e-13
5.57114228457 4.424314221e-13
5.59118236473 4.2913877706e-13
5.61122244489 4.15846239424e-13
5.63126252505 4.0255380461e-13
5.65130260521 3.89261468233e-13
5.67134268537 3.77210932976e-13
5.69138276553 3.65602778842e-13
5.71142284569 3.53994711079e-13
5.73146292585 3.42386726002e-13
5.75150300601 3.30778820086e-13
5.77154308617 3.19628550316e-13
5.79158316633 3.08677303782e-13
5.81162324649 2.97726126704e-13
5.83166332665 2.86775016121e-13
5.85170340681 2.75823969196e-13
5.87174348697 2.65441915789e-13
5.89178356713 2.5535752554e-13
5.91182364729 2.45273191147e-13
5.93186372745 2.35188910227e-13
5.95190380762 2.25104680499e-13
5.97194388778 2.16088921892e-13
5.99198396794 2.0773879031e-13
6.0120240481 1.99388703644e-13
6.03206412826 1.91038659981e-13
6.05210420842 1.82688657484e-13
6.07214428858 1.74789278128e-13
6.09218436874 1.67221941455e-13
6.1122244489 1.59654640904e-13
6.13226452906 1.52087374932e-13
6.15230460922 1.44520142067e-13
6.17234468938 1.37218740045e-13
6.19238476954 1.30148054486e-13
6.2124248497 1.23077397975e-13
6.23246492986 1.16006769273e-13
6.25250501002 1.08936167194e-13
6.27254509018 1.02434419601e-13
6.29258517034 9.65131037334e-14
6.3126252505 9.05918112253e-14
6.33266533066 8.46705410803e-14
6.35270541082 7.87492923444e-14
6.37274549098 7.32264415052e-14
6.39278557114 6.8181628183e-14
6.4128256513 6.31368336456e-14
6.43286573146 5.80920570919e-14
6.45290581162 5.3047297755e-14
6.47294589178 4.86025837751e-14
6.49298597194 4.50066257996e-14
6.5130260521 4.14106829305e-14
6.53306613226 3.78147545234e-14
6.55310621242 3.42188399614e-14
6.57314629259 3.10473584458e-14
6.59318637275 2.85871454007e-14
6.61322645291 2.61269445037e-14
6.63326653307 2.36667552366e-14
6.65330661323 2.12065771034e-14
6.67334669339 1.8831974896e-14
6.69338677355 1.66285262363e-14
6.71342685371 1.44250873459e-14
6.73346693387 1.22216578078e-14
6.75350701403 1.00182372234e-14
6.77354709419 8.04979408966e-15
6.79358717435 6.64855716818e-15
6.81362725451 5.24732810279e-15
6.83366733467 3.84610655838e-15
6.85370741483 2.44489221418e-15
6.87374749499 1.33610812731e-15
6.89378757515 1.09293384607e-15
6.91382765531 8.49765882472e-16
6.93386773547 6.06603967046e-16
6.95390781563 3.63447841828e-16
6.97394789579 1.66487334146e-16
6.99398797595 1.4109681865e-16
7.01402805611 1.15711383619e-16
7.03406813627 9.0330812361e-17
7.05410821643 6.49548974261e-17
7.07414829659 4.25085835129e-17
7.09418837675 3.41757019285e-17
7.11422845691 2.58469059126e-17
7.13426853707 1.75220212073e-17
7.15430861723 9.20088098713e-18
7.17434869739 1.96089155252e-18
7.19438877756 1.85231215986e-18
7.21442885772 1.74701826748e-18
7.23446893788 1.64486974198e-18
7.25450901804 1.54573242694e-18
7.2745490982 1.45234642036e-18
7.29458917836 1.3904008343e-18
7.31462925852 1.33109735592e-18
7.33466933868 1.27432329385e-18
7.35470941884 1.21997076324e-18
7.374749499 1.16793648075e-18
7.39478957916 1.1181215683e-18
7.41482965932 1.07043136514e-18
7.43486973948 1.02477524803e-18
7.45490981964 9.8106645898e-19
7.4749498998 9.39221940403e-19
7.49498997996 8.99162177303e-19
7.51503006012 8.60811046156e-19
7.53507014028 8.24095670269e-19
7.55511022044 7.88946281287e-19
7.5751503006 7.55296086623e-19
7.59519038076 7.2308114253e-19
7.61523046092 6.92240232595e-19
7.63527054108 6.62714751414e-19
7.65531062124 6.34448593222e-19
7.6753507014 6.07388045282e-19
7.69539078156 5.81481685819e-19
7.71543086172 5.56680286299e-19
7.73547094188 5.32936717891e-19
7.75551102204 5.10205861905e-19
7.7755511022 4.88444524056e-19
7.79559118236 4.67611352385e-19
7.81563126253 4.4766675868e-19
7.83567134269 4.2857284325e-19
7.85571142285 4.102933229e-19
7.87575150301 3.92793461994e-19
7.89579158317 3.76040006439e-19
7.91583166333 3.60001120499e-19
7.93587174349 3.44646326299e-19
7.95591182365 3.29946445907e-19
7.97595190381 3.15873545892e-19
7.99599198397 3.02400884241e-19
8.01603206413 2.89502859543e-19
8.03607214429 2.77154962341e-19
8.05611222445 2.65333728556e-19
8.07615230461 2.54016694901e-19
8.09619238477 2.43182356197e-19
8.11623246493 2.32810124501e-19
8.13627254509 2.22880289992e-19
8.15631262525 2.13373983514e-19
8.17635270541 2.04273140716e-19
8.19639278557 1.95560467734e-19
8.21643286573 1.87219408318e-19
8.23647294589 1.79234112381e-19
8.25651302605 1.71589405871e-19
8.27655310621 1.64270761945e-19
8.29659318637 1.57264273356e-19
8.31663326653 1.50556626032e-19
8.33667334669 1.44135073774e-19
8.35671342685 1.37987414034e-19
8.37675350701 1.32101964728e-19
8.39679358717 1.26467542038e-19
8.41683366733 1.21073439158e-19
8.43687374749 1.15909405949e-19
8.45691382766 1.10965629464e-19
8.47695390782 1.06232715296e-19
8.49699398798 1.0170166973e-19
8.51703406814 9.73638826523e-20
8.5370741483 9.32111111871e-20
8.55711422846 8.9235464035e-20
8.57715430862 8.5429386477e-20
8.59719438878 8.17856460181e-20
8.61723446894 7.82973186446e-20
8.6372745491 7.4957775666e-20
8.65731462926 7.17606711196e-20
8.67735470942 6.86999297109e-20
8.69739478958 6.57697352692e-20
8.71743486974 6.29645196958e-20
8.7374749499 6.02789523829e-20
8.75751503006 5.77079300839e-20
8.77755511022 5.52465672167e-20
8.79759519038 5.2890186579e-20
8.81763527054 5.06343104612e-20
8.8376753507 4.8474652137e-20
8.85771543086 4.64071077181e-20
8.87775551102 4.44277483554e-20
8.89779559118 4.25328127735e-20
8.91783567134 4.0718700123e-20
8.9378757515 3.89819631383e-20
8.95791583166 3.73193015869e-20
8.97795591182 3.5727555998e-20
8.99799599198 3.42037016587e-20
9.01803607214 3.27448428665e-20
9.0380761523 3.13482074264e-20
9.05811623246 3.00111413837e-20
9.07815631263 2.87311039798e-20
9.09819639279 2.75056628253e-20
9.11823647295 2.63324892767e-20
9.13827655311 2.52093540124e-20
9.15831663327 2.41341227958e-20
9.17835671343 2.31047524199e-20
9.19839679359 2.21192868248e-20
9.21843687375 2.11758533805e-20
9.23847695391 2.02726593287e-20
9.25851703407 1.94079883759e-20
9.27855711423 1.8580197432e-20
9.29859719439 1.77877134881e-20
9.31863727455 1.70290306275e-20
9.33867735471 1.6302707164e-20
9.35871743487 1.56073629021e-20
9.37875751503 1.49416765147e-20
9.39879759519 1.43043830319e-20
9.41883767535 1.36942714375e-20
9.43887775551 1.31101823676e-20
9.45891783567 1.25510059075e-20
9.47895791583 1.20156794829e-20
9.49899799599 1.15031858401e-20
9.51903807615 1.10125511138e-20
9.53907815631 1.05428429759e-20
9.55911823647 1.00931688639e-20
9.57915831663 9.66267428508e-21
9.59919839679 9.25054119264e-21
9.61923847695 8.8559864311e-21
9.63927855711 8.47826024819e-21
9.65931863727 8.11664487014e-21
9.67935871743 7.77045313773e-21
9.6993987976 7.43902720048e-21
9.71943887776 7.12173726662e-21
9.73947895792 6.81798040629e-21
9.75951903808 6.52717940585e-21
9.77955911824 6.24878167102e-21
9.7995991984 5.98225817679e-21
9.81963927856 5.72710246219e-21
9.83967935872 5.48282966785e-21
9.85971943888 5.24897561465e-21
9.87975951904 5.02509592169e-21
9.8997995992 4.81076516181e-21
9.91983967936 4.60557605322e-21
9.93987975952 4.40913868555e-21
9.95991983968 4.22107977889e-21
9.97995991984 4.04104197451e-21
10.0 3.86868315578e-21
