0.0 0.0
0.0200400801603 0.0
0.0400801603206 0.0
0.060120240481 0.0
0.0801603206413 0.0
0.100200400802 0.0
0.120240480962 0.0
0.140280561122 0.0
0.160320641283 0.0
0.180360721443 0.0
0.200400801603 0.0
0.220440881764 0.0
0.240480961924 0.0
0.260521042084 0.0
0.280561122244 0.0
0.300601202405 0.0
0.320641282565 0.0
0.340681362725 0.0
0.360721442886 3.52356911344e-12
0.380761523046 3.90974792874e-12
0.400801603206 4.29592674404e-12
0.420841683367 4.68533786714e-12
0.440881763527 5.0772131709e-12
0.460921843687 5.46908847466e-12
0.480961923848 5.85706591455e-12
0.501002004008 6.23253143635e-12
0.521042084168 6.60799695815e-12
0.541082164329 6.98346247995e-12
0.561122244489 7.35623868099e-12
0.581162324649 7.72874123665e-12
0.60120240481 8.1012437923e-12
0.62124248497 8.46827302596e-12
0.64128256513 8.83130217743e-12
0.661322645291 9.19433132891e-12
0.681362725451 9.54414332182e-12
0.701402805611 9.85384919619e-12
0.721442885772 1.01635550706e-11
0.741482965932 1.04732609449e-11
0.761523046092 1.07681541409e-11
0.781563126253 1.10617238537e-11
0.801603206413 1.13552935664e-11
0.821643286573 1.16021829576e-11
0.841683366733 1.1816376806e-11
0.861723446894 1.20305706545e-11
0.881763527054 1.22181581581e-11
0.901803607214 1.2329308105e-11
0.921843687375 1.24404580519e-11
0.941883767535 1.25516079989e-11
0.961923847695 1.26186195866e-11
0.981963927856 1.26822228273e-11
1.00200400802 1.2745826068e-11
1.02204408818 1.28304987084e-11
1.04208416834 1.29293098809e-11
1.0621242485 1.30281210533e-11
1.08216432866 1.31215073542e-11
1.10220440882 1.32001171343e-11
1.12224448898 1.32787269143e-11
1.14228456914 1.33573366944e-11
1.1623246493 1.33772708587e-11
1.18236472946 1.33933700832e-11
1.20240480962 1.34094693076e-11
1.22244488978 1.34209723864e-11
1.24248496994 1.34295216376e-11
1.2625250501 1.34380708887e-11
1.28256513026 1.34498187295e-11
1.30260521042 1.34698375985e-11
1.32264529058 1.34898564675e-11
1.34268537074 1.35098753365e-11
1.3627254509 1.35528402474e-11
1.38276553106 1.35970386319e-11
1.40280561122 1.36412370164e-11
1.42284569138 1.36676595652e-11
1.44288577154 1.36831455062e-11
1.4629258517 1.36986314471e-11
1.48296593186 1.3716670531e-11
1.50300601202 1.3740984446e-11
1.52304609218 1.37652983611e-11
1.54308617234 1.37896122761e-11
1.56312625251 1.37821885256e-11
1.58316633267 1.37734190191e-11
1.60320641283 1.37646495127e-11
1.62324649299 1.37565031334e-11
1.64328657315 1.37487236069e-11
1.66332665331 1.37409440804e-11
1.68336673347 1.37410365827e-11
1.70340681363 1.37595369207e-11
1.72344689379 1.37780372586e-11
1.74348697395 1.37965375965e-11
1.76352705411 1.37323338577e-11
1.78356713427 1.36655421768e-11
1.80360721443 1.35987504958e-11
1.82364729459 1.35593783425e-11
1.84368737475 1.35354450959e-11
1.86372745491 1.35115118492e-11
1.88376753507 1.35119685737e-11
1.90380761523 1.35667427306e-11
1.92384769539 1.36215168874e-11
1.94388777555 1.36762910442e-11
1.96392785571 1.36340115133e-11
1.98396793587 1.35897506254e-11
2.00400801603 1.35454897375e-11
2.02404809619 1.35052341653e-11
2.04408817635 1.34671343044e-11
2.06412825651 1.34290344434e-11
2.08416833667 1.33916505726e-11
2.10420841683 1.33557866641e-11
2.12424849699 1.33199227557e-11
2.14428857715 1.32840588473e-11
2.16432865731 1.32411408037e-11
2.18436873747 1.31981538726e-11
2.20440881764 1.31551669415e-11
2.2244488978 1.30907181086e-11
2.24448897796 1.30152348445e-11
2.26452905812 1.29397515805e-11
2.28456913828 1.28609087904e-11
2.30460921844 1.27752621624e-11
2.3246492986 1.26896155344e-11
2.34468937876 1.26039951977e-11
2.36472945892 1.25579201798e-11
2.38476953908 1.25118451619e-11
2.40480961924 1.2465770144e-11
2.4248496994 1.24154075385e-11
2.44488977956 1.23629405418e-11
2.46492985972 1.23104735451e-11
2.48496993988 1.22377095246e-11
2.50501002004 1.21257009209e-11
2.5250501002 1.20136923173e-11
2.54509018036 1.19026021859e-11
2.56513026052 1.18740917275e-11
2.58517034068 1.18455812691e-11
2.60521042084 1.18170708108e-11
2.625250501 1.17434385346e-11
2.64529058116 1.16486807713e-11
2.66533066132 1.1553923008e-11
2.68537074148 1.1460610456e-11
2.70541082164 1.13699674827e-11
2.7254509018 1.12793245094e-11
2.74549098196 1.11892273928e-11
2.76553106212 1.11241689461e-11
2.78557114228 1.10591104993e-11
2.80561122244 1.09940520526e-11
2.82565130261 1.08716882439e-11
2.84569138277 1.07237523818e-11
2.86573146293 1.05758165198e-11
2.88577154309 1.04577605475e-11
2.90581162325 1.0392466471e-11
2.92585170341 1.03271723944e-11
2.94589178357 1.02606241952e-11
2.96593186373 1.01557315837e-11
2.98597194389 1.00508389723e-11
3.00601202405 9.9459463609e-12
3.02605210421 9.83833617876e-12
3.04609218437 9.72957118572e-12
3.06613226453 9.62080619269e-12
3.08617234469 9.51569993557e-12
3.10621242485 9.41677304124e-12
3.12625250501 9.3178461469e-12
3.14629258517 9.21953981517e-12
3.16633266533 9.13538595174e-12
3.18637274549 9.05123208831e-12
3.20641282565 8.96707822488e-12
3.22645290581 8.85485256987e-12
3.24649298597 8.73127858196e-12
3.26653306613 8.60770459405e-12
3.28657314629 8.47754382498e-12
3.30661322645 8.33673733575e-12
3.32665330661 8.19593084651e-12
3.34669338677 8.05743436583e-12
3.36673346693 7.96076088932e-12
3.38677354709 7.86408741282e-12
3.40681362725 7.76741393631e-12
3.42685370741 7.66330833833e-12
3.44689378758 7.5563475307e-12
3.46693386774 7.44938672306e-12
3.4869739479 7.34494498526e-12
3.50701402806 7.24440111681e-12
3.52705410822 7.14385724836e-12
3.54709418838 7.04223406379e-12
3.56713426854 6.92447003625e-12
3.5871743487 6.8067060087e-12
3.60721442886 6.68894198115e-12
3.62725450902 6.5785876621e-12
3.64729458918 6.47093528376e-12
3.66733466934 6.36328290542e-12
3.6873747495 6.26034764989e-12
3.70741482966 6.16440316264e-12
3.72745490982 6.0684586754e-12
3.74749498998 5.97289880755e-12
3.76753507014 5.88222214177e-12
3.7875751503 5.791545476e-12
3.80761523046 5.70086881022e-12
3.82765531062 5.59392253865e-12
3.84769539078 5.48135236966e-12
3.86773547094 5.36878220067e-12
3.8877755511 5.26422481443e-12
3.90781563126 5.17104494508e-12
3.92785571142 5.07786507573e-12
3.94789579158 4.98552822125e-12
3.96793587174 4.90246268927e-12
3.9879759519 4.81939715729e-12
4.00801603206 4.73633162532e-12
4.02805611222 4.64305815323e-12
4.04809619238 4.54644454238e-12
4.06813627255 4.44983093153e-12
4.08817635271 4.36118659464e-12
4.10821643287 4.28338742529e-12
4.12825651303 4.20558825594e-12
4.14829659319 4.1274223657e-12
4.16833667335 4.04570875172e-12
4.18837675351 3.96399513774e-12
4.20841683367 3.88228152376e-12
4.22845691383 3.80760438138e-12
4.24849699399 3.73510327042e-12
4.26853707415 3.66260215946e-12
4.28857715431 3.58791858966e-12
4.30861723447 3.51038770189e-12
4.32865731463 3.43285681412e-12
4.34869739479 3.35636155405e-12
4.36873747495 3.28878675561e-12
4.38877755511 3.22121195717e-12
4.40881763527 3.15363715873e-12
4.42885771543 3.09181064654e-12
4.44889779559 3.03166131425e-12
4.46893787575 2.97151198197e-12
4.48897795591 2.91074182586e-12
4.50901803607 2.8491950072e-12
4.52905811623 2.78764818855e-12
4.54909819639 2.72646901234e-12
4.56913827655 2.66813711488e-12
4.58917835671 2.60980521742e-12
4.60921843687 2.55147331996e-12
4.62925851703 2.49391262811e-12
4.64929859719 2.43656382584e-12
4.66933867735 2.37921502358e-12
4.68937875752 2.3254371491e-12
4.70941883768 2.27594381313e-12
4.72945891784 2.22645047717e-12
4.749498998 2.17635903371e-12
4.76953907816 2.12206896305e-12
4.78957915832 2.06777889239e-12
4.80961923848 2.01348882173e-12
4.82965931864 1.96504917775e-12
4.8496993988 1.91811996401e-12
4.86973947896 1.87119075026e-12
4.88977955912 1.8254610975e-12
4.90981963928 1.78111206072e-12
4.92985971944 1.73676302394e-12
4.9498997996 1.6930987162e-12
4.96993987976 1.65382076731e-12
4.98997995992 1.61454281841e-12
5.01002004008 1.57611285302e-12
5.03006012024 1.5384697748e-12
5.0501002004 1.50082669659e-12
5.07014028056 1.46548286552e-12
5.09018036072 1.43018643557e-12
5.11022044088 1.39489000562e-12
5.13026052104 1.35959357567e-12
5.1503006012 1.32429714573e-12
5.17034068136 1.29188383554e-12
5.19038076152 1.25965650837e-12
5.21042084168 1.22742918121e-12
5.23046092184 1.19520185405e-12
5.250501002 1.16297452688e-12
5.27054108216 1.13409816348e-12
5.29058116232 1.10559826061e-12
5.31062124248 1.07709835774e-12
5.33066132265 1.04859845488e-12
5.35070140281 1.02009855201e-12
5.37074148297 9.92534800594e-13
5.39078156313 9.6512521643e-13
5.41082164329 9.37715632265e-13
5.43086172345 9.10306048101e-13
5.45090180361 8.82896463936e-13
5.47094188377 8.5851493799e-13
5.49098196393 8.34806211274e-13
5.51102204409 8.11097484558e-13
5.53106212425 7.87388757841e-13
5.55110220441 7.63680031125e-13
5.57114228457 7.41094489685e-13
5.59118236473 7.18829899502e-13
5.61122244489 6.96565309319e-13
5.63126252505 6.74300719137e-13
5.65130260521 6.52036128954e-13
5.67134268537 6.31851736728e-13
5.69138276553 6.12408302492e-13
5.71142284569 5.92964868257e-13
5.73146292585 5.73521434021e-13
5.75150300601 5.54077999785e-13
5.77154308617 5.35401104051e-13
5.79158316633 5.17057505016e-13
5.81162324649 4.98713905981e-13
5.83166332665 4.80370306947e-13
5.85170340681 4.62026707912e-13
5.87174348697 4.44636226233e-13
5.89178356713 4.27744313851e-13
5.91182364729 4.10852401469e-13
5.93186372745 3.93960489087e-13
5.95190380762 3.77068576705e-13
5.97194388778 3.61966562993e-13
5.99198396794 3.4797957763e-13
6.0120240481 3.33992592268e-13
6.03206412826 3.20005606905e-13
6.05210420842 3.06018621542e-13
6.07214428858 2.92786486915e-13
6.09218436874 2.80110551205e-13
6.1122244489 2.67434615495e-13
6.13226452906 2.54758679786e-13
6.15230460922 2.42082744076e-13
6.17234468938 2.29852094493e-13
6.19238476954 2.1800790713e-13
6.2124248497 2.06163719768e-13
6.23246492986 1.94319532406e-13
6.25250501002 1.82475345044e-13
6.27254509018 1.71584101521e-13
6.29258517034 1.61665198692e-13
6.3126252505 1.51746295864e-13
6.33266533066 1.41827393035e-13
6.35270541082 1.31908490206e-13
6.37274549098 1.22656978263e-13
6.39278557114 1.14206276771e-13
6.4128256513 1.05755575279e-13
6.43286573146 9.73048737865e-14
6.45290581162 8.88541722943e-14
6.47294589178 8.1408682948e-14
6.49298597194 7.53850651463e-14
6.5130260521 6.93614473447e-14
6.53306613226 6.3337829543e-14
6.55310621242 5.73142117413e-14
6.57314629259 5.20016129381e-14
6.59318637275 4.78805617089e-14
6.61322645291 4.37595104797e-14
6.63326653307 3.96384592505e-14
6.65330661323 3.55174080213e-14
6.67334669339 3.15397019694e-14
6.69338677355 2.78487077321e-14
6.71342685371 2.41577134947e-14
6.73346693387 2.04667192574e-14
6.75350701403 1.677572502e-14
6.77354709419 1.34783677909e-14
6.79358717435 1.11312220414e-14
6.81362725451 8.78407629193e-15
6.83366733467 6.43693054245e-15
6.85370741483 4.08978479297e-15
6.87374749499 2.23252799684e-15
6.89378757515 1.82539284204e-15
6.91382765531 1.41825768723e-15
6.93386773547 1.01112253243e-15
6.95390781563 6.03987377623e-16
6.97394789579 2.74233205054e-16
6.99398797595 2.31896709851e-16
7.01402805611 1.89560214649e-16
7.03406813627 1.47223719446e-16
7.05410821643 1.04887224244e-16
7.07414829659 6.74511425012e-17
7.09418837675 5.36517628567e-17
7.11422845691 3.98523832122e-17
7.13426853707 2.60530035678e-17
7.15430861723 1.22536239233e-17
7.17434869739 2.59461473046e-19
7.19438877756 2.06608063497e-19
7.21442885772 1.53754653947e-19
7.23446893788 1.00901244398e-19
7.25450901804 4.80478348488e-20
7.2745490982 0.0
7.29458917836 0.0
7.31462925852 0.0
7.33466933868 0.0
7.35470941884 0.0
7.374749499 0.0
7.39478957916 0.0
7.41482965932 0.0
7.43486973948 0.0
7.45490981964 0.0
7.4749498998 0.0
7.49498997996 0.0
7.51503006012 0.0
7.53507014028 0.0
7.55511022044 0.0
7.5751503006 0.0
7.59519038076 0.0
7.61523046092 0.0
7.63527054108 0.0
7.65531062124 0.0
7.6753507014 0.0
7.69539078156 0.0
7.71543086172 0.0
7.73547094188 0.0
7.75551102204 0.0
7.7755511022 0.0
7.79559118236 0.0
7.81563126253 0.0
7.83567134269 0.0
7.85571142285 0.0
7.87575150301 0.0
7.89579158317 0.0
7.91583166333 0.0
7.93587174349 0.0
7.95591182365 0.0
7.97595190381 0.0
7.99599198397 0.0
8.01603206413 0.0
8.03607214429 0.0
8.05611222445 0.0
8.07615230461 0.0
8.09619238477 0.0
8.11623246493 0.0
8.13627254509 0.0
8.15631262525 0.0
8.17635270541 0.0
8.19639278557 0.0
8.21643286573 0.0
8.23647294589 0.0
8.25651302605 0.0
8.27655310621 0.0
8.29659318637 0.0
8.31663326653 0.0
8.33667334669 0.0
8.35671342685 0.0
8.37675350701 0.0
8.39679358717 0.0
8.41683366733 0.0
8.43687374749 0.0
8.45691382766 0.0
8.47695390782 0.0
8.49699398798 0.0
8.51703406814 0.0
8.5370741483 0.0
8.55711422846 0.0
8.57715430862 0.0
8.59719438878 0.0
8.61723446894 0.0
8.6372745491 0.0
8.65731462926 0.0
8.67735470942 0.0
8.69739478958 0.0
8.71743486974 0.0
8.7374749499 0.0
8.75751503006 0.0
8.77755511022 0.0
8.79759519038 0.0
8.81763527054 0.0
8.8376753507 0.0
8.85771543086 0.0
8.87775551102 0.0
8.89779559118 0.0
8.91783567134 0.0
8.9378757515 0.0
8.95791583166 0.0
8.97795591182 0.0
8.99799599198 0.0
9.01803607214 0.0
9.0380761523 0.0
9.05811623246 0.0
9.07815631263 0.0
9.09819639279 0.0
9.11823647295 0.0
9.13827655311 0.0
9.15831663327 0.0
9.17835671343 0.0
9.19839679359 0.0
9.21843687375 0.0
9.23847695391 0.0
9.25851703407 0.0
9.27855711423 0.0
9.29859719439 0.0
9.31863727455 0.0
9.33867735471 0.0
9.35871743487 0.0
9.37875751503 0.0
9.39879759519 0.0
9.41883767535 0.0
9.43887775551 0.0
9.45891783567 0.0
9.47895791583 0.0
9.49899799599 0.0
9.51903807615 0.0
9.53907815631 0.0
9.55911823647 0.0
9.57915831663 0.0
9.59919839679 0.0
9.61923847695 0.0
9.63927855711 0.0
9.65931863727 0.0
9.67935871743 0.0
9.6993987976 0.0
9.71943887776 0.0
9.73947895792 0.0
9.75951903808 0.0
9.77955911824 0.0
9.7995991984 0.0
9.81963927856 0.0
9.83967935872 0.0
9.85971943888 0.0
9.87975951904 0.0
9.8997995992 0.0
9.91983967936 0.0
9.93987975952 0.0
9.95991983968 0.0
9.97995991984 0.0
10.0 0.0
