0.0 0.0
0.0200400801603 0.0
0.0400801603206 0.0
0.060120240481 0.0
0.0801603206413 0.0
0.100200400802 0.0
0.120240480962 0.0
0.140280561122 0.0
0.160320641283 0.0
0.180360721443 0.0
0.200400801603 0.0
0.220440881764 0.0
0.240480961924 0.0
0.260521042084 0.0
0.280561122244 0.0
0.300601202405 0.0
0.320641282565 0.0
0.340681362725 0.0
0.360721442886 4.3925599691e-12
0.380761523046 4.87397910702e-12
0.400801603206 5.35539824494e-12
0.420841683367 5.84084684998e-12
0.440881763527 6.32936735767e-12
0.460921843687 6.81788786536e-12
0.480961923848 7.30154920887e-12
0.501002004008 7.7696129158e-12
0.521042084168 8.23767662272e-12
0.541082164329 8.70574032964e-12
0.561122244489 9.17045146922e-12
0.581162324649 9.63482147636e-12
0.60120240481 1.00991914835e-11
0.62124248497 1.05567383252e-11
0.64128256513 1.1009298575e-11
0.661322645291 1.14618588249e-11
0.681362725451 1.18979422696e-11
0.701402805611 1.22840285311e-11
0.721442885772 1.26701147925e-11
0.741482965932 1.3056201054e-11
0.761523046092 1.34238214996e-11
0.781563126253 1.37897920615e-11
0.801603206413 1.41557626235e-11
0.821643286573 1.44635404538e-11
0.841683366733 1.473055929e-11
0.861723446894 1.49975781263e-11
0.881763527054 1.52314288989e-11
0.901803607214 1.53699909056e-11
0.921843687375 1.55085529124e-11
0.941883767535 1.56471149192e-11
0.961923847695 1.57306530615e-11
0.981963927856 1.58099422821e-11
1.00200400802 1.58892315027e-11
1.02204408818 1.59947863078e-11
1.04208416834 1.61179665227e-11
1.0621242485 1.62411467376e-11
1.08216432866 1.63575641864e-11
1.10220440882 1.64555608943e-11
1.12224448898 1.65535576022e-11
1.14228456914 1.665155431e-11
1.1623246493 1.66764046846e-11
1.18236472946 1.66964743374e-11
1.20240480962 1.67165439902e-11
1.22244488978 1.67308839853e-11
1.24248496994 1.67415416727e-11
1.2625250501 1.67521993601e-11
1.28256513026 1.67668444809e-11
1.30260521042 1.67918004502e-11
1.32264529058 1.68167564195e-11
1.34268537074 1.68417123888e-11
1.3627254509 1.68952734065e-11
1.38276553106 1.69503721e-11
1.40280561122 1.70054707934e-11
1.42284569138 1.7038409733e-11
1.44288577154 1.70577148529e-11
1.4629258517 1.70770199729e-11
1.48296593186 1.70995078978e-11
1.50300601202 1.71298181675e-11
1.52304609218 1.71601284371e-11
1.54308617234 1.71904387067e-11
1.56312625251 1.71811840934e-11
1.58316633267 1.71702518308e-11
1.60320641283 1.71593195682e-11
1.62324649299 1.71491641098e-11
1.64328657315 1.71394659783e-11
1.66332665331 1.71297678467e-11
1.68336673347 1.71298831622e-11
1.70340681363 1.71529460967e-11
1.72344689379 1.71760090313e-11
1.74348697395 1.71990719658e-11
1.76352705411 1.71190341508e-11
1.78356713427 1.70357701493e-11
1.80360721443 1.69525061477e-11
1.82364729459 1.69034239419e-11
1.84368737475 1.6873588222e-11
1.86372745491 1.68437525021e-11
1.88376753507 1.68443218651e-11
1.90380761523 1.69126045526e-11
1.92384769539 1.698088724e-11
1.94388777555 1.70491699275e-11
1.96392785571 1.69964633199e-11
1.98396793587 1.69412867083e-11
2.00400801603 1.68861100967e-11
2.02404809619 1.68359266011e-11
2.04408817635 1.67884304634e-11
2.06412825651 1.67409343256e-11
2.08416833667 1.66943307571e-11
2.10420841683 1.66496220077e-11
2.12424849699 1.66049132583e-11
2.14428857715 1.65602045088e-11
2.16432865731 1.6506701917e-11
2.18436873747 1.64531134484e-11
2.20440881764 1.63995249798e-11
2.2244488978 1.63191816251e-11
2.24448897796 1.62250825019e-11
2.26452905812 1.61309833786e-11
2.28456913828 1.60326961953e-11
2.30460921844 1.59259271956e-11
2.3246492986 1.58191581959e-11
2.34468937876 1.57124219716e-11
2.36472945892 1.5654983825e-11
2.38476953908 1.55975456783e-11
2.40480961924 1.55401075317e-11
2.4248496994 1.54773243828e-11
2.44488977956 1.54119178526e-11
2.46492985972 1.53465113225e-11
2.48496993988 1.52558020691e-11
2.50501002004 1.51161696416e-11
2.5250501002 1.49765372141e-11
2.54509018036 1.48380497747e-11
2.56513026052 1.48025080004e-11
2.58517034068 1.47669662261e-11
2.60521042084 1.47314244518e-11
2.625250501 1.46396328115e-11
2.64529058116 1.4521505667e-11
2.66533066132 1.44033785225e-11
2.68537074148 1.42870530107e-11
2.70541082164 1.41740554553e-11
2.7254509018 1.40610578999e-11
2.74549098196 1.39487408217e-11
2.76553106212 1.38676375087e-11
2.78557114228 1.37865341956e-11
2.80561122244 1.37054308826e-11
2.82565130261 1.35528894252e-11
2.84569138277 1.33684692749e-11
2.86573146293 1.31840491246e-11
2.88577154309 1.30368779122e-11
2.90581162325 1.29554808579e-11
2.92585170341 1.28740838035e-11
2.94589178357 1.27911233317e-11
2.96593186373 1.26603618591e-11
2.98597194389 1.25296003865e-11
3.00601202405 1.23988389139e-11
3.02605210421 1.2264689657e-11
3.04609218437 1.2129100787e-11
3.06613226453 1.1993511917e-11
3.08617234469 1.18624841089e-11
3.10621242485 1.17391596326e-11
3.12625250501 1.16158351562e-11
3.14629258517 1.1493284287e-11
3.16633266533 1.13883762009e-11
3.18637274549 1.12834681149e-11
3.20641282565 1.11785600289e-11
3.22645290581 1.10386570203e-11
3.24649298597 1.08846069265e-11
3.26653306613 1.07305568327e-11
3.28657314629 1.05682955103e-11
3.30661322645 1.03927629954e-11
3.32665330661 1.02172304805e-11
3.34669338677 1.00445776738e-11
3.36673346693 9.92406235843e-12
3.38677354709 9.80354704305e-12
3.40681362725 9.68303172767e-12
3.42685370741 9.55325136363e-12
3.44689378758 9.41991163146e-12
3.46693386774 9.28657189929e-12
3.4869739479 9.15637249584e-12
3.50701402806 9.0310322634e-12
3.52705410822 8.90569203097e-12
3.54709418838 8.77900629894e-12
3.56713426854 8.6321990315e-12
3.5871743487 8.48539176405e-12
3.60721442886 8.33858449661e-12
3.62725450902 8.20101433729e-12
3.64729458918 8.06681247762e-12
3.66733466934 7.93261061796e-12
3.6873747495 7.80428922897e-12
3.70741482966 7.68468268789e-12
3.72745490982 7.5650761468e-12
3.74749498998 7.44594908085e-12
3.76753507014 7.33290952368e-12
3.7875751503 7.21986996652e-12
3.80761523046 7.10683040936e-12
3.82765531062 6.97350879817e-12
3.84769539078 6.83317631083e-12
3.86773547094 6.69284382348e-12
3.8877755511 6.56250025011e-12
3.90781563126 6.44634014345e-12
3.92785571142 6.33018003679e-12
3.94789579158 6.2150708513e-12
3.96793587174 6.11151950355e-12
3.9879759519 6.00796815581e-12
4.00801603206 5.90441680806e-12
4.02805611222 5.78814001414e-12
4.04809619238 5.66769932862e-12
4.06813627255 5.54725864311e-12
4.08817635271 5.43675263253e-12
4.10821643287 5.33976645007e-12
4.12825651303 5.24278026762e-12
4.14829659319 5.14533692272e-12
4.16833667335 5.04347090615e-12
4.18837675351 4.94160488958e-12
4.20841683367 4.83973887301e-12
4.22845691383 4.74664467912e-12
4.24849699399 4.65626317461e-12
4.26853707415 4.5658816701e-12
4.28857715431 4.47277946365e-12
4.30861723447 4.376127727e-12
4.32865731463 4.27947599036e-12
4.34869739479 4.18411529035e-12
4.36873747495 4.09987503708e-12
4.38877755511 4.0156347838e-12
4.40881763527 3.93139453052e-12
4.42885771543 3.8543202193e-12
4.44889779559 3.77933671801e-12
4.46893787575 3.70435321671e-12
4.48897795591 3.62859578258e-12
4.50901803607 3.55187014356e-12
4.52905811623 3.47514450454e-12
4.54909819639 3.39887717681e-12
4.56913827655 3.32615933037e-12
4.58917835671 3.25344148393e-12
4.60921843687 3.18072363749e-12
4.62925851703 3.10896719321e-12
4.64929859719 3.0374748952e-12
4.66933867735 2.96598259719e-12
4.68937875752 2.89894189753e-12
4.70941883768 2.83724239929e-12
4.72945891784 2.77554290106e-12
4.749498998 2.71309778866e-12
4.76953907816 2.6454185738e-12
4.78957915832 2.57773935894e-12
4.80961923848 2.51006014408e-12
4.82965931864 2.44967420181e-12
4.8496993988 2.39117119562e-12
4.86973947896 2.33266818942e-12
4.88977955912 2.27566058275e-12
4.90981963928 2.22037408279e-12
4.92985971944 2.16508758283e-12
4.9498997996 2.1106546814e-12
4.96993987976 2.06168991289e-12
4.98997995992 2.01272514437e-12
5.01002004008 1.96481749103e-12
5.03006012024 1.91789078883e-12
5.0501002004 1.87096408663e-12
5.07014028056 1.82690367728e-12
5.09018036072 1.78290235922e-12
5.11022044088 1.73890104117e-12
5.13026052104 1.69489972312e-12
5.1503006012 1.65089840506e-12
5.17034068136 1.61049124851e-12
5.19038076152 1.57031594255e-12
5.21042084168 1.53014063658e-12
5.23046092184 1.48996533062e-12
5.250501002 1.44979002466e-12
5.27054108216 1.41379210498e-12
5.29058116232 1.37826348941e-12
5.31062124248 1.34273487384e-12
5.33066132265 1.30720625827e-12
5.35070140281 1.2716776427e-12
5.37074148297 1.23731605445e-12
5.39078156313 1.20314665454e-12
5.41082164329 1.16897725462e-12
5.43086172345 1.1348078547e-12
5.45090180361 1.10063845479e-12
5.47094188377 1.07024389989e-12
5.49098196393 1.04068807154e-12
5.51102204409 1.01113224319e-12
5.53106212425 9.8157641484e-13
5.55110220441 9.52020586492e-13
5.57114228457 9.23864945999e-13
5.59118236473 8.96109410513e-13
5.61122244489 8.68353875027e-13
5.63126252505 8.40598339541e-13
5.65130260521 8.12842804055e-13
5.67134268537 7.87680489811e-13
5.69138276553 7.6344187035e-13
5.71142284569 7.39203250889e-13
5.73146292585 7.14964631428e-13
5.75150300601 6.90726011966e-13
5.77154308617 6.67442976525e-13
5.79158316633 6.44575436195e-13
5.81162324649 6.21707895864e-13
5.83166332665 5.98840355533e-13
5.85170340681 5.75972815202e-13
5.87174348697 5.54293452259e-13
5.89178356713 5.33235616939e-13
5.91182364729 5.12177781618e-13
5.93186372745 4.91119946298e-13
5.95190380762 4.70062110978e-13
5.97194388778 4.51235603324e-13
5.99198396794 4.33799114918e-13
6.0120240481 4.16362626513e-13
6.03206412826 3.98926138107e-13
6.05210420842 3.81489649702e-13
6.07214428858 3.64994175085e-13
6.09218436874 3.49192070464e-13
6.1122244489 3.33389965843e-13
6.13226452906 3.17587861223e-13
6.15230460922 3.01785756602e-13
6.17234468938 2.86538755613e-13
6.19238476954 2.71773527063e-13
6.2124248497 2.57008298512e-13
6.23246492986 2.42243069962e-13
6.25250501002 2.27477841411e-13
6.27254509018 2.13900573938e-13
6.29258517034 2.01535448095e-13
6.3126252505 1.89170322253e-13
6.33266533066 1.7680519641e-13
6.35270541082 1.64440070568e-13
6.37274549098 1.52906929112e-13
6.39278557114 1.42372095853e-13
6.4128256513 1.31837262594e-13
6.43286573146 1.21302429336e-13
6.45290581162 1.10767596077e-13
6.47294589178 1.01485882735e-13
6.49298597194 9.39767062229e-14
6.5130260521 8.6467529711e-14
6.53306613226 7.89583531991e-14
6.55310621242 7.14491766871e-14
6.57314629259 6.48263723419e-14
6.59318637275 5.96889778203e-14
6.61322645291 5.45515832987e-14
6.63326653307 4.9414188777e-14
6.65330661323 4.42767942554e-14
6.67334669339 3.9318097034e-14
6.69338677355 3.47168211654e-14
6.71342685371 3.01155452967e-14
6.73346693387 2.55142694281e-14
6.75350701403 2.09129935594e-14
6.77354709419 1.68024343786e-14
6.79358717435 1.38764300549e-14
6.81362725451 1.09504257312e-14
6.83366733467 8.02442140748e-15
6.85370741483 5.09841708378e-15
6.87374749499 2.78311927285e-15
6.89378757515 2.27557549396e-15
6.91382765531 1.76803171507e-15
6.93386773547 1.26048793618e-15
6.95390781563 7.52944157295e-16
6.97394789579 3.41865239459e-16
6.99398797595 2.89087618793e-16
7.01402805611 2.36309998128e-16
7.03406813627 1.83532377462e-16
7.05410821643 1.30754756797e-16
7.07414829659 8.40861010192e-17
7.09418837675 6.68834860929e-17
7.11422845691 4.96808711666e-17
7.13426853707 3.24782562403e-17
7.15430861723 1.52756413139e-17
7.17434869739 3.23450468356e-19
7.19438877756 2.5756222733e-19
7.21442885772 1.91673986304e-19
7.23446893788 1.25785745279e-19
7.25450901804 5.98975042533e-20
7.2745490982 0.0
7.29458917836 0.0
7.31462925852 0.0
7.33466933868 0.0
7.35470941884 0.0
7.374749499 0.0
7.39478957916 0.0
7.41482965932 0.0
7.43486973948 0.0
7.45490981964 0.0
7.4749498998 0.0
7.49498997996 0.0
7.51503006012 0.0
7.53507014028 0.0
7.55511022044 0.0
7.5751503006 0.0
7.59519038076 0.0
7.61523046092 0.0
7.63527054108 0.0
7.65531062124 0.0
7.6753507014 0.0
7.69539078156 0.0
7.71543086172 0.0
7.73547094188 0.0
7.75551102204 0.0
7.7755511022 0.0
7.79559118236 0.0
7.81563126253 0.0
7.83567134269 0.0
7.85571142285 0.0
7.87575150301 0.0
7.89579158317 0.0
7.91583166333 0.0
7.93587174349 0.0
7.95591182365 0.0
7.97595190381 0.0
7.99599198397 0.0
8.01603206413 0.0
8.03607214429 0.0
8.05611222445 0.0
8.07615230461 0.0
8.09619238477 0.0
8.11623246493 0.0
8.13627254509 0.0
8.15631262525 0.0
8.17635270541 0.0
8.19639278557 0.0
8.21643286573 0.0
8.23647294589 0.0
8.25651302605 0.0
8.27655310621 0.0
8.29659318637 0.0
8.31663326653 0.0
8.33667334669 0.0
8.35671342685 0.0
8.37675350701 0.0
8.39679358717 0.0
8.41683366733 0.0
8.43687374749 0.0
8.45691382766 0.0
8.47695390782 0.0
8.49699398798 0.0
8.51703406814 0.0
8.5370741483 0.0
8.55711422846 0.0
8.57715430862 0.0
8.59719438878 0.0
8.61723446894 0.0
8.6372745491 0.0
8.65731462926 0.0
8.67735470942 0.0
8.69739478958 0.0
8.71743486974 0.0
8.7374749499 0.0
8.75751503006 0.0
8.77755511022 0.0
8.79759519038 0.0
8.81763527054 0.0
8.8376753507 0.0
8.85771543086 0.0
8.87775551102 0.0
8.89779559118 0.0
8.91783567134 0.0
8.9378757515 0.0
8.95791583166 0.0
8.97795591182 0.0
8.99799599198 0.0
9.01803607214 0.0
9.0380761523 0.0
9.05811623246 0.0
9.07815631263 0.0
9.09819639279 0.0
9.11823647295 0.0
9.13827655311 0.0
9.15831663327 0.0
9.17835671343 0.0
9.19839679359 0.0
9.21843687375 0.0
9.23847695391 0.0
9.25851703407 0.0
9.27855711423 0.0
9.29859719439 0.0
9.31863727455 0.0
9.33867735471 0.0
9.35871743487 0.0
9.37875751503 0.0
9.39879759519 0.0
9.41883767535 0.0
9.43887775551 0.0
9.45891783567 0.0
9.47895791583 0.0
9.49899799599 0.0
9.51903807615 0.0
9.53907815631 0.0
9.55911823647 0.0
9.57915831663 0.0
9.59919839679 0.0
9.61923847695 0.0
9.63927855711 0.0
9.65931863727 0.0
9.67935871743 0.0
9.6993987976 0.0
9.71943887776 0.0
9.73947895792 0.0
9.75951903808 0.0
9.77955911824 0.0
9.7995991984 0.0
9.81963927856 0.0
9.83967935872 0.0
9.85971943888 0.0
9.87975951904 0.0
9.8997995992 0.0
9.91983967936 0.0
9.93987975952 0.0
9.95991983968 0.0
9.97995991984 0.0
10.0 0.0
