0.0 0.0
0.0200400801603 0.0
0.0400801603206 0.0
0.060120240481 0.0
0.0801603206413 0.0
0.100200400802 0.0
0.120240480962 0.0
0.140280561122 0.0
0.160320641283 0.0
0.180360721443 0.0
0.200400801603 0.0
0.220440881764 0.0
0.240480961924 0.0
0.260521042084 0.0
0.280561122244 0.0
0.300601202405 0.0
0.320641282565 0.0
0.340681362725 0.0
0.360721442886 0.0
0.380761523046 3.47348571209e-12
0.400801603206 3.81657345628e-12
0.420841683367 4.16253283701e-12
0.440881763527 4.51068143721e-12
0.460921843687 4.85883003741e-12
0.480961923848 5.2035157099e-12
0.501002004008 5.53708558426e-12
0.521042084168 5.87065545861e-12
0.541082164329 6.20422533297e-12
0.561122244489 6.5354059696e-12
0.581162324649 6.86634349508e-12
0.60120240481 7.19728102056e-12
0.62124248497 7.52335595487e-12
0.64128256513 7.84587714899e-12
0.661322645291 8.16839834312e-12
0.681362725451 8.47917719164e-12
0.701402805611 8.75432509099e-12
0.721442885772 9.02947299034e-12
0.741482965932 9.30462088969e-12
0.761523046092 9.56660895679e-12
0.781563126253 9.82742121922e-12
0.801603206413 1.00882334816e-11
0.821643286573 1.03075741626e-11
0.841683366733 1.04978675742e-11
0.861723446894 1.06881609859e-11
0.881763527054 1.08548168741e-11
0.901803607214 1.09535643533e-11
0.921843687375 1.10523118326e-11
0.941883767535 1.11510593118e-11
0.961923847695 1.12105935317e-11
0.981963927856 1.12670997187e-11
1.00200400802 1.13236059058e-11
1.02204408818 1.13988305014e-11
1.04208416834 1.14866160062e-11
1.0621242485 1.1574401511e-11
1.08216432866 1.16573674689e-11
1.10220440882 1.17272057175e-11
1.12224448898 1.17970439661e-11
1.14228456914 1.18668822147e-11
1.1623246493 1.1884592061e-11
1.18236472946 1.18988948823e-11
1.20240480962 1.19131977037e-11
1.22244488978 1.19234172321e-11
1.24248496994 1.19310125303e-11
1.2625250501 1.19386078286e-11
1.28256513026 1.19490448076e-11
1.30260521042 1.1966829907e-11
1.32264529058 1.19846150064e-11
1.34268537074 1.20024001058e-11
1.3627254509 1.20405708541e-11
1.38276553106 1.2079837441e-11
1.40280561122 1.2119104028e-11
1.42284569138 1.2142578264e-11
1.44288577154 1.2156336234e-11
1.4629258517 1.2170094204e-11
1.48296593186 1.2186120429e-11
1.50300601202 1.22077213194e-11
1.52304609218 1.22293222098e-11
1.54308617234 1.22509231002e-11
1.56312625251 1.22443277156e-11
1.58316633267 1.22365367388e-11
1.60320641283 1.2228745762e-11
1.62324649299 1.22215083819e-11
1.64328657315 1.22145969199e-11
1.66332665331 1.22076854579e-11
1.68336673347 1.22077676386e-11
1.70340681363 1.22242036494e-11
1.72344689379 1.22406396603e-11
1.74348697395 1.22570756711e-11
1.76352705411 1.22000359915e-11
1.78356713427 1.21406971406e-11
1.80360721443 1.20813582896e-11
1.82364729459 1.20463794075e-11
1.84368737475 1.20251167093e-11
1.86372745491 1.20038540112e-11
1.88376753507 1.20042597729e-11
1.90380761523 1.20529220535e-11
1.92384769539 1.21015843342e-11
1.94388777555 1.21502466149e-11
1.96392785571 1.21126847697e-11
1.98396793587 1.20733626537e-11
2.00400801603 1.20340405376e-11
2.02404809619 1.19982768113e-11
2.04408817635 1.19644282551e-11
2.06412825651 1.19305796989e-11
2.08416833667 1.18973672403e-11
2.10420841683 1.18655051418e-11
2.12424849699 1.18336430433e-11
2.14428857715 1.18017809448e-11
2.16432865731 1.17636518342e-11
2.18436873747 1.17254615228e-11
2.20440881764 1.16872712114e-11
2.2244488978 1.16300137861e-11
2.24448897796 1.15629531867e-11
2.26452905812 1.14958925874e-11
2.28456913828 1.14258473288e-11
2.30460921844 1.13497574263e-11
2.3246492986 1.12736675238e-11
2.34468937876 1.1197600979e-11
2.36472945892 1.11566671594e-11
2.38476953908 1.11157333398e-11
2.40480961924 1.10747995202e-11
2.4248496994 1.10300565358e-11
2.44488977956 1.09834439749e-11
2.46492985972 1.0936831414e-11
2.48496993988 1.08721866364e-11
2.50501002004 1.0772676312e-11
2.5250501002 1.06731659877e-11
2.54509018036 1.05744716495e-11
2.56513026052 1.05491424796e-11
2.58517034068 1.05238133096e-11
2.60521042084 1.04984841396e-11
2.625250501 1.04330679891e-11
2.64529058116 1.0348883601e-11
2.66533066132 1.02646992129e-11
2.68537074148 1.01817987749e-11
2.70541082164 1.01012700353e-11
2.7254509018 1.00207412957e-11
2.74549098196 9.94069750444e-12
2.76553106212 9.88289848789e-12
2.78557114228 9.82509947134e-12
2.80561122244 9.76730045478e-12
2.82565130261 9.65859039241e-12
2.84569138277 9.52716168848e-12
2.86573146293 9.39573298454e-12
2.88577154309 9.2908500763e-12
2.90581162325 9.23284172231e-12
2.92585170341 9.17483336832e-12
2.94589178357 9.11571083061e-12
2.96593186373 9.02252247328e-12
2.98597194389 8.92933411594e-12
3.00601202405 8.8361457586e-12
3.02605210421 8.74054306581e-12
3.04609218437 8.64391441962e-12
3.06613226453 8.54728577344e-12
3.08617234469 8.45390760968e-12
3.10621242485 8.36601929558e-12
3.12625250501 8.27813098148e-12
3.14629258517 8.19079398561e-12
3.16633266533 8.11603028024e-12
3.18637274549 8.04126657486e-12
3.20641282565 7.96650286949e-12
3.22645290581 7.86679971309e-12
3.24649298597 7.75701450719e-12
3.26653306613 7.64722930128e-12
3.28657314629 7.53159228839e-12
3.30661322645 7.40649743894e-12
3.32665330661 7.28140258949e-12
3.34669338677 7.15835999044e-12
3.36673346693 7.07247365057e-12
3.38677354709 6.98658731071e-12
3.40681362725 6.90070097085e-12
3.42685370741 6.80821180947e-12
3.44689378758 6.71318603189e-12
3.46693386774 6.61816025431e-12
3.4869739479 6.52537246067e-12
3.50701402806 6.43604759961e-12
3.52705410822 6.34672273856e-12
3.54709418838 6.25643899494e-12
3.56713426854 6.15181545538e-12
3.5871743487 6.04719191582e-12
3.60721442886 5.94256837627e-12
3.62725450902 5.84452774616e-12
3.64729458918 5.74888756555e-12
3.66733466934 5.65324738494e-12
3.6873747495 5.56179797545e-12
3.70741482966 5.47655928189e-12
3.72745490982 5.39132058833e-12
3.74749498998 5.30642359709e-12
3.76753507014 5.22586492458e-12
3.7875751503 5.14530625207e-12
3.80761523046 5.06474757956e-12
3.82765531062 4.96973471607e-12
3.84769539078 4.86972548767e-12
3.86773547094 4.76971625927e-12
3.8877755511 4.67682572161e-12
3.90781563126 4.59404316101e-12
3.92785571142 4.51126060041e-12
3.94789579158 4.42922698837e-12
3.96793587174 4.35543017493e-12
3.9879759519 4.2816333615e-12
4.00801603206 4.20783654806e-12
4.02805611222 4.12497082921e-12
4.04809619238 4.03913767501e-12
4.06813627255 3.9533045208e-12
4.08817635271 3.87455140339e-12
4.10821643287 3.80543331494e-12
4.12825651303 3.7363152265e-12
4.14829659319 3.66687133705e-12
4.16833667335 3.59427559026e-12
4.18837675351 3.52167984347e-12
4.20841683367 3.44908409669e-12
4.22845691383 3.38273966942e-12
4.24849699399 3.31832846502e-12
4.26853707415 3.25391726061e-12
4.28857715431 3.18756712312e-12
4.30861723447 3.11868738053e-12
4.32865731463 3.04980763793e-12
4.34869739479 2.98184796439e-12
4.36873747495 2.92181337875e-12
4.38877755511 2.8617787931e-12
4.40881763527 2.80174420745e-12
4.42885771543 2.74681649584e-12
4.44889779559 2.69337881901e-12
4.46893787575 2.63994114218e-12
4.48897795591 2.58595191505e-12
4.50901803607 2.53127268787e-12
4.52905811623 2.47659346068e-12
4.54909819639 2.42224085322e-12
4.56913827655 2.37041781601e-12
4.58917835671 2.31859477881e-12
4.60921843687 2.2667717416e-12
4.62925851703 2.21563385641e-12
4.64929859719 2.16468421748e-12
4.66933867735 2.11373457855e-12
4.68937875752 2.06595741182e-12
4.70941883768 2.02198670107e-12
4.72945891784 1.97801599031e-12
4.749498998 1.9335139108e-12
4.76953907816 1.88528170039e-12
4.78957915832 1.83704948999e-12
4.80961923848 1.78881727958e-12
4.82965931864 1.74578268647e-12
4.8496993988 1.70408998495e-12
4.86973947896 1.66239728343e-12
4.88977955912 1.62177029203e-12
4.90981963928 1.58236986304e-12
4.92985971944 1.54296943406e-12
4.9498997996 1.50417732986e-12
4.96993987976 1.46928214051e-12
4.98997995992 1.43438695116e-12
5.01002004008 1.40024512459e-12
5.03006012024 1.3668023818e-12
5.0501002004 1.33335963902e-12
5.07014028056 1.301959586e-12
5.09018036072 1.27060164494e-12
5.11022044088 1.23924370388e-12
5.13026052104 1.20788576282e-12
5.1503006012 1.17652782176e-12
5.17034068136 1.14773129271e-12
5.19038076152 1.1190999941e-12
5.21042084168 1.09046869549e-12
5.23046092184 1.06183739687e-12
5.250501002 1.03320609826e-12
5.27054108216 1.00755185213e-12
5.29058116232 9.8223205985e-13
5.31062124248 9.56912267574e-13
5.33066132265 9.31592475297e-13
5.35070140281 9.06272683021e-13
5.37074148297 8.81784583418e-13
5.39078156313 8.57433448586e-13
5.41082164329 8.33082313755e-13
5.43086172345 8.08731178923e-13
5.45090180361 7.84380044092e-13
5.47094188377 7.62719087028e-13
5.49098196393 7.41655856099e-13
5.51102204409 7.20592625169e-13
5.53106212425 6.99529394239e-13
5.55110220441 6.78466163309e-13
5.57114228457 6.58400789039e-13
5.59118236473 6.38620553255e-13
5.61122244489 6.18840317472e-13
5.63126252505 5.99060081688e-13
5.65130260521 5.79279845904e-13
5.67134268537 5.61347692916e-13
5.69138276553 5.44073819448e-13
5.71142284569 5.26799945981e-13
5.73146292585 5.09526072513e-13
5.75150300601 4.92252199045e-13
5.77154308617 4.75659331254e-13
5.79158316633 4.59362569847e-13
5.81162324649 4.4306580844e-13
5.83166332665 4.26769047033e-13
5.85170340681 4.10472285626e-13
5.87174348697 3.95022289684e-13
5.89178356713 3.80015231076e-13
5.91182364729 3.65008172468e-13
5.93186372745 3.5000111386e-13
5.95190380762 3.34994055252e-13
5.97194388778 3.21577172678e-13
5.99198396794 3.09150900014e-13
6.0120240481 2.96724627349e-13
6.03206412826 2.84298354685e-13
6.05210420842 2.7187208202e-13
6.07214428858 2.60116431424e-13
6.09218436874 2.48854917286e-13
6.1122244489 2.37593403148e-13
6.13226452906 2.2633188901e-13
6.15230460922 2.15070374872e-13
6.17234468938 2.04204460406e-13
6.19238476954 1.93681885467e-13
6.2124248497 1.83159310528e-13
6.23246492986 1.72636735589e-13
6.25250501002 1.6211416065e-13
6.27254509018 1.52438197018e-13
6.29258517034 1.43626077188e-13
6.3126252505 1.34813957358e-13
6.33266533066 1.26001837527e-13
6.35270541082 1.17189717697e-13
6.37274549098 1.08970519135e-13
6.39278557114 1.01462774026e-13
6.4128256513 9.39550289172e-14
6.43286573146 8.6447283808e-14
6.45290581162 7.89395386989e-14
6.47294589178 7.23248409395e-14
6.49298597194 6.69733577364e-14
6.5130260521 6.16218745332e-14
6.53306613226 5.62703913301e-14
6.55310621242 5.09189081269e-14
6.57314629259 4.61991061414e-14
6.59318637275 4.2537895029e-14
6.61322645291 3.88766839166e-14
6.63326653307 3.52154728042e-14
6.65330661323 3.15542616918e-14
6.67334669339 2.80204008419e-14
6.69338677355 2.47412595826e-14
6.71342685371 2.14621183232e-14
6.73346693387 1.81829770639e-14
6.75350701403 1.49038358045e-14
6.77354709419 1.19744082732e-14
6.79358717435 9.88916457623e-15
6.81362725451 7.8039208793e-15
6.83366733467 5.71867718236e-15
6.85370741483 3.63343348543e-15
6.87374749499 1.98341536084e-15
6.89378757515 1.62170965273e-15
6.91382765531 1.26000394461e-15
6.93386773547 8.98298236503e-16
6.95390781563 5.36592528391e-16
6.97394789579 2.43633384273e-16
6.99398797595 2.06020931024e-16
7.01402805611 1.68408477775e-16
7.03406813627 1.30796024526e-16
7.05410821643 9.31835712768e-17
7.07414829659 5.99247276326e-17
7.09418837675 4.76651270383e-17
7.11422845691 3.5405526444e-17
7.13426853707 2.31459258497e-17
7.15430861723 1.08863252554e-17
7.17434869739 2.30509929512e-19
7.19438877756 1.83554072957e-19
7.21442885772 1.36598216403e-19
7.23446893788 8.96423598494e-20
7.25450901804 4.26865032953e-20
7.2745490982 0.0
7.29458917836 0.0
7.31462925852 0.0
7.33466933868 0.0
7.35470941884 0.0
7.374749499 0.0
7.39478957916 0.0
7.41482965932 0.0
7.43486973948 0.0
7.45490981964 0.0
7.4749498998 0.0
7.49498997996 0.0
7.51503006012 0.0
7.53507014028 0.0
7.55511022044 0.0
7.5751503006 0.0
7.59519038076 0.0
7.61523046092 0.0
7.63527054108 0.0
7.65531062124 0.0
7.6753507014 0.0
7.69539078156 0.0
7.71543086172 0.0
7.73547094188 0.0
7.75551102204 0.0
7.7755511022 0.0
7.79559118236 0.0
7.81563126253 0.0
7.83567134269 0.0
7.85571142285 0.0
7.87575150301 0.0
7.89579158317 0.0
7.91583166333 0.0
7.93587174349 0.0
7.95591182365 0.0
7.97595190381 0.0
7.99599198397 0.0
8.01603206413 0.0
8.03607214429 0.0
8.05611222445 0.0
8.07615230461 0.0
8.09619238477 0.0
8.11623246493 0.0
8.13627254509 0.0
8.15631262525 0.0
8.17635270541 0.0
8.19639278557 0.0
8.21643286573 0.0
8.23647294589 0.0
8.25651302605 0.0
8.27655310621 0.0
8.29659318637 0.0
8.31663326653 0.0
8.33667334669 0.0
8.35671342685 0.0
8.37675350701 0.0
8.39679358717 0.0
8.41683366733 0.0
8.43687374749 0.0
8.45691382766 0.0
8.47695390782 0.0
8.49699398798 0.0
8.51703406814 0.0
8.5370741483 0.0
8.55711422846 0.0
8.57715430862 0.0
8.59719438878 0.0
8.61723446894 0.0
8.6372745491 0.0
8.65731462926 0.0
8.67735470942 0.0
8.69739478958 0.0
8.71743486974 0.0
8.7374749499 0.0
8.75751503006 0.0
8.77755511022 0.0
8.79759519038 0.0
8.81763527054 0.0
8.8376753507 0.0
8.85771543086 0.0
8.87775551102 0.0
8.89779559118 0.0
8.91783567134 0.0
8.9378757515 0.0
8.95791583166 0.0
8.97795591182 0.0
8.99799599198 0.0
9.01803607214 0.0
9.0380761523 0.0
9.05811623246 0.0
9.07815631263 0.0
9.09819639279 0.0
9.11823647295 0.0
9.13827655311 0.0
9.15831663327 0.0
9.17835671343 0.0
9.19839679359 0.0
9.21843687375 0.0
9.23847695391 0.0
9.25851703407 0.0
9.27855711423 0.0
9.29859719439 0.0
9.31863727455 0.0
9.33867735471 0.0
9.35871743487 0.0
9.37875751503 0.0
9.39879759519 0.0
9.41883767535 0.0
9.43887775551 0.0
9.45891783567 0.0
9.47895791583 0.0
9.49899799599 0.0
9.51903807615 0.0
9.53907815631 0.0
9.55911823647 0.0
9.57915831663 0.0
9.59919839679 0.0
9.61923847695 0.0
9.63927855711 0.0
9.65931863727 0.0
9.67935871743 0.0
9.6993987976 0.0
9.71943887776 0.0
9.73947895792 0.0
9.75951903808 0.0
9.77955911824 0.0
9.7995991984 0.0
9.81963927856 0.0
9.83967935872 0.0
9.85971943888 0.0
9.87975951904 0.0
9.8997995992 0.0
9.91983967936 0.0
9.93987975952 0.0
9.95991983968 0.0
9.97995991984 0.0
10.0 0.0
