0.0 0.0
0.0200400801603 0.0
0.0400801603206 0.0
0.060120240481 0.0
0.0801603206413 0.0
0.100200400802 0.0
0.120240480962 0.0
0.140280561122 0.0
0.160320641283 0.0
0.180360721443 0.0
0.200400801603 0.0
0.220440881764 0.0
0.240480961924 7.46405872621e-11
0.260521042084 2.55341566811e-12
0.280561122244 3.11656592924e-12
0.300601202405 3.67315887566e-12
0.320641282565 4.29967790334e-12
0.340681362725 5.03331791124e-12
0.360721442886 5.66585910652e-12
0.380761523046 6.28683025451e-12
0.400801603206 6.90780140251e-12
0.420841683367 7.53397006473e-12
0.440881763527 8.16410110145e-12
0.460921843687 8.79423213818e-12
0.480961923848 9.41809545409e-12
0.501002004008 1.00218397478e-11
0.521042084168 1.06255840416e-11
0.541082164329 1.12293283353e-11
0.561122244489 1.18287482318e-11
0.581162324649 1.24277281097e-11
0.60120240481 1.30267079876e-11
0.62124248497 1.36168868258e-11
0.64128256513 1.42006335773e-11
0.661322645291 1.47843803289e-11
0.681362725451 1.53468740396e-11
0.701402805611 1.58448775673e-11
0.721442885772 1.63428810951e-11
0.741482965932 1.68408846228e-11
0.761523046092 1.73150695319e-11
0.781563126253 1.7787126295e-11
0.801603206413 1.82591830582e-11
0.821643286573 1.86561783946e-11
0.841683366733 1.90005996696e-11
0.861723446894 1.93450209446e-11
0.881763527054 1.96466595195e-11
0.901803607214 1.98253873715e-11
0.921843687375 2.00041152234e-11
0.941883767535 2.01828430754e-11
0.961923847695 2.02905969473e-11
0.981963927856 2.03928702357e-11
1.00200400802 2.04951435242e-11
1.02204408818 2.06312961682e-11
1.04208416834 2.0790183411e-11
1.0621242485 2.09490706537e-11
1.08216432866 2.10992347647e-11
1.10220440882 2.1225638398e-11
1.12224448898 2.13520420314e-11
1.14228456914 2.14784456647e-11
1.1623246493 2.15104995745e-11
1.18236472946 2.15363869445e-11
1.20240480962 2.15622743145e-11
1.22244488978 2.15807711346e-11
1.24248496994 2.15945182333e-11
1.2625250501 2.1608265332e-11
1.28256513026 2.16271557265e-11
1.30260521042 2.16593458405e-11
1.32264529058 2.16915359544e-11
1.34268537074 2.17237260684e-11
1.3627254509 2.1792813157e-11
1.38276553106 2.18638836571e-11
1.40280561122 2.19349541573e-11
1.42284569138 2.19774413156e-11
1.44288577154 2.20023425328e-11
1.4629258517 2.202724375e-11
1.48296593186 2.20562503919e-11
1.50300601202 2.20953468911e-11
1.52304609218 2.21344433902e-11
1.54308617234 2.21735398894e-11
1.56312625251 2.21616025829e-11
1.58316633267 2.21475013161e-11
1.60320641283 2.21334000494e-11
1.62324649299 2.21203007641e-11
1.64328657315 2.21077913738e-11
1.66332665331 2.20952819835e-11
1.68336673347 2.20954307263e-11
1.70340681363 2.21251790595e-11
1.72344689379 2.21549273927e-11
1.74348697395 2.21846757259e-11
1.76352705411 2.20814368434e-11
1.78356713427 2.19740365791e-11
1.80360721443 2.18666363148e-11
1.82364729459 2.18033263396e-11
1.84368737475 2.17648419509e-11
1.86372745491 2.17263575622e-11
1.88376753507 2.17270919701e-11
1.90380761523 2.1815168192e-11
1.92384769539 2.19032444139e-11
1.94388777555 2.19913206358e-11
1.96392785571 2.19233356305e-11
1.98396793587 2.18521646255e-11
2.00400801603 2.17809936206e-11
2.02404809619 2.17162631178e-11
2.04408817635 2.16549989742e-11
2.06412825651 2.15937348306e-11
2.08416833667 2.1533621991e-11
2.10420841683 2.14759532336e-11
2.12424849699 2.14182844763e-11
2.14428857715 2.13606157189e-11
2.16432865731 2.12916039924e-11
2.18436873747 2.12224814955e-11
2.20440881764 2.11533589986e-11
2.2244488978 2.10497260076e-11
2.24448897796 2.09283497764e-11
2.26452905812 2.08069735453e-11
2.28456913828 2.06801952345e-11
2.30460921844 2.05424764296e-11
2.3246492986 2.04047576247e-11
2.34468937876 2.02670810961e-11
2.36472945892 2.01929929906e-11
2.38476953908 2.01189048852e-11
2.40480961924 2.00448167798e-11
2.4248496994 1.99638342824e-11
2.44488977956 1.98794679477e-11
2.46492985972 1.97951016131e-11
2.48496993988 1.96780978947e-11
2.50501002004 1.94979893324e-11
2.5250501002 1.93178807701e-11
2.54509018036 1.91392491008e-11
2.56513026052 1.90934046076e-11
2.58517034068 1.90475601145e-11
2.60521042084 1.90017156213e-11
2.625250501 1.88833157577e-11
2.64529058116 1.87309463508e-11
2.66533066132 1.85785769439e-11
2.68537074148 1.84285314203e-11
2.70541082164 1.82827785489e-11
2.7254509018 1.81370256775e-11
2.74549098196 1.79921505376e-11
2.76553106212 1.78875372942e-11
2.78557114228 1.77829240509e-11
2.80561122244 1.76783108076e-11
2.82565130261 1.74815511933e-11
2.84569138277 1.72436720077e-11
2.86573146293 1.70057928222e-11
2.88577154309 1.68159601597e-11
2.90581162325 1.67109680264e-11
2.92585170341 1.66059758931e-11
2.94589178357 1.64989671447e-11
2.96593186373 1.63303010171e-11
2.98597194389 1.61616348895e-11
3.00601202405 1.5992968762e-11
3.02605210421 1.58199328115e-11
3.04609218437 1.56450399383e-11
3.06613226453 1.54701470651e-11
3.08617234469 1.53011373976e-11
3.10621242485 1.51420640754e-11
3.12625250501 1.49829907531e-11
3.14629258517 1.48249152884e-11
3.16633266533 1.4689596832e-11
3.18637274549 1.45542783756e-11
3.20641282565 1.44189599192e-11
3.22645290581 1.42385023409e-11
3.24649298597 1.40397967721e-11
3.26653306613 1.38410912033e-11
3.28657314629 1.36317941653e-11
3.30661322645 1.34053789302e-11
3.32665330661 1.31789636951e-11
3.34669338677 1.29562629275e-11
3.36673346693 1.28008130755e-11
3.38677354709 1.26453632234e-11
3.40681362725 1.24899133714e-11
3.42685370741 1.23225127525e-11
3.44689378758 1.21505209889e-11
3.46693386774 1.19785292253e-11
3.4869739479 1.18105880974e-11
3.50701402806 1.16489146991e-11
3.52705410822 1.14872413008e-11
3.54709418838 1.13238323745e-11
3.56713426854 1.1134469156e-11
3.5871743487 1.09451059375e-11
3.60721442886 1.0755742719e-11
3.62725450902 1.05782942276e-11
3.64729458918 1.04051904262e-11
3.66733466934 1.02320866248e-11
3.6873747495 1.00665679032e-11
3.70741482966 9.91229025765e-12
3.72745490982 9.7580126121e-12
3.74749498998 9.60435343016e-12
3.76753507014 9.45854638168e-12
3.7875751503 9.3127393332e-12
3.80761523046 9.16693228472e-12
3.82765531062 8.99496389496e-12
3.84769539078 8.81395234203e-12
3.86773547094 8.63294078909e-12
3.8877755511 8.46481369979e-12
3.90781563126 8.3149815284e-12
3.92785571142 8.16514935701e-12
3.94789579158 8.01667274396e-12
3.96793587174 7.88310431217e-12
3.9879759519 7.74953588038e-12
4.00801603206 7.61596744858e-12
4.02805611222 7.46598476506e-12
4.04809619238 7.31063117635e-12
4.06813627255 7.15527758764e-12
4.08817635271 7.01273850091e-12
4.10821643287 6.8876383204e-12
4.12825651303 6.76253813989e-12
4.14829659319 6.63684827635e-12
4.16833667335 6.50545371334e-12
4.18837675351 6.37405915033e-12
4.20841683367 6.24266458732e-12
4.22845691383 6.12258459071e-12
4.24849699399 6.00600362791e-12
4.26853707415 5.8894226651e-12
4.28857715431 5.76933233327e-12
4.30861723447 5.64466354649e-12
4.32865731463 5.5199947597e-12
4.34869739479 5.39699125051e-12
4.36873747495 5.28833174227e-12
4.38877755511 5.17967223402e-12
4.40881763527 5.07101272578e-12
4.42885771543 4.97159639654e-12
4.44889779559 4.87487695352e-12
4.46893787575 4.7781575105e-12
4.48897795591 4.68043978983e-12
4.50901803607 4.58147320461e-12
4.52905811623 4.48250661939e-12
4.54909819639 4.38413119904e-12
4.56913827655 4.29033417057e-12
4.58917835671 4.19653714211e-12
4.60921843687 4.10274011364e-12
4.62925851703 4.01018317505e-12
4.64929859719 3.91796695249e-12
4.66933867735 3.82575072993e-12
4.68937875752 3.73927651868e-12
4.70941883768 3.6596917967e-12
4.72945891784 3.58010707472e-12
4.749498998 3.49956060267e-12
4.76953907816 3.41226278579e-12
4.78957915832 3.32496496891e-12
4.80961923848 3.23766715203e-12
4.82965931864 3.15977675478e-12
4.8496993988 3.0843151122e-12
4.86973947896 3.00885346962e-12
4.88977955912 2.93532070747e-12
4.90981963928 2.86400796013e-12
4.92985971944 2.79269521279e-12
4.9498997996 2.72248350198e-12
4.96993987976 2.65932500636e-12
4.98997995992 2.59616651073e-12
5.01002004008 2.53437156294e-12
5.03006012024 2.4738419208e-12
5.0501002004 2.41331227866e-12
5.07014028056 2.35647979981e-12
5.09018036072 2.29972354142e-12
5.11022044088 2.24296728303e-12
5.13026052104 2.18621102464e-12
5.1503006012 2.12945476626e-12
5.17034068136 2.07733453169e-12
5.19038076152 2.02551335571e-12
5.21042084168 1.97369217974e-12
5.23046092184 1.92187100376e-12
5.250501002 1.87004982779e-12
5.27054108216 1.82361696347e-12
5.29058116232 1.77778944342e-12
5.31062124248 1.73196192337e-12
5.33066132265 1.68613440332e-12
5.35070140281 1.64030688327e-12
5.37074148297 1.59598468412e-12
5.39078156313 1.55191038416e-12
5.41082164329 1.50783608419e-12
5.43086172345 1.46376178423e-12
5.45090180361 1.41968748427e-12
5.47094188377 1.38048226752e-12
5.49098196393 1.34235890429e-12
5.51102204409 1.30423554107e-12
5.53106212425 1.26611217784e-12
5.55110220441 1.22798881461e-12
5.57114228457 1.19167152055e-12
5.59118236473 1.15587031246e-12
5.61122244489 1.12006910437e-12
5.63126252505 1.08426789629e-12
5.65130260521 1.0484666882e-12
5.67134268537 1.0160104148e-12
5.69138276553 9.84745593424e-13
5.71142284569 9.53480772051e-13
5.73146292585 9.22215950678e-13
5.75150300601 8.90951129305e-13
5.77154308617 8.60918893135e-13
5.79158316633 8.31422594271e-13
5.81162324649 8.01926295407e-13
5.83166332665 7.72429996543e-13
5.85170340681 7.42933697679e-13
5.87174348697 7.14970000697e-13
5.89178356713 6.87807997479e-13
5.91182364729 6.60645994262e-13
5.93186372745 6.33483991044e-13
5.95190380762 6.06321987826e-13
5.97194388778 5.82038121337e-13
5.99198396794 5.59547207767e-13
6.0120240481 5.37056294197e-13
6.03206412826 5.14565380626e-13
6.05210420842 4.92074467056e-13
6.07214428858 4.70797344892e-13
6.09218436874 4.5041458427e-13
6.1122244489 4.30031823648e-13
6.13226452906 4.09649063026e-13
6.15230460922 3.89266302404e-13
6.17234468938 3.69599556815e-13
6.19238476954 3.50554238087e-13
6.2124248497 3.31508919359e-13
6.23246492986 3.12463600631e-13
6.25250501002 2.93418281904e-13
6.27254509018 2.75905286043e-13
6.29258517034 2.59955802973e-13
6.3126252505 2.44006319904e-13
6.33266533066 2.28056836835e-13
6.35270541082 2.12107353766e-13
6.37274549098 1.97231027658e-13
6.39278557114 1.83642395659e-13
6.4128256513 1.7005376366e-13
6.43286573146 1.56465131661e-13
6.45290581162 1.42876499662e-13
6.47294589178 1.30904237374e-13
6.49298597194 1.21218328378e-13
6.5130260521 1.11532419381e-13
6.53306613226 1.01846510385e-13
6.55310621242 9.21606013882e-14
6.57314629259 8.36180028639e-14
6.59318637275 7.69913993027e-14
6.61322645291 7.03647957415e-14
6.63326653307 6.37381921802e-14
6.65330661323 5.7111588619e-14
6.67334669339 5.07154824745e-14
6.69338677355 4.47804056707e-14
6.71342685371 3.88453288669e-14
6.73346693387 3.29102520631e-14
6.75350701403 2.69751752593e-14
6.77354709419 2.16730622929e-14
6.79358717435 1.78988785914e-14
6.81362725451 1.41246948899e-14
6.83366733467 1.03505111885e-14
6.85370741483 6.57632748697e-15
6.87374749499 3.58987965731e-15
6.89378757515 2.93521095346e-15
6.91382765531 2.2805422496e-15
6.93386773547 1.62587354575e-15
6.95390781563 9.71204841896e-16
6.97394789579 4.40963878426e-16
6.99398797595 3.72887275084e-16
7.01402805611 3.04810671743e-16
7.03406813627 2.36734068402e-16
7.05410821643 1.68657465061e-16
7.07414829659 1.08460670894e-16
7.09418837675 8.62714251873e-17
7.11422845691 6.40821794805e-17
7.13426853707 4.18929337737e-17
7.15430861723 1.97036880669e-17
7.17434869739 4.17211101165e-19
7.19438877756 3.32223419026e-19
7.21442885772 2.47235736888e-19
7.23446893788 1.6224805475e-19
7.25450901804 7.72603726115e-20
7.2745490982 0.0
7.29458917836 0.0
7.31462925852 0.0
7.33466933868 0.0
7.35470941884 0.0
7.374749499 0.0
7.39478957916 0.0
7.41482965932 0.0
7.43486973948 0.0
7.45490981964 0.0
7.4749498998 0.0
7.49498997996 0.0
7.51503006012 0.0
7.53507014028 0.0
7.55511022044 0.0
7.5751503006 0.0
7.59519038076 0.0
7.61523046092 0.0
7.63527054108 0.0
7.65531062124 0.0
7.6753507014 0.0
7.69539078156 0.0
7.71543086172 0.0
7.73547094188 0.0
7.75551102204 0.0
7.7755511022 0.0
7.79559118236 0.0
7.81563126253 0.0
7.83567134269 0.0
7.85571142285 0.0
7.87575150301 0.0
7.89579158317 0.0
7.91583166333 0.0
7.93587174349 0.0
7.95591182365 0.0
7.97595190381 0.0
7.99599198397 0.0
8.01603206413 0.0
8.03607214429 0.0
8.05611222445 0.0
8.07615230461 0.0
8.09619238477 0.0
8.11623246493 0.0
8.13627254509 0.0
8.15631262525 0.0
8.17635270541 0.0
8.19639278557 0.0
8.21643286573 0.0
8.23647294589 0.0
8.25651302605 0.0
8.27655310621 0.0
8.29659318637 0.0
8.31663326653 0.0
8.33667334669 0.0
8.35671342685 0.0
8.37675350701 0.0
8.39679358717 0.0
8.41683366733 0.0
8.43687374749 0.0
8.45691382766 0.0
8.47695390782 0.0
8.49699398798 0.0
8.51703406814 0.0
8.5370741483 0.0
8.55711422846 0.0
8.57715430862 0.0
8.59719438878 0.0
8.61723446894 0.0
8.6372745491 0.0
8.65731462926 0.0
8.67735470942 0.0
8.69739478958 0.0
8.71743486974 0.0
8.7374749499 0.0
8.75751503006 0.0
8.77755511022 0.0
8.79759519038 0.0
8.81763527054 0.0
8.8376753507 0.0
8.85771543086 0.0
8.87775551102 0.0
8.89779559118 0.0
8.91783567134 0.0
8.9378757515 0.0
8.95791583166 0.0
8.97795591182 0.0
8.99799599198 0.0
9.01803607214 0.0
9.0380761523 0.0
9.05811623246 0.0
9.07815631263 0.0
9.09819639279 0.0
9.11823647295 0.0
9.13827655311 0.0
9.15831663327 0.0
9.17835671343 0.0
9.19839679359 0.0
9.21843687375 0.0
9.23847695391 0.0
9.25851703407 0.0
9.27855711423 0.0
9.29859719439 0.0
9.31863727455 0.0
9.33867735471 0.0
9.35871743487 0.0
9.37875751503 0.0
9.39879759519 0.0
9.41883767535 0.0
9.43887775551 0.0
9.45891783567 0.0
9.47895791583 0.0
9.49899799599 0.0
9.51903807615 0.0
9.53907815631 0.0
9.55911823647 0.0
9.57915831663 0.0
9.59919839679 0.0
9.61923847695 0.0
9.63927855711 0.0
9.65931863727 0.0
9.67935871743 0.0
9.6993987976 0.0
9.71943887776 0.0
9.73947895792 0.0
9.75951903808 0.0
9.77955911824 0.0
9.7995991984 0.0
9.81963927856 0.0
9.83967935872 0.0
9.85971943888 0.0
9.87975951904 0.0
9.8997995992 0.0
9.91983967936 0.0
9.93987975952 0.0
9.95991983968 0.0
9.97995991984 0.0
10.0 0.0
