0.0 0.0
0.0200400801603 0.0
0.0400801603206 0.0
0.060120240481 0.0
0.0801603206413 0.0
0.100200400802 0.0
0.120240480962 0.0
0.140280561122 0.0
0.160320641283 0.0
0.180360721443 0.0
0.200400801603 0.0
0.220440881764 0.0
0.240480961924 0.0
0.260521042084 0.0
0.280561122244 0.0
0.300601202405 0.0
0.320641282565 0.0
0.340681362725 0.0
0.360721442886 0.0
0.380761523046 3.62714020187e-12
0.400801603206 3.98540491142e-12
0.420841683367 4.34666828834e-12
0.440881763527 4.71021772792e-12
0.460921843687 5.0737671675e-12
0.480961923848 5.43370049192e-12
0.501002004008 5.78202629536e-12
0.521042084168 6.13035209881e-12
0.541082164329 6.47867790225e-12
0.561122244489 6.8245087767e-12
0.581162324649 7.17008578564e-12
0.60120240481 7.51566279458e-12
0.62124248497 7.85616210884e-12
0.64128256513 8.19295047826e-12
0.661322645291 8.52973884768e-12
0.681362725451 8.85426543243e-12
0.701402805611 9.14158488325e-12
0.721442885772 9.42890433406e-12
0.741482965932 9.71622378487e-12
0.761523046092 9.98980125988e-12
0.781563126253 1.02621509168e-11
0.801603206413 1.05345005738e-11
0.821643286573 1.0763544096e-11
0.841683366733 1.09622554024e-11
0.861723446894 1.11609667087e-11
0.881763527054 1.13349948528e-11
0.901803607214 1.14381105647e-11
0.921843687375 1.15412262766e-11
0.941883767535 1.16443419884e-11
0.961923847695 1.17065097876e-11
0.981963927856 1.17655156047e-11
1.00200400802 1.18245214218e-11
1.02204408818 1.19030736824e-11
1.04208416834 1.19947425016e-11
1.0621242485 1.20864113208e-11
1.08216432866 1.21730473936e-11
1.10220440882 1.22459750347e-11
1.12224448898 1.23189026757e-11
1.14228456914 1.23918303167e-11
1.1623246493 1.24103235828e-11
1.18236472946 1.24252591094e-11
1.20240480962 1.2440194636e-11
1.22244488978 1.24508662395e-11
1.24248496994 1.24587975264e-11
1.2625250501 1.24667288133e-11
1.28256513026 1.24776274867e-11
1.30260521042 1.24961993348e-11
1.32264529058 1.25147711828e-11
1.34268537074 1.25333430309e-11
1.3627254509 1.25732023156e-11
1.38276553106 1.26142059148e-11
1.40280561122 1.26552095141e-11
1.42284569138 1.26797221657e-11
1.44288577154 1.26940887387e-11
1.4629258517 1.27084553117e-11
1.48296593186 1.27251904792e-11
1.50300601202 1.27477469151e-11
1.52304609218 1.27703033511e-11
1.54308617234 1.2792859787e-11
1.56312625251 1.27859726463e-11
1.58316633267 1.27778370248e-11
1.60320641283 1.27697014033e-11
1.62324649299 1.27621438675e-11
1.64328657315 1.27549266674e-11
1.66332665331 1.27477094672e-11
1.68336673347 1.27477952832e-11
1.70340681363 1.2764958364e-11
1.72344689379 1.27821214447e-11
1.74348697395 1.27992845255e-11
1.76352705411 1.2739721616e-11
1.78356713427 1.26777578282e-11
1.80360721443 1.26157940403e-11
1.82364729459 1.25792678185e-11
1.84368737475 1.25570645352e-11
1.86372745491 1.25348612518e-11
1.88376753507 1.2535284963e-11
1.90380761523 1.25860998876e-11
1.92384769539 1.26369148122e-11
1.94388777555 1.26877297368e-11
1.96392785571 1.2648506291e-11
1.98396793587 1.26074447062e-11
2.00400801603 1.25663831215e-11
2.02404809619 1.25290373368e-11
2.04408817635 1.24936914424e-11
2.06412825651 1.24583455481e-11
2.08416833667 1.242366389e-11
2.10420841683 1.23903923271e-11
2.12424849699 1.23571207642e-11
2.14428857715 1.23238492013e-11
2.16432865731 1.22840333963e-11
2.18436873747 1.22441536831e-11
2.20440881764 1.22042739699e-11
2.2244488978 1.21444836825e-11
2.24448897796 1.20744565639e-11
2.26452905812 1.20044294454e-11
2.28456913828 1.19312856369e-11
2.30460921844 1.18518297914e-11
2.3246492986 1.17723739458e-11
2.34468937876 1.16929424912e-11
2.36472945892 1.16501979069e-11
2.38476953908 1.16074533227e-11
2.40480961924 1.15647087384e-11
2.4248496994 1.15179864857e-11
2.44488977956 1.14693119531e-11
2.46492985972 1.14206374205e-11
2.48496993988 1.13531329908e-11
2.50501002004 1.12492206883e-11
2.5250501002 1.11453083859e-11
2.54509018036 1.10422481659e-11
2.56513026052 1.10157985247e-11
2.58517034068 1.09893488836e-11
2.60521042084 1.09628992424e-11
2.625250501 1.08945893171e-11
2.64529058116 1.08066809151e-11
2.66533066132 1.07187725131e-11
2.68537074148 1.06322048584e-11
2.70541082164 1.05481138176e-11
2.7254509018 1.04640227768e-11
2.74549098196 1.03804381367e-11
2.76553106212 1.03200823e-11
2.78557114228 1.02597264632e-11
2.80561122244 1.01993706265e-11
2.82565130261 1.00858516227e-11
2.84569138277 9.94860898658e-12
2.86573146293 9.81136635044e-12
2.88577154309 9.70184380032e-12
2.90581162325 9.64126936581e-12
2.92585170341 9.58069493129e-12
2.94589178357 9.51895702559e-12
2.96593186373 9.42164635117e-12
2.98597194389 9.32433567674e-12
3.00601202405 9.22702500232e-12
3.02605210421 9.12719319094e-12
3.04609218437 9.02629004169e-12
3.06613226453 8.92538689244e-12
3.08617234469 8.82787801524e-12
3.10621242485 8.73610183886e-12
3.12625250501 8.64432566249e-12
3.14629258517 8.55312519268e-12
3.16633266533 8.47505421042e-12
3.18637274549 8.39698322816e-12
3.20641282565 8.3189122459e-12
3.22645290581 8.21479858118e-12
3.24649298597 8.10015687343e-12
3.26653306613 7.98551516567e-12
3.28657314629 7.86476278808e-12
3.30661322645 7.73413419332e-12
3.32665330661 7.60350559856e-12
3.34669338677 7.47502003835e-12
3.36673346693 7.38533439634e-12
3.38677354709 7.29564875433e-12
3.40681362725 7.20596311232e-12
3.42685370741 7.10938256376e-12
3.44689378758 7.01015318825e-12
3.46693386774 6.91092381273e-12
3.4869739479 6.8140314215e-12
3.50701402806 6.72075515051e-12
3.52705410822 6.62747887952e-12
3.54709418838 6.53320130845e-12
3.56713426854 6.42394960056e-12
3.5871743487 6.31469789267e-12
3.60721442886 6.20544618477e-12
3.62725450902 6.10306859051e-12
3.64729458918 6.00319763299e-12
3.66733466934 5.90332667548e-12
3.6873747495 5.80783187368e-12
3.70741482966 5.71882252751e-12
3.72745490982 5.62981318134e-12
3.74749498998 5.54116065318e-12
3.76753507014 5.45703835532e-12
3.7875751503 5.37291605746e-12
3.80761523046 5.2887937596e-12
3.82765531062 5.18957786945e-12
3.84769539078 5.0851445932e-12
3.86773547094 4.98071131696e-12
3.8877755511 4.88371163669e-12
3.90781563126 4.79726707395e-12
3.92785571142 4.71082251121e-12
3.94789579158 4.62516002782e-12
3.96793587174 4.54809870931e-12
3.9879759519 4.4710373908e-12
4.00801603206 4.39397607229e-12
4.02805611222 4.30744467269e-12
4.04809619238 4.21781456907e-12
4.06813627255 4.12818446546e-12
4.08817635271 4.04594759396e-12
4.10821643287 3.97377197037e-12
4.12825651303 3.90159634679e-12
4.14829659319 3.82908050994e-12
4.16833667335 3.75327338894e-12
4.18837675351 3.67746626795e-12
4.20841683367 3.60165914695e-12
4.22845691383 3.53237988132e-12
4.24849699399 3.46511935736e-12
4.26853707415 3.3978588334e-12
4.28857715431 3.32857360495e-12
4.30861723447 3.25664687078e-12
4.32865731463 3.18472013661e-12
4.34869739479 3.11375417204e-12
4.36873747495 3.05106387268e-12
4.38877755511 2.98837357332e-12
4.40881763527 2.92568327396e-12
4.42885771543 2.86832575834e-12
4.44889779559 2.81252419128e-12
4.46893787575 2.75672262421e-12
4.48897795591 2.70034510824e-12
4.50901803607 2.64324706911e-12
4.52905811623 2.58614902997e-12
4.54909819639 2.52939205904e-12
4.56913827655 2.47527655743e-12
4.58917835671 2.42116105582e-12
4.60921843687 2.36704555421e-12
4.62925851703 2.31364551328e-12
4.64929859719 2.26044204594e-12
4.66933867735 2.2072385786e-12
4.68937875752 2.1573479222e-12
4.70941883768 2.11143210567e-12
4.72945891784 2.06551628914e-12
4.749498998 2.01904559801e-12
4.76953907816 1.96867976844e-12
4.78957915832 1.91831393887e-12
4.80961923848 1.8679481093e-12
4.82965931864 1.82300982088e-12
4.8496993988 1.7794727845e-12
4.86973947896 1.73593574812e-12
4.88977955912 1.69351156504e-12
4.90981963928 1.65236820307e-12
4.92985971944 1.6112248411e-12
4.9498997996 1.57071671402e-12
4.96993987976 1.53427788725e-12
4.98997995992 1.49783906048e-12
5.01002004008 1.46218692255e-12
5.03006012024 1.42726479335e-12
5.0501002004 1.39234266414e-12
5.07014028056 1.35955358595e-12
5.09018036072 1.32680848259e-12
5.11022044088 1.29406337922e-12
5.13026052104 1.26131827586e-12
5.1503006012 1.2285731725e-12
5.17034068136 1.19850278878e-12
5.19038076152 1.1686049447e-12
5.21042084168 1.13870710063e-12
5.23046092184 1.10880925655e-12
5.250501002 1.07891141247e-12
5.27054108216 1.05212231494e-12
5.29058116232 1.0256824663e-12
5.31062124248 9.99242617669e-13
5.33066132265 9.72802769032e-13
5.35070140281 9.46362920396e-13
5.37074148297 9.20791555519e-13
5.39078156313 8.95363214242e-13
5.41082164329 8.69934872965e-13
5.43086172345 8.44506531687e-13
5.45090180361 8.1907819041e-13
5.47094188377 7.9645903067e-13
5.49098196393 7.74464038314e-13
5.51102204409 7.52469045958e-13
5.53106212425 7.30474053602e-13
5.55110220441 7.08479061245e-13
5.57114228457 6.87526067131e-13
5.59118236473 6.66870825003e-13
5.61122244489 6.46215582874e-13
5.63126252505 6.25560340745e-13
5.65130260521 6.04905098617e-13
5.67134268537 5.86179691806e-13
5.69138276553 5.6814168443e-13
5.71142284569 5.50103677053e-13
5.73146292585 5.32065669676e-13
5.75150300601 5.140276623e-13
5.77154308617 4.96700785837e-13
5.79158316633 4.79683114438e-13
5.81162324649 4.62665443038e-13
5.83166332665 4.45647771638e-13
5.85170340681 4.28630100239e-13
5.87174348697 4.12496652156e-13
5.89178356713 3.96825735359e-13
5.91182364729 3.81154818562e-13
5.93186372745 3.65483901765e-13
5.95190380762 3.49812984969e-13
5.97194388778 3.35802587863e-13
5.99198396794 3.22826621679e-13
6.0120240481 3.09850655495e-13
6.03206412826 2.96874689311e-13
6.05210420842 2.83898723127e-13
6.07214428858 2.71623044915e-13
6.09218436874 2.59863361977e-13
6.1122244489 2.48103679039e-13
6.13226452906 2.36343996101e-13
6.15230460922 2.24584313163e-13
6.17234468938 2.13237729801e-13
6.19238476954 2.02249674069e-13
6.2124248497 1.91261618337e-13
6.23246492986 1.80273562605e-13
6.25250501002 1.69285506872e-13
6.27254509018 1.59181513481e-13
6.29258517034 1.49979577228e-13
6.3126252505 1.40777640974e-13
6.33266533066 1.31575704721e-13
6.35270541082 1.22373768467e-13
6.37274549098 1.13790982182e-13
6.39278557114 1.05951121487e-13
6.4128256513 9.81112607913e-14
6.43286573146 9.02714000958e-14
6.45290581162 8.24315394002e-14
6.47294589178 7.55242312507e-14
6.49298597194 6.99360177169e-14
6.5130260521 6.43478041831e-14
6.53306613226 5.87595906493e-14
6.55310621242 5.31713771155e-14
6.57314629259 4.82427880998e-14
6.59318637275 4.44196182024e-14
6.61322645291 4.05964483051e-14
6.63326653307 3.67732784077e-14
6.65330661323 3.29501085104e-14
6.67334669339 2.92599223923e-14
6.69338677355 2.58357237413e-14
6.71342685371 2.24115250904e-14
6.73346693387 1.89873264394e-14
6.75350701403 1.55631277885e-14
6.77354709419 1.25041129405e-14
6.79358717435 1.03266255775e-14
6.81362725451 8.1491382144e-15
6.83366733467 5.97165085133e-15
6.85370741483 3.79416348827e-15
6.87374749499 2.07115450836e-15
6.89378757515 1.69344824327e-15
6.91382765531 1.31574197819e-15
6.93386773547 9.38035713102e-16
6.95390781563 5.60329448018e-16
6.97394789579 2.54410847161e-16
6.99398797595 2.15134554532e-16
7.01402805611 1.75858261903e-16
7.03406813627 1.36581969274e-16
7.05410821643 9.73056766452e-17
7.07414829659 6.25755816199e-17
7.09418837675 4.97736604778e-17
7.11422845691 3.69717393356e-17
7.13426853707 2.41698181935e-17
7.15430861723 1.13678970514e-17
7.17434869739 2.40706858057e-19
7.19438877756 1.91673843633e-19
7.21442885772 1.4264082921e-19
7.23446893788 9.36078147864e-20
7.25450901804 4.4574800363e-20
7.2745490982 0.0
7.29458917836 0.0
7.31462925852 0.0
7.33466933868 0.0
7.35470941884 0.0
7.374749499 0.0
7.39478957916 0.0
7.41482965932 0.0
7.43486973948 0.0
7.45490981964 0.0
7.4749498998 0.0
7.49498997996 0.0
7.51503006012 0.0
7.53507014028 0.0
7.55511022044 0.0
7.5751503006 0.0
7.59519038076 0.0
7.61523046092 0.0
7.63527054108 0.0
7.65531062124 0.0
7.6753507014 0.0
7.69539078156 0.0
7.71543086172 0.0
7.73547094188 0.0
7.75551102204 0.0
7.7755511022 0.0
7.79559118236 0.0
7.81563126253 0.0
7.83567134269 0.0
7.85571142285 0.0
7.87575150301 0.0
7.89579158317 0.0
7.91583166333 0.0
7.93587174349 0.0
7.95591182365 0.0
7.97595190381 0.0
7.99599198397 0.0
8.01603206413 0.0
8.03607214429 0.0
8.05611222445 0.0
8.07615230461 0.0
8.09619238477 0.0
8.11623246493 0.0
8.13627254509 0.0
8.15631262525 0.0
8.17635270541 0.0
8.19639278557 0.0
8.21643286573 0.0
8.23647294589 0.0
8.25651302605 0.0
8.27655310621 0.0
8.29659318637 0.0
8.31663326653 0.0
8.33667334669 0.0
8.35671342685 0.0
8.37675350701 0.0
8.39679358717 0.0
8.41683366733 0.0
8.43687374749 0.0
8.45691382766 0.0
8.47695390782 0.0
8.49699398798 0.0
8.51703406814 0.0
8.5370741483 0.0
8.55711422846 0.0
8.57715430862 0.0
8.59719438878 0.0
8.61723446894 0.0
8.6372745491 0.0
8.65731462926 0.0
8.67735470942 0.0
8.69739478958 0.0
8.71743486974 0.0
8.7374749499 0.0
8.75751503006 0.0
8.77755511022 0.0
8.79759519038 0.0
8.81763527054 0.0
8.8376753507 0.0
8.85771543086 0.0
8.87775551102 0.0
8.89779559118 0.0
8.91783567134 0.0
8.9378757515 0.0
8.95791583166 0.0
8.97795591182 0.0
8.99799599198 0.0
9.01803607214 0.0
9.0380761523 0.0
9.05811623246 0.0
9.07815631263 0.0
9.09819639279 0.0
9.11823647295 0.0
9.13827655311 0.0
9.15831663327 0.0
9.17835671343 0.0
9.19839679359 0.0
9.21843687375 0.0
9.23847695391 0.0
9.25851703407 0.0
9.27855711423 0.0
9.29859719439 0.0
9.31863727455 0.0
9.33867735471 0.0
9.35871743487 0.0
9.37875751503 0.0
9.39879759519 0.0
9.41883767535 0.0
9.43887775551 0.0
9.45891783567 0.0
9.47895791583 0.0
9.49899799599 0.0
9.51903807615 0.0
9.53907815631 0.0
9.55911823647 0.0
9.57915831663 0.0
9.59919839679 0.0
9.61923847695 0.0
9.63927855711 0.0
9.65931863727 0.0
9.67935871743 0.0
9.6993987976 0.0
9.71943887776 0.0
9.73947895792 0.0
9.75951903808 0.0
9.77955911824 0.0
9.7995991984 0.0
9.81963927856 0.0
9.83967935872 0.0
9.85971943888 0.0
9.87975951904 0.0
9.8997995992 0.0
9.91983967936 0.0
9.93987975952 0.0
9.95991983968 0.0
9.97995991984 0.0
10.0 0.0
