0.0 0.0
0.0200400801603 0.0
0.0400801603206 0.0
0.060120240481 0.0
0.0801603206413 0.0
0.100200400802 0.0
0.120240480962 0.0
0.140280561122 0.0
0.160320641283 1.27922153019e-12
0.180360721443 1.00376168767e-12
0.200400801603 9.94504179382e-13
0.220440881764 4.96545386082e-11
0.240480961924 5.44286066738e-11
0.260521042084 1.86197432486e-12
0.280561122244 2.27262870454e-12
0.300601202405 2.67850142968e-12
0.320641282565 3.1353649001e-12
0.340681362725 3.6703419802e-12
0.360721442886 4.13159687094e-12
0.380761523046 4.58441477619e-12
0.400801603206 5.03723268143e-12
0.420841683367 5.49384066212e-12
0.440881763527 5.95333804296e-12
0.460921843687 6.41283542379e-12
0.480961923848 6.86776232463e-12
0.501002004008 7.3080182484e-12
0.521042084168 7.74827417217e-12
0.541082164329 8.18853009595e-12
0.561122244489 8.62563262925e-12
0.581162324649 9.06241429688e-12
0.60120240481 9.49919596451e-12
0.62124248497 9.92955983265e-12
0.64128256513 1.03552333637e-11
0.661322645291 1.07809068947e-11
0.681362725451 1.11910825117e-11
0.701402805611 1.15542312908e-11
0.721442885772 1.19173800698e-11
0.741482965932 1.22805288489e-11
0.761523046092 1.26263088709e-11
0.781563126253 1.29705370293e-11
0.801603206413 1.33147651876e-11
0.821643286573 1.36042578592e-11
0.841683366733 1.38554130389e-11
0.861723446894 1.41065682186e-11
0.881763527054 1.43265258576e-11
0.901803607214 1.44568558606e-11
0.921843687375 1.45871858635e-11
0.941883767535 1.47175158664e-11
0.961923847695 1.47960909865e-11
0.981963927856 1.48706696145e-11
1.00200400802 1.49452482425e-11
1.02204408818 1.504453201e-11
1.04208416834 1.51603940571e-11
1.0621242485 1.52762561043e-11
1.08216432866 1.53857571631e-11
1.10220440882 1.54779318618e-11
1.12224448898 1.55701065605e-11
1.14228456914 1.56622812591e-11
1.1623246493 1.56856552667e-11
1.18236472946 1.57045325763e-11
1.20240480962 1.5723409886e-11
1.22244488978 1.57368979383e-11
1.24248496994 1.57469224499e-11
1.2625250501 1.57569469614e-11
1.28256513026 1.57707220118e-11
1.30260521042 1.57941953407e-11
1.32264529058 1.58176686696e-11
1.34268537074 1.58411419984e-11
1.3627254509 1.58915209425e-11
1.38276553106 1.59433462086e-11
1.40280561122 1.59951714748e-11
1.42284569138 1.60261535036e-11
1.44288577154 1.60443117015e-11
1.4629258517 1.60624698994e-11
1.48296593186 1.6083621811e-11
1.50300601202 1.61121313399e-11
1.52304609218 1.61406408688e-11
1.54308617234 1.61691503976e-11
1.56312625251 1.61604456032e-11
1.58316633267 1.61501628291e-11
1.60320641283 1.61398800549e-11
1.62324649299 1.6130327935e-11
1.64328657315 1.61212059718e-11
1.66332665331 1.61120840087e-11
1.68336673347 1.61121924733e-11
1.70340681363 1.61338852331e-11
1.72344689379 1.61555779928e-11
1.74348697395 1.61772707526e-11
1.76352705411 1.61019880044e-11
1.78356713427 1.60236707383e-11
1.80360721443 1.59453534721e-11
1.82364729459 1.58991872525e-11
1.84368737475 1.58711240803e-11
1.86372745491 1.58430609081e-11
1.88376753507 1.58435964451e-11
1.90380761523 1.59078224408e-11
1.92384769539 1.59720484365e-11
1.94388777555 1.60362744323e-11
1.96392785571 1.59866991375e-11
1.98396793587 1.59348005824e-11
2.00400801603 1.58829020272e-11
2.02404809619 1.58356999458e-11
2.04408817635 1.57910255656e-11
2.06412825651 1.57463511854e-11
2.08416833667 1.57025163467e-11
2.10420841683 1.56604637554e-11
2.12424849699 1.56184111641e-11
2.14428857715 1.55763585727e-11
2.16432865731 1.55260345834e-11
2.18436873747 1.54756298193e-11
2.20440881764 1.54252250551e-11
2.2244488978 1.53496549194e-11
2.24448897796 1.52611462489e-11
2.26452905812 1.51726375784e-11
2.28456913828 1.50801896614e-11
2.30460921844 1.4979763835e-11
2.3246492986 1.48793380085e-11
2.34468937876 1.47789430103e-11
2.36472945892 1.47249172785e-11
2.38476953908 1.46708915467e-11
2.40480961924 1.46168658149e-11
2.4248496994 1.45578126287e-11
2.44488977956 1.4496291917e-11
2.46492985972 1.44347712054e-11
2.48496993988 1.43494510116e-11
2.50501002004 1.4218114182e-11
2.5250501002 1.40867773523e-11
2.54509018036 1.39565174867e-11
2.56513026052 1.39230872582e-11
2.58517034068 1.38896570297e-11
2.60521042084 1.38562268012e-11
2.625250501 1.37698885254e-11
2.64529058116 1.36587793444e-11
2.66533066132 1.35476701635e-11
2.68537074148 1.34382555798e-11
2.70541082164 1.33319712377e-11
2.7254509018 1.32256868956e-11
2.74549098196 1.31200426034e-11
2.76553106212 1.30437576587e-11
2.78557114228 1.2967472714e-11
2.80561122244 1.28911877693e-11
2.82565130261 1.27477088384e-11
2.84569138277 1.25742451359e-11
2.86573146293 1.24007814334e-11
2.88577154309 1.22623536999e-11
2.90581162325 1.21857924651e-11
2.92585170341 1.21092312303e-11
2.94589178357 1.20311994611e-11
2.96593186373 1.19082065606e-11
2.98597194389 1.17852136602e-11
3.00601202405 1.16622207598e-11
3.02605210421 1.15360413441e-11
3.04609218437 1.14085078432e-11
3.06613226453 1.12809743422e-11
3.08617234469 1.11577309293e-11
3.10621242485 1.10417331913e-11
3.12625250501 1.09257354532e-11
3.14629258517 1.08104653621e-11
3.16633266533 1.0711789892e-11
3.18637274549 1.06131144219e-11
3.20641282565 1.05144389517e-11
3.22645290581 1.03828476163e-11
3.24649298597 1.02379496775e-11
3.26653306613 1.00930517387e-11
3.28657314629 9.94043040252e-12
3.30661322645 9.77532631867e-12
3.32665330661 9.61022223483e-12
3.34669338677 9.44782677506e-12
3.36673346693 9.33447130503e-12
3.38677354709 9.221115835e-12
3.40681362725 9.10776036497e-12
3.42685370741 8.98569028516e-12
3.44689378758 8.86027230019e-12
3.46693386774 8.73485431521e-12
3.4869739479 8.61239009124e-12
3.50701402806 8.49449635369e-12
3.52705410822 8.37660261615e-12
3.54709418838 8.25744331549e-12
3.56713426854 8.11935790491e-12
3.5871743487 7.98127249434e-12
3.60721442886 7.84318708376e-12
3.62725450902 7.71379000238e-12
3.64729458918 7.58756110913e-12
3.66733466934 7.46133221587e-12
3.6873747495 7.34063443304e-12
3.70741482966 7.2281337468e-12
3.72745490982 7.11563306056e-12
3.74749498998 7.0035833637e-12
3.76753507014 6.89725951521e-12
3.7875751503 6.79093566671e-12
3.80761523046 6.68461181821e-12
3.82765531062 6.55921087765e-12
3.84769539078 6.42721557885e-12
3.86773547094 6.29522028005e-12
3.8877755511 6.17262045132e-12
3.90781563126 6.06336144596e-12
3.92785571142 5.9541024406e-12
3.94789579158 5.84583192092e-12
3.96793587174 5.74843258492e-12
3.9879759519 5.65103324892e-12
4.00801603206 5.55363391292e-12
4.02805611222 5.44426515272e-12
4.04809619238 5.33097987878e-12
4.06813627255 5.21769460483e-12
4.08817635271 5.11375378428e-12
4.10821643287 5.02252957544e-12
4.12825651303 4.93130536661e-12
4.14829659319 4.83965115546e-12
4.16833667335 4.74383702468e-12
4.18837675351 4.64802289391e-12
4.20841683367 4.55220876313e-12
4.22845691383 4.46464531883e-12
4.24849699399 4.37963340236e-12
4.26853707415 4.29462148588e-12
4.28857715431 4.20705050505e-12
4.30861723447 4.11614087251e-12
4.32865731463 4.02523123997e-12
4.34869739479 3.93553594326e-12
4.36873747495 3.85630042472e-12
4.38877755511 3.77706490619e-12
4.40881763527 3.69782938765e-12
4.42885771543 3.62533408074e-12
4.44889779559 3.55480536822e-12
4.46893787575 3.48427665569e-12
4.48897795591 3.41301998987e-12
4.50901803607 3.34085264046e-12
4.52905811623 3.26868529105e-12
4.54909819639 3.19694902454e-12
4.56913827655 3.12855136374e-12
4.58917835671 3.06015370294e-12
4.60921843687 2.99175604214e-12
4.62925851703 2.92426266635e-12
4.64929859719 2.85701774383e-12
4.66933867735 2.78977282132e-12
4.68937875752 2.72671502657e-12
4.70941883768 2.66868111113e-12
4.72945891784 2.61064719569e-12
4.749498998 2.55191196319e-12
4.76953907816 2.4882535876e-12
4.78957915832 2.424595212e-12
4.80961923848 2.36093683641e-12
4.82965931864 2.30413843823e-12
4.8496993988 2.24911111043e-12
4.86973947896 2.19408378262e-12
4.88977955912 2.14046301226e-12
4.90981963928 2.08846109724e-12
4.92985971944 2.03645918223e-12
4.9498997996 1.98526015323e-12
4.96993987976 1.93920439399e-12
4.98997995992 1.89314863475e-12
5.01002004008 1.8480871872e-12
5.03006012024 1.80394841224e-12
5.0501002004 1.75980963728e-12
5.07014028056 1.71836686799e-12
5.09018036072 1.67697967936e-12
5.11022044088 1.63559249074e-12
5.13026052104 1.59420530211e-12
5.1503006012 1.55281811349e-12
5.17034068136 1.51481155632e-12
5.19038076152 1.47702307544e-12
5.21042084168 1.43923459456e-12
5.23046092184 1.40144611368e-12
5.250501002 1.3636576328e-12
5.27054108216 1.32979835863e-12
5.29058116232 1.29638050709e-12
5.31062124248 1.26296265556e-12
5.33066132265 1.22954480402e-12
5.35070140281 1.19612695249e-12
5.37074148297 1.16380679488e-12
5.39078156313 1.13166740765e-12
5.41082164329 1.09952802042e-12
5.43086172345 1.06738863319e-12
5.45090180361 1.03524924596e-12
5.47094188377 1.00666043925e-12
5.49098196393 9.78860530134e-13
5.51102204409 9.51060621019e-13
5.53106212425 9.23260711903e-13
5.55110220441 8.95460802788e-13
5.57114228457 8.68977896014e-13
5.59118236473 8.42871323908e-13
5.61122244489 8.16764751801e-13
5.63126252505 7.90658179695e-13
5.65130260521 7.64551607588e-13
5.67134268537 7.40884192795e-13
5.69138276553 7.18085595843e-13
5.71142284569 6.95286998891e-13
5.73146292585 6.7248840194e-13
5.75150300601 6.49689804988e-13
5.77154308617 6.27790020568e-13
5.79158316633 6.06281046589e-13
5.81162324649 5.8477207261e-13
5.83166332665 5.63263098631e-13
5.85170340681 5.41754124652e-13
5.87174348697 5.21362738142e-13
5.89178356713 5.01555954141e-13
5.91182364729 4.8174917014e-13
5.93186372745 4.61942386139e-13
5.95190380762 4.42135602138e-13
5.97194388778 4.24427582063e-13
5.99198396794 4.08026999841e-13
6.0120240481 3.9162641762e-13
6.03206412826 3.75225835398e-13
6.05210420842 3.58825253177e-13
6.07214428858 3.43309778877e-13
6.09218436874 3.28446481286e-13
6.1122244489 3.13583183695e-13
6.13226452906 2.98719886105e-13
6.15230460922 2.83856588514e-13
6.17234468938 2.69515415708e-13
6.19238476954 2.55627393119e-13
6.2124248497 2.41739370529e-13
6.23246492986 2.27851347939e-13
6.25250501002 2.13963325349e-13
6.27254509018 2.01192686768e-13
6.29258517034 1.89562176178e-13
6.3126252505 1.77931665588e-13
6.33266533066 1.66301154997e-13
6.35270541082 1.54670644407e-13
6.37274549098 1.438226898e-13
6.39278557114 1.33913733648e-13
6.4128256513 1.24004777497e-13
6.43286573146 1.14095821345e-13
6.45290581162 1.04186865193e-13
6.47294589178 9.54565807871e-14
6.49298597194 8.839352635e-14
6.5130260521 8.13304719128e-14
6.53306613226 7.42674174757e-14
6.55310621242 6.72043630386e-14
6.57314629259 6.09750211737e-14
6.59318637275 5.61428405593e-14
6.61322645291 5.13106599449e-14
6.63326653307 4.64784793305e-14
6.65330661323 4.1646298716e-14
6.67334669339 3.698219895e-14
6.69338677355 3.26542860439e-14
6.71342685371 2.83263731378e-14
6.73346693387 2.39984602316e-14
6.75350701403 1.96705473255e-14
6.77354709419 1.58041975047e-14
6.79358717435 1.30520278375e-14
6.81362725451 1.02998581704e-14
6.83366733467 7.54768850318e-15
6.85370741483 4.79551883601e-15
6.87374749499 2.61777345331e-15
6.89378757515 2.14038297862e-15
6.91382765531 1.66299250394e-15
6.93386773547 1.18560202926e-15
6.95390781563 7.08211554574e-16
6.97394789579 3.21554939163e-16
6.99398797595 2.71912850283e-16
7.01402805611 2.22270761403e-16
7.03406813627 1.72628672522e-16
7.05410821643 1.22986583642e-16
7.07414829659 7.90905245016e-17
7.09418837675 6.29099212767e-17
7.11422845691 4.67293180518e-17
7.13426853707 3.05487148269e-17
7.15430861723 1.4368111602e-17
7.17434869739 3.04234194266e-19
7.19438877756 2.42260390295e-19
7.21442885772 1.80286586325e-19
7.23446893788 1.18312782355e-19
7.25450901804 5.63389783842e-20
7.2745490982 0.0
7.29458917836 0.0
7.31462925852 0.0
7.33466933868 0.0
7.35470941884 0.0
7.374749499 0.0
7.39478957916 0.0
7.41482965932 0.0
7.43486973948 0.0
7.45490981964 0.0
7.4749498998 0.0
7.49498997996 0.0
7.51503006012 0.0
7.53507014028 0.0
7.55511022044 0.0
7.5751503006 0.0
7.59519038076 0.0
7.61523046092 0.0
7.63527054108 0.0
7.65531062124 0.0
7.6753507014 0.0
7.69539078156 0.0
7.71543086172 0.0
7.73547094188 0.0
7.75551102204 0.0
7.7755511022 0.0
7.79559118236 0.0
7.81563126253 0.0
7.83567134269 0.0
7.85571142285 0.0
7.87575150301 0.0
7.89579158317 0.0
7.91583166333 0.0
7.93587174349 0.0
7.95591182365 0.0
7.97595190381 0.0
7.99599198397 0.0
8.01603206413 0.0
8.03607214429 0.0
8.05611222445 0.0
8.07615230461 0.0
8.09619238477 0.0
8.11623246493 0.0
8.13627254509 0.0
8.15631262525 0.0
8.17635270541 0.0
8.19639278557 0.0
8.21643286573 0.0
8.23647294589 0.0
8.25651302605 0.0
8.27655310621 0.0
8.29659318637 0.0
8.31663326653 0.0
8.33667334669 0.0
8.35671342685 0.0
8.37675350701 0.0
8.39679358717 0.0
8.41683366733 0.0
8.43687374749 0.0
8.45691382766 0.0
8.47695390782 0.0
8.49699398798 0.0
8.51703406814 0.0
8.5370741483 0.0
8.55711422846 0.0
8.57715430862 0.0
8.59719438878 0.0
8.61723446894 0.0
8.6372745491 0.0
8.65731462926 0.0
8.67735470942 0.0
8.69739478958 0.0
8.71743486974 0.0
8.7374749499 0.0
8.75751503006 0.0
8.77755511022 0.0
8.79759519038 0.0
8.81763527054 0.0
8.8376753507 0.0
8.85771543086 0.0
8.87775551102 0.0
8.89779559118 0.0
8.91783567134 0.0
8.9378757515 0.0
8.95791583166 0.0
8.97795591182 0.0
8.99799599198 0.0
9.01803607214 0.0
9.0380761523 0.0
9.05811623246 0.0
9.07815631263 0.0
9.09819639279 0.0
9.11823647295 0.0
9.13827655311 0.0
9.15831663327 0.0
9.17835671343 0.0
9.19839679359 0.0
9.21843687375 0.0
9.23847695391 0.0
9.25851703407 0.0
9.27855711423 0.0
9.29859719439 0.0
9.31863727455 0.0
9.33867735471 0.0
9.35871743487 0.0
9.37875751503 0.0
9.39879759519 0.0
9.41883767535 0.0
9.43887775551 0.0
9.45891783567 0.0
9.47895791583 0.0
9.49899799599 0.0
9.51903807615 0.0
9.53907815631 0.0
9.55911823647 0.0
9.57915831663 0.0
9.59919839679 0.0
9.61923847695 0.0
9.63927855711 0.0
9.65931863727 0.0
9.67935871743 0.0
9.6993987976 0.0
9.71943887776 0.0
9.73947895792 0.0
9.75951903808 0.0
9.77955911824 0.0
9.7995991984 0.0
9.81963927856 0.0
9.83967935872 0.0
9.85971943888 0.0
9.87975951904 0.0
9.8997995992 0.0
9.91983967936 0.0
9.93987975952 0.0
9.95991983968 0.0
9.97995991984 0.0
10.0 0.0
