0.0 0.0
0.0200400801603 0.0
0.0400801603206 0.0
0.060120240481 0.0
0.0801603206413 0.0
0.100200400802 0.0
0.120240480962 0.0
0.140280561122 0.0
0.160320641283 0.0
0.180360721443 0.0
0.200400801603 0.0
0.220440881764 0.0
0.240480961924 7.59531139137e-11
0.260521042084 2.59831652219e-12
0.280561122244 3.17136956884e-12
0.300601202405 3.73774999286e-12
0.320641282565 4.37528612199e-12
0.340681362725 5.12182691348e-12
0.360721442886 5.76549110774e-12
0.380761523046 6.39738179981e-12
0.400801603206 7.02927249187e-12
0.420841683367 7.66645209449e-12
0.440881763527 8.30766374847e-12
0.460921843687 8.94887540246e-12
0.480961923848 9.58370912012e-12
0.501002004008 1.01980700302e-11
0.521042084168 1.08124309402e-11
0.541082164329 1.14267918503e-11
0.561122244489 1.20367523202e-11
0.581162324649 1.26462650339e-11
0.60120240481 1.32557777476e-11
0.62124248497 1.38563346588e-11
0.64128256513 1.44503463774e-11
0.661322645291 1.5044358096e-11
0.681362725451 1.5616743047e-11
0.701402805611 1.61235037795e-11
0.721442885772 1.66302645119e-11
0.741482965932 1.71370252443e-11
0.761523046092 1.76195485167e-11
0.781563126253 1.80999062205e-11
0.801603206413 1.85802639242e-11
0.821643286573 1.89842402743e-11
0.841683366733 1.93347180679e-11
0.861723446894 1.96851958614e-11
0.881763527054 1.99921386372e-11
0.901803607214 2.01740093512e-11
0.921843687375 2.03558800653e-11
0.941883767535 2.05377507793e-11
0.961923847695 2.06473994625e-11
0.981963927856 2.07514711882e-11
1.00200400802 2.0855542914e-11
1.02204408818 2.0994089751e-11
1.04208416834 2.11557709662e-11
1.0621242485 2.13174521814e-11
1.08216432866 2.14702568718e-11
1.10220440882 2.15988832654e-11
1.12224448898 2.17275096591e-11
1.14228456914 2.18561360528e-11
1.1623246493 2.18887536185e-11
1.18236472946 2.19150962082e-11
1.20240480962 2.19414387978e-11
1.22244488978 2.19602608775e-11
1.24248496994 2.19742497138e-11
1.2625250501 2.19882385501e-11
1.28256513026 2.20074611251e-11
1.30260521042 2.20402172901e-11
1.32264529058 2.20729734551e-11
1.34268537074 2.21057296201e-11
1.3627254509 2.21760315792e-11
1.38276553106 2.22483518274e-11
1.40280561122 2.23206720755e-11
1.42284569138 2.23639063545e-11
1.44288577154 2.23892454503e-11
1.4629258517 2.2414584546e-11
1.48296593186 2.24441012588e-11
1.50300601202 2.24838852552e-11
1.52304609218 2.25236692516e-11
1.54308617234 2.2563453248e-11
1.56312625251 2.25513060284e-11
1.58316633267 2.25369567962e-11
1.60320641283 2.2522607564e-11
1.62324649299 2.25092779327e-11
1.64328657315 2.24965485695e-11
1.66332665331 2.24838192063e-11
1.68336673347 2.24839705646e-11
1.70340681363 2.25142420111e-11
1.72344689379 2.25445134575e-11
1.74348697395 2.2574784904e-11
1.76352705411 2.24697306045e-11
1.78356713427 2.2360441747e-11
1.80360721443 2.22511528895e-11
1.82364729459 2.21867296321e-11
1.84368737475 2.214756851e-11
1.86372745491 2.21084073878e-11
1.88376753507 2.21091547099e-11
1.90380761523 2.2198779719e-11
1.92384769539 2.22884047282e-11
1.94388777555 2.23780297373e-11
1.96392785571 2.23088492413e-11
1.98396793587 2.2236426721e-11
2.00400801603 2.21640042007e-11
2.02404809619 2.20981354364e-11
2.04408817635 2.20357939859e-11
2.06412825651 2.19734525354e-11
2.08416833667 2.19122826341e-11
2.10420841683 2.18535997933e-11
2.12424849699 2.17949169525e-11
2.14428857715 2.17362341117e-11
2.16432865731 2.166600884e-11
2.18436873747 2.159567085e-11
2.20440881764 2.152533286e-11
2.2244488978 2.14198775218e-11
2.24448897796 2.12963669352e-11
2.26452905812 2.11728563487e-11
2.28456913828 2.1043848689e-11
2.30460921844 2.09037081508e-11
2.3246492986 2.07635676125e-11
2.34468937876 2.06234700939e-11
2.36472945892 2.0548079177e-11
2.38476953908 2.04726882601e-11
2.40480961924 2.03972973432e-11
2.4248496994 2.03148907991e-11
2.44488977956 2.02290409141e-11
2.46492985972 2.01431910292e-11
2.48496993988 2.00241298444e-11
2.50501002004 1.98408541408e-11
2.5250501002 1.96575784372e-11
2.54509018036 1.94758055972e-11
2.56513026052 1.94291549459e-11
2.58517034068 1.93825042945e-11
2.60521042084 1.93358536432e-11
2.625250501 1.92153717625e-11
2.64529058116 1.90603229969e-11
2.66533066132 1.89052742313e-11
2.68537074148 1.87525902136e-11
2.70541082164 1.86042743328e-11
2.7254509018 1.8455958452e-11
2.74549098196 1.83085357372e-11
2.76553106212 1.82020829093e-11
2.78557114228 1.80956300815e-11
2.80561122244 1.79891772536e-11
2.82565130261 1.77889576955e-11
2.84569138277 1.75468954939e-11
2.86573146293 1.73048332924e-11
2.88577154309 1.7111662494e-11
2.90581162325 1.70048241135e-11
2.92585170341 1.6897985733e-11
2.94589178357 1.6789095276e-11
2.96593186373 1.6617463218e-11
2.98597194389 1.644583116e-11
3.00601202405 1.6274199102e-11
3.02605210421 1.60981203795e-11
3.04609218437 1.59201520809e-11
3.06613226453 1.57421837823e-11
3.08617234469 1.55702021434e-11
3.10621242485 1.54083315766e-11
3.12625250501 1.52464610098e-11
3.14629258517 1.50856058475e-11
3.16633266533 1.4947907867e-11
3.18637274549 1.48102098864e-11
3.20641282565 1.46725119058e-11
3.22645290581 1.44888810488e-11
3.24649298597 1.42866813174e-11
3.26653306613 1.4084481586e-11
3.28657314629 1.38715041382e-11
3.30661322645 1.36411074764e-11
3.32665330661 1.34107108145e-11
3.34669338677 1.31840939377e-11
3.36673346693 1.30259105585e-11
3.38677354709 1.28677271793e-11
3.40681362725 1.27095438001e-11
3.42685370741 1.25391995043e-11
3.44689378758 1.23641833302e-11
3.46693386774 1.21891671562e-11
3.4869739479 1.20182728467e-11
3.50701402806 1.18537564825e-11
3.52705410822 1.16892401183e-11
3.54709418838 1.15229577075e-11
3.56713426854 1.1330264608e-11
3.5871743487 1.11375715085e-11
3.60721442886 1.09448784091e-11
3.62725450902 1.07643095527e-11
3.64729458918 1.0588161786e-11
3.66733466934 1.04120140193e-11
3.6873747495 1.02435847133e-11
3.70741482966 1.00865941534e-11
3.72745490982 9.9296035935e-12
3.74749498998 9.77324237264e-12
3.76753507014 9.62487136206e-12
3.7875751503 9.47650035148e-12
3.80761523046 9.3281293409e-12
3.82765531062 9.15313695168e-12
3.84769539078 8.96894237868e-12
3.86773547094 8.78474780567e-12
3.8877755511 8.61366426474e-12
3.90781563126 8.46119735098e-12
3.92785571142 8.30873043721e-12
3.94789579158 8.15764291877e-12
3.96793587174 8.02172573634e-12
3.9879759519 7.88580855392e-12
4.00801603206 7.74989137149e-12
4.02805611222 7.59727129889e-12
4.04809619238 7.43918587576e-12
4.06813627255 7.28110045263e-12
4.08817635271 7.13605486968e-12
4.10821643287 7.00875484955e-12
4.12825651303 6.88145482941e-12
4.14829659319 6.7535547569e-12
4.16833667335 6.61984966993e-12
4.18837675351 6.48614458295e-12
4.20841683367 6.35243949597e-12
4.22845691383 6.23024793779e-12
4.24849699399 6.1116169426e-12
4.26853707415 5.99298594742e-12
4.28857715431 5.87078387227e-12
4.30861723447 5.74392283177e-12
4.32865731463 5.61706179126e-12
4.34869739479 5.49189531162e-12
4.36873747495 5.3813250668e-12
4.38877755511 5.27075482198e-12
4.40881763527 5.16018457715e-12
4.42885771543 5.05902004915e-12
4.44889779559 4.96059983111e-12
4.46893787575 4.86217961307e-12
4.48897795591 4.76274356303e-12
4.50901803607 4.66203668763e-12
4.52905811623 4.56132981223e-12
4.54909819639 4.46122449712e-12
4.56913827655 4.36577808319e-12
4.58917835671 4.27033166926e-12
4.60921843687 4.17488525534e-12
4.62925851703 4.08070073779e-12
4.64929859719 3.98686292764e-12
4.66933867735 3.8930251175e-12
4.68937875752 3.80503028977e-12
4.70941883768 3.72404610039e-12
4.72945891784 3.64306191101e-12
4.749498998 3.56109905954e-12
4.76953907816 3.47226614339e-12
4.78957915832 3.38343322723e-12
4.80961923848 3.29460031108e-12
4.82965931864 3.21534024049e-12
4.8496993988 3.13855163331e-12
4.86973947896 3.06176302613e-12
4.88977955912 2.98693721802e-12
4.90981963928 2.91437046284e-12
4.92985971944 2.84180370766e-12
4.9498997996 2.77035735033e-12
4.96993987976 2.70608823631e-12
4.98997995992 2.6418191223e-12
5.01002004008 2.5789375336e-12
5.03006012024 2.51734350046e-12
5.0501002004 2.45574946733e-12
5.07014028056 2.39791761072e-12
5.09018036072 2.34016331487e-12
5.11022044088 2.28240901903e-12
5.13026052104 2.22465472319e-12
5.1503006012 2.16690042735e-12
5.17034068136 2.11386367806e-12
5.19038076152 2.0611312462e-12
5.21042084168 2.00839881433e-12
5.23046092184 1.95566638247e-12
5.250501002 1.90293395061e-12
5.27054108216 1.85568458184e-12
5.29058116232 1.80905120208e-12
5.31062124248 1.76241782233e-12
5.33066132265 1.71578444258e-12
5.35070140281 1.66915106282e-12
5.37074148297 1.62404947447e-12
5.39078156313 1.57920014452e-12
5.41082164329 1.53435081458e-12
5.43086172345 1.48950148463e-12
5.45090180361 1.44465215468e-12
5.47094188377 1.40475752894e-12
5.49098196393 1.36596378071e-12
5.51102204409 1.32717003248e-12
5.53106212425 1.28837628425e-12
5.55110220441 1.24958253602e-12
5.57114228457 1.212626616e-12
5.59118236473 1.17619585714e-12
5.61122244489 1.13976509827e-12
5.63126252505 1.10333433941e-12
5.65130260521 1.06690358054e-12
5.67134268537 1.03387657578e-12
5.69138276553 1.00206197428e-12
5.71142284569 9.70247372784e-13
5.73146292585 9.38432771288e-13
5.75150300601 9.06618169791e-13
5.77154308617 8.76057828045e-13
5.79158316633 8.4604284786e-13
5.81162324649 8.16027867675e-13
5.83166332665 7.8601288749e-13
5.85170340681 7.55997907305e-13
5.87174348697 7.2754247923e-13
5.89178356713 6.99902842402e-13
5.91182364729 6.72263205575e-13
5.93186372745 6.44623568747e-13
5.95190380762 6.1698393192e-13
5.97194388778 5.92273042773e-13
5.99198396794 5.69386634947e-13
6.0120240481 5.46500227121e-13
6.03206412826 5.23613819296e-13
6.05210420842 5.0072741147e-13
6.07214428858 4.79076139116e-13
6.09218436874 4.58334955315e-13
6.1122244489 4.37593771515e-13
6.13226452906 4.16852587714e-13
6.15230460922 3.96111403913e-13
6.17234468938 3.76098826e-13
6.19238476954 3.56718602506e-13
6.2124248497 3.37338379012e-13
6.23246492986 3.17958155518e-13
6.25250501002 2.98577932024e-13
6.27254509018 2.80756976718e-13
6.29258517034 2.64527027989e-13
6.3126252505 2.48297079259e-13
6.33266533066 2.32067130529e-13
6.35270541082 2.158371818e-13
6.37274549098 2.00699261093e-13
6.39278557114 1.86871678112e-13
6.4128256513 1.7304409513e-13
6.43286573146 1.59216512149e-13
6.45290581162 1.45388929167e-13
6.47294589178 1.3320613915e-13
6.49298597194 1.23349907087e-13
6.5130260521 1.13493675024e-13
6.53306613226 1.03637442961e-13
6.55310621242 9.37812108983e-14
6.57314629259 8.50883939922e-14
6.59318637275 7.83452640998e-14
6.61322645291 7.16021342075e-14
6.63326653307 6.48590043152e-14
6.65330661323 5.81158744229e-14
6.67334669339 5.16072951577e-14
6.69338677355 4.55678522607e-14
6.71342685371 3.95284093637e-14
6.73346693387 3.34889664667e-14
6.75350701403 2.74495235697e-14
6.77354709419 2.20541749412e-14
6.79358717435 1.8213623639e-14
6.81362725451 1.43730723367e-14
6.83366733467 1.05325210345e-14
6.85370741483 6.6919697322e-15
6.87374749499 3.65300634079e-15
6.89378757515 2.98682553402e-15
6.91382765531 2.32064472726e-15
6.93386773547 1.65446392049e-15
6.95390781563 9.88283113731e-16
6.97394789579 4.48718062363e-16
6.99398797595 3.79444357559e-16
7.01402805611 3.10170652754e-16
7.03406813627 2.4089694795e-16
7.05410821643 1.71623243145e-16
7.07414829659 1.10367910995e-16
7.09418837675 8.77884757491e-17
7.11422845691 6.52090405028e-17
7.13426853707 4.26296052565e-17
7.15430861723 2.00501700102e-17
7.17434869739 4.24547601449e-19
7.19438877756 3.38065442887e-19
7.21442885772 2.51583284326e-19
7.23446893788 1.65101125764e-19
7.25450901804 7.86189672031e-20
7.2745490982 0.0
7.29458917836 0.0
7.31462925852 0.0
7.33466933868 0.0
7.35470941884 0.0
7.374749499 0.0
7.39478957916 0.0
7.41482965932 0.0
7.43486973948 0.0
7.45490981964 0.0
7.4749498998 0.0
7.49498997996 0.0
7.51503006012 0.0
7.53507014028 0.0
7.55511022044 0.0
7.5751503006 0.0
7.59519038076 0.0
7.61523046092 0.0
7.63527054108 0.0
7.65531062124 0.0
7.6753507014 0.0
7.69539078156 0.0
7.71543086172 0.0
7.73547094188 0.0
7.75551102204 0.0
7.7755511022 0.0
7.79559118236 0.0
7.81563126253 0.0
7.83567134269 0.0
7.85571142285 0.0
7.87575150301 0.0
7.89579158317 0.0
7.91583166333 0.0
7.93587174349 0.0
7.95591182365 0.0
7.97595190381 0.0
7.99599198397 0.0
8.01603206413 0.0
8.03607214429 0.0
8.05611222445 0.0
8.07615230461 0.0
8.09619238477 0.0
8.11623246493 0.0
8.13627254509 0.0
8.15631262525 0.0
8.17635270541 0.0
8.19639278557 0.0
8.21643286573 0.0
8.23647294589 0.0
8.25651302605 0.0
8.27655310621 0.0
8.29659318637 0.0
8.31663326653 0.0
8.33667334669 0.0
8.35671342685 0.0
8.37675350701 0.0
8.39679358717 0.0
8.41683366733 0.0
8.43687374749 0.0
8.45691382766 0.0
8.47695390782 0.0
8.49699398798 0.0
8.51703406814 0.0
8.5370741483 0.0
8.55711422846 0.0
8.57715430862 0.0
8.59719438878 0.0
8.61723446894 0.0
8.6372745491 0.0
8.65731462926 0.0
8.67735470942 0.0
8.69739478958 0.0
8.71743486974 0.0
8.7374749499 0.0
8.75751503006 0.0
8.77755511022 0.0
8.79759519038 0.0
8.81763527054 0.0
8.8376753507 0.0
8.85771543086 0.0
8.87775551102 0.0
8.89779559118 0.0
8.91783567134 0.0
8.9378757515 0.0
8.95791583166 0.0
8.97795591182 0.0
8.99799599198 0.0
9.01803607214 0.0
9.0380761523 0.0
9.05811623246 0.0
9.07815631263 0.0
9.09819639279 0.0
9.11823647295 0.0
9.13827655311 0.0
9.15831663327 0.0
9.17835671343 0.0
9.19839679359 0.0
9.21843687375 0.0
9.23847695391 0.0
9.25851703407 0.0
9.27855711423 0.0
9.29859719439 0.0
9.31863727455 0.0
9.33867735471 0.0
9.35871743487 0.0
9.37875751503 0.0
9.39879759519 0.0
9.41883767535 0.0
9.43887775551 0.0
9.45891783567 0.0
9.47895791583 0.0
9.49899799599 0.0
9.51903807615 0.0
9.53907815631 0.0
9.55911823647 0.0
9.57915831663 0.0
9.59919839679 0.0
9.61923847695 0.0
9.63927855711 0.0
9.65931863727 0.0
9.67935871743 0.0
9.6993987976 0.0
9.71943887776 0.0
9.73947895792 0.0
9.75951903808 0.0
9.77955911824 0.0
9.7995991984 0.0
9.81963927856 0.0
9.83967935872 0.0
9.85971943888 0.0
9.87975951904 0.0
9.8997995992 0.0
9.91983967936 0.0
9.93987975952 0.0
9.95991983968 0.0
9.97995991984 0.0
10.0 0.0
