0.0 0.0
0.0200400801603 0.0
0.0400801603206 0.0
0.060120240481 0.0
0.0801603206413 0.0
0.100200400802 0.0
0.120240480962 0.0
0.140280561122 0.0
0.160320641283 0.0
0.180360721443 1.1068304585e-12
0.200400801603 1.09662236601e-12
0.220440881764 5.47531913297e-11
0.240480961924 6.00174726933e-11
0.260521042084 2.0531665245e-12
0.280561122244 2.50598792717e-12
0.300601202405 2.95353668298e-12
0.320641282565 3.45731204187e-12
0.340681362725 4.04722191204e-12
0.360721442886 4.55583961331e-12
0.380761523046 5.05515399822e-12
0.400801603206 5.55446838314e-12
0.420841683367 6.05796201796e-12
0.440881763527 6.5646417438e-12
0.460921843687 7.07132146963e-12
0.480961923848 7.5729614071e-12
0.501002004008 8.05842391474e-12
0.521042084168 8.54388642238e-12
0.541082164329 9.02934893002e-12
0.561122244489 9.51133424913e-12
0.581162324649 9.99296575528e-12
0.60120240481 1.04745972614e-11
0.62124248497 1.09491519723e-11
0.64128256513 1.14185347305e-11
0.661322645291 1.18879174887e-11
0.681362725451 1.23402109681e-11
0.701402805611 1.27406487758e-11
0.721442885772 1.31410865835e-11
0.741482965932 1.35415243911e-11
0.761523046092 1.39228099742e-11
0.781563126253 1.43023843443e-11
0.801603206413 1.46819587144e-11
0.821643286573 1.50011772205e-11
0.841683366733 1.52781216448e-11
0.861723446894 1.5555066069e-11
0.881763527054 1.57976095108e-11
0.901803607214 1.59413221258e-11
0.921843687375 1.60850347407e-11
0.941883767535 1.62287473556e-11
0.961923847695 1.63153907664e-11
0.981963927856 1.63976273152e-11
1.00200400802 1.6479863864e-11
1.02204408818 1.6589342338e-11
1.04208416834 1.67171013912e-11
1.0621242485 1.68448604443e-11
1.08216432866 1.69656053468e-11
1.10220440882 1.7067244775e-11
1.12224448898 1.71688842032e-11
1.14228456914 1.72705236314e-11
1.1623246493 1.72962977407e-11
1.18236472946 1.731711342e-11
1.20240480962 1.73379290992e-11
1.22244488978 1.73528021386e-11
1.24248496994 1.73638559922e-11
1.2625250501 1.73749098457e-11
1.28256513026 1.7390099353e-11
1.30260521042 1.74159829822e-11
1.32264529058 1.74418666114e-11
1.34268537074 1.74677502406e-11
1.3627254509 1.75233022212e-11
1.38276553106 1.75804490358e-11
1.40280561122 1.76375958504e-11
1.42284569138 1.76717591918e-11
1.44288577154 1.76917819191e-11
1.4629258517 1.77118046463e-11
1.48296593186 1.77351284893e-11
1.50300601202 1.77665654482e-11
1.52304609218 1.77980024071e-11
1.54308617234 1.78294393659e-11
1.56312625251 1.78198407414e-11
1.58316633267 1.78085021062e-11
1.60320641283 1.7797163471e-11
1.62324649299 1.77866305153e-11
1.64328657315 1.77765718861e-11
1.66332665331 1.7766513257e-11
1.68336673347 1.7766632859e-11
1.70340681363 1.77905530858e-11
1.72344689379 1.78144733125e-11
1.74348697395 1.78383935393e-11
1.76352705411 1.77553805696e-11
1.78356713427 1.76690214898e-11
1.80360721443 1.75826624101e-11
1.82364729459 1.75317557271e-11
1.84368737475 1.75008109579e-11
1.86372745491 1.74698661887e-11
1.88376753507 1.7470456716e-11
1.90380761523 1.75412775983e-11
1.92384769539 1.76120984805e-11
1.94388777555 1.76829193628e-11
1.96392785571 1.76282535523e-11
1.98396793587 1.75710259232e-11
2.00400801603 1.7513798294e-11
2.02404809619 1.74617493844e-11
2.04408817635 1.74124877266e-11
2.06412825651 1.73632260689e-11
2.08416833667 1.73148901588e-11
2.10420841683 1.72685195018e-11
2.12424849699 1.72221488448e-11
2.14428857715 1.71757781878e-11
2.16432865731 1.71202868049e-11
2.18436873747 1.7064706353e-11
2.20440881764 1.70091259011e-11
2.2244488978 1.69257960341e-11
2.24448897796 1.6828199071e-11
2.26452905812 1.67306021079e-11
2.28456913828 1.66286614067e-11
2.30460921844 1.65179236042e-11
2.3246492986 1.64071858017e-11
2.34468937876 1.62964819929e-11
2.36472945892 1.62369087633e-11
2.38476953908 1.61773355337e-11
2.40480961924 1.6117762304e-11
2.4248496994 1.60526453884e-11
2.44488977956 1.59848075756e-11
2.46492985972 1.59169697627e-11
2.48496993988 1.58228886772e-11
2.50501002004 1.56780658521e-11
2.5250501002 1.55332430269e-11
2.54509018036 1.53896077512e-11
2.56513026052 1.53527448228e-11
2.58517034068 1.53158818945e-11
2.60521042084 1.52790189662e-11
2.625250501 1.51838152595e-11
2.64529058116 1.50612971088e-11
2.66533066132 1.49387789581e-11
2.68537074148 1.48181294101e-11
2.70541082164 1.47009315249e-11
2.7254509018 1.45837336396e-11
2.74549098196 1.44672415263e-11
2.76553106212 1.43831234518e-11
2.78557114228 1.42990053774e-11
2.80561122244 1.4214887303e-11
2.82565130261 1.40566755952e-11
2.84569138277 1.38654002041e-11
2.86573146293 1.3674124813e-11
2.88577154309 1.35214829722e-11
2.90581162325 1.34370602375e-11
2.92585170341 1.33526375029e-11
2.94589178357 1.32665932356e-11
2.96593186373 1.31309711153e-11
2.98597194389 1.2995348995e-11
3.00601202405 1.28597268747e-11
3.02605210421 1.27205910397e-11
3.04609218437 1.25799620786e-11
3.06613226453 1.24393331175e-11
3.08617234469 1.23034347615e-11
3.10621242485 1.21755260844e-11
3.12625250501 1.20476174073e-11
3.14629258517 1.19205110938e-11
3.16633266533 1.18117033786e-11
3.18637274549 1.17028956634e-11
3.20641282565 1.15940879481e-11
3.22645290581 1.14489844839e-11
3.24649298597 1.12892080609e-11
3.26653306613 1.11294316379e-11
3.28657314629 1.09611387596e-11
3.30661322645 1.07790813738e-11
3.32665330661 1.0597023988e-11
3.34669338677 1.04179533546e-11
3.36673346693 1.02929582602e-11
3.38677354709 1.01679631659e-11
3.40681362725 1.00429680715e-11
3.42685370741 9.90836352936e-12
3.44689378758 9.77006731073e-12
3.46693386774 9.6317710921e-12
3.4869739479 9.49673193406e-12
3.50701402806 9.36673257148e-12
3.52705410822 9.2367332089e-12
3.54709418838 9.105338332e-12
3.56713426854 8.95307396469e-12
3.5871743487 8.80080959739e-12
3.60721442886 8.64854523008e-12
3.62725450902 8.50586133143e-12
3.64729458918 8.36667093842e-12
3.66733466934 8.22748054541e-12
3.6873747495 8.09438921112e-12
3.70741482966 7.9703366719e-12
3.72745490982 7.84628413267e-12
3.74749498998 7.72272889156e-12
3.76753507014 7.60548744328e-12
3.7875751503 7.48824599501e-12
3.80761523046 7.37100454674e-12
3.82765531062 7.23272712268e-12
3.84769539078 7.08717821512e-12
3.86773547094 6.94162930757e-12
3.8877755511 6.80644062054e-12
3.90781563126 6.68596262613e-12
3.92785571142 6.56548463172e-12
3.94789579158 6.44609662318e-12
3.96793587174 6.33869607876e-12
3.9879759519 6.23129553434e-12
4.00801603206 6.12389498992e-12
4.02805611222 6.00329597076e-12
4.04809619238 5.8783782804e-12
4.06813627255 5.75346059003e-12
4.08817635271 5.63884686499e-12
4.10821643287 5.5382555253e-12
4.12825651303 5.43766418562e-12
4.14829659319 5.33659868989e-12
4.16833667335 5.23094612355e-12
4.18837675351 5.12529355721e-12
4.20841683367 5.01964099087e-12
4.22845691383 4.92308631222e-12
4.24849699399 4.82934515866e-12
4.26853707415 4.73560400511e-12
4.28857715431 4.63904101605e-12
4.30861723447 4.53879655414e-12
4.32865731463 4.43855209223e-12
4.34869739479 4.3396466572e-12
4.36873747495 4.25227503664e-12
4.38877755511 4.16490341608e-12
4.40881763527 4.07753179552e-12
4.42885771543 3.99759248844e-12
4.44889779559 3.91982171059e-12
4.46893787575 3.84205093275e-12
4.48897795591 3.76347745353e-12
4.50901803607 3.68389977945e-12
4.52905811623 3.60432210537e-12
4.54909819639 3.52521977886e-12
4.56913827655 3.44979887448e-12
4.58917835671 3.37437797011e-12
4.60921843687 3.29895706573e-12
4.62925851703 3.22453330061e-12
4.64929859719 3.15038350059e-12
4.66933867735 3.07623370056e-12
4.68937875752 3.00670097309e-12
4.70941883768 2.94270798947e-12
4.72945891784 2.87871500584e-12
4.749498998 2.81394869218e-12
4.76953907816 2.74375371471e-12
4.78957915832 2.67355873725e-12
4.80961923848 2.60336375978e-12
4.82965931864 2.54073315944e-12
4.8496993988 2.48005548743e-12
4.86973947896 2.41937781541e-12
4.88977955912 2.3602511297e-12
4.90981963928 2.30290952745e-12
4.92985971944 2.24556792521e-12
4.9498997996 2.18911165134e-12
4.96993987976 2.13832677108e-12
4.98997995992 2.08754189082e-12
5.01002004008 2.03785342068e-12
5.03006012024 1.98918236546e-12
5.0501002004 1.94051131024e-12
5.07014028056 1.89481309332e-12
5.09018036072 1.84917616423e-12
5.11022044088 1.80353923514e-12
5.13026052104 1.75790230606e-12
5.1503006012 1.71226537697e-12
5.17034068136 1.67035621106e-12
5.19038076152 1.62868751407e-12
5.21042084168 1.58701881707e-12
5.23046092184 1.54535012008e-12
5.250501002 1.50368142309e-12
5.27054108216 1.46634539361e-12
5.29058116232 1.42949611316e-12
5.31062124248 1.3926468327e-12
5.33066132265 1.35579755225e-12
5.35070140281 1.31894827179e-12
5.37074148297 1.28330939924e-12
5.39078156313 1.24786985902e-12
5.41082164329 1.21243031879e-12
5.43086172345 1.17699077857e-12
5.45090180361 1.14155123835e-12
5.47094188377 1.11002686117e-12
5.49098196393 1.07937238758e-12
5.51102204409 1.04871791398e-12
5.53106212425 1.01806344038e-12
5.55110220441 9.87408966785e-13
5.57114228457 9.58206728637e-13
5.59118236473 9.29419468145e-13
5.61122244489 9.00632207654e-13
5.63126252505 8.71844947162e-13
5.65130260521 8.4305768667e-13
5.67134268537 8.1696004229e-13
5.69138276553 7.91820428149e-13
5.71142284569 7.66680814009e-13
5.73146292585 7.41541199868e-13
5.75150300601 7.16401585727e-13
5.77154308617 6.92253076446e-13
5.79158316633 6.68535507003e-13
5.81162324649 6.44817937561e-13
5.83166332665 6.21100368118e-13
5.85170340681 5.97382798676e-13
5.87174348697 5.7489757339e-13
5.89178356713 5.53056979067e-13
5.91182364729 5.31216384744e-13
5.93186372745 5.09375790421e-13
5.95190380762 4.87535196099e-13
5.97194388778 4.68008872052e-13
5.99198396794 4.49924236861e-13
6.0120240481 4.31839601671e-13
6.03206412826 4.1375496648e-13
6.05210420842 3.95670331289e-13
6.07214428858 3.78561689124e-13
6.09218436874 3.62172190811e-13
6.1122244489 3.45782692497e-13
6.13226452906 3.29393194184e-13
6.15230460922 3.1300369587e-13
6.17234468938 2.97189935426e-13
6.19238476954 2.818758558e-13
6.2124248497 2.66561776174e-13
6.23246492986 2.51247696547e-13
6.25250501002 2.35933616921e-13
6.27254509018 2.218516571e-13
6.29258517034 2.09026896475e-13
6.3126252505 1.96202135849e-13
6.33266533066 1.83377375224e-13
6.35270541082 1.70552614598e-13
6.37274549098 1.5859076477e-13
6.39278557114 1.47664332116e-13
6.4128256513 1.36737899463e-13
6.43286573146 1.25811466809e-13
6.45290581162 1.14885034156e-13
6.47294589178 1.05258302222e-13
6.49298597194 9.74699956178e-14
6.5130260521 8.96816890137e-14
6.53306613226 8.18933824095e-14
6.55310621242 7.41050758054e-14
6.57314629259 6.72360894741e-14
6.59318637275 6.19077284192e-14
6.61322645291 5.65793673642e-14
6.63326653307 5.12510063093e-14
6.65330661323 4.59226452543e-14
6.67334669339 4.07796240115e-14
6.69338677355 3.60073101395e-14
6.71342685371 3.12349962674e-14
6.73346693387 2.64626823954e-14
6.75350701403 2.16903685234e-14
6.77354709419 1.74270121935e-14
6.79358717435 1.43922428334e-14
6.81362725451 1.13574734733e-14
6.83366733467 8.32270411316e-15
6.85370741483 5.28793475305e-15
6.87374749499 2.88657300549e-15
6.89378757515 2.360162878e-15
6.91382765531 1.83375275051e-15
6.93386773547 1.30734262302e-15
6.95390781563 7.80932495526e-16
6.97394789579 3.54573007836e-16
6.99398797595 2.99833544603e-16
7.01402805611 2.45094081371e-16
7.03406813627 1.90354618139e-16
7.05410821643 1.35615154906e-16
7.07414829659 8.72117381771e-17
7.09418837675 6.93696699788e-17
7.11422845691 5.15276017805e-17
7.13426853707 3.36855335822e-17
7.15430861723 1.58434653838e-17
7.17434869739 3.35473725355e-19
7.19438877756 2.67136295558e-19
7.21442885772 1.98798865762e-19
7.23446893788 1.30461435965e-19
7.25450901804 6.21240061685e-20
7.2745490982 0.0
7.29458917836 0.0
7.31462925852 0.0
7.33466933868 0.0
7.35470941884 0.0
7.374749499 0.0
7.39478957916 0.0
7.41482965932 0.0
7.43486973948 0.0
7.45490981964 0.0
7.4749498998 0.0
7.49498997996 0.0
7.51503006012 0.0
7.53507014028 0.0
7.55511022044 0.0
7.5751503006 0.0
7.59519038076 0.0
7.61523046092 0.0
7.63527054108 0.0
7.65531062124 0.0
7.6753507014 0.0
7.69539078156 0.0
7.71543086172 0.0
7.73547094188 0.0
7.75551102204 0.0
7.7755511022 0.0
7.79559118236 0.0
7.81563126253 0.0
7.83567134269 0.0
7.85571142285 0.0
7.87575150301 0.0
7.89579158317 0.0
7.91583166333 0.0
7.93587174349 0.0
7.95591182365 0.0
7.97595190381 0.0
7.99599198397 0.0
8.01603206413 0.0
8.03607214429 0.0
8.05611222445 0.0
8.07615230461 0.0
8.09619238477 0.0
8.11623246493 0.0
8.13627254509 0.0
8.15631262525 0.0
8.17635270541 0.0
8.19639278557 0.0
8.21643286573 0.0
8.23647294589 0.0
8.25651302605 0.0
8.27655310621 0.0
8.29659318637 0.0
8.31663326653 0.0
8.33667334669 0.0
8.35671342685 0.0
8.37675350701 0.0
8.39679358717 0.0
8.41683366733 0.0
8.43687374749 0.0
8.45691382766 0.0
8.47695390782 0.0
8.49699398798 0.0
8.51703406814 0.0
8.5370741483 0.0
8.55711422846 0.0
8.57715430862 0.0
8.59719438878 0.0
8.61723446894 0.0
8.6372745491 0.0
8.65731462926 0.0
8.67735470942 0.0
8.69739478958 0.0
8.71743486974 0.0
8.7374749499 0.0
8.75751503006 0.0
8.77755511022 0.0
8.79759519038 0.0
8.81763527054 0.0
8.8376753507 0.0
8.85771543086 0.0
8.87775551102 0.0
8.89779559118 0.0
8.91783567134 0.0
8.9378757515 0.0
8.95791583166 0.0
8.97795591182 0.0
8.99799599198 0.0
9.01803607214 0.0
9.0380761523 0.0
9.05811623246 0.0
9.07815631263 0.0
9.09819639279 0.0
9.11823647295 0.0
9.13827655311 0.0
9.15831663327 0.0
9.17835671343 0.0
9.19839679359 0.0
9.21843687375 0.0
9.23847695391 0.0
9.25851703407 0.0
9.27855711423 0.0
9.29859719439 0.0
9.31863727455 0.0
9.33867735471 0.0
9.35871743487 0.0
9.37875751503 0.0
9.39879759519 0.0
9.41883767535 0.0
9.43887775551 0.0
9.45891783567 0.0
9.47895791583 0.0
9.49899799599 0.0
9.51903807615 0.0
9.53907815631 0.0
9.55911823647 0.0
9.57915831663 0.0
9.59919839679 0.0
9.61923847695 0.0
9.63927855711 0.0
9.65931863727 0.0
9.67935871743 0.0
9.6993987976 0.0
9.71943887776 0.0
9.73947895792 0.0
9.75951903808 0.0
9.77955911824 0.0
9.7995991984 0.0
9.81963927856 0.0
9.83967935872 0.0
9.85971943888 0.0
9.87975951904 0.0
9.8997995992 0.0
9.91983967936 0.0
9.93987975952 0.0
9.95991983968 0.0
9.97995991984 0.0
10.0 0.0
