0.0 0.0
0.0200400801603 7.62105143887e-11
0.0400801603206 2.38559536546e-10
0.060120240481 3.40148071254e-10
0.0801603206413 3.84799031466e-10
0.100200400802 3.91116028325e-10
0.120240480962 3.77887774863e-10
0.140280561122 3.77718480071e-10
0.160320641283 3.91842055061e-10
0.180360721443 4.08223998405e-10
0.200400801603 4.31674726275e-10
0.220440881764 4.72130128053e-10
0.240480961924 4.97861330233e-10
0.260521042084 4.9852109918e-10
0.280561122244 5.1100535772e-10
0.300601202405 5.23545357274e-10
0.320641282565 5.34663985334e-10
0.340681362725 5.4524898668e-10
0.360721442886 5.55804432476e-10
0.380761523046 5.66148320164e-10
0.400801603206 5.76317060365e-10
0.420841683367 5.86490316654e-10
0.440881763527 5.95941350695e-10
0.460921843687 6.01251143636e-10
0.480961923848 6.06577566353e-10
0.501002004008 6.11921010451e-10
0.521042084168 6.13736757327e-10
0.541082164329 6.14679813625e-10
0.561122244489 6.15636049599e-10
0.581162324649 6.15077504661e-10
0.60120240481 6.12837346998e-10
0.62124248497 6.10606864363e-10
0.64128256513 6.08333145369e-10
0.661322645291 6.05728687798e-10
0.681362725451 6.0313749613e-10
0.701402805611 6.00532082629e-10
0.721442885772 5.94393453974e-10
0.741482965932 5.87451825254e-10
0.761523046092 5.80510916988e-10
0.781563126253 5.72987174488e-10
0.801603206413 5.64865952278e-10
0.821643286573 5.56735277882e-10
0.841683366733 5.48294984344e-10
0.861723446894 5.38258168329e-10
0.881763527054 5.28204654827e-10
0.901803607214 5.18111744353e-10
0.921843687375 5.07296648644e-10
0.941883767535 4.96347816938e-10
0.961923847695 4.85384603116e-10
0.981963927856 4.7396708116e-10
1.00200400802 4.62087518322e-10
1.02204408818 4.50217190376e-10
1.04208416834 4.38102765473e-10
1.0621242485 4.24775264933e-10
1.08216432866 4.1144847132e-10
1.10220440882 3.98123396285e-10
1.12224448898 3.85078240915e-10
1.14228456914 3.72074857484e-10
1.1623246493 3.59040288659e-10
1.18236472946 3.46048951605e-10
1.20240480962 3.3310051408e-10
1.22244488978 3.20154117176e-10
1.24248496994 3.07146598175e-10
1.2625250501 2.93859275653e-10
1.28256513026 2.80574081718e-10
1.30260521042 2.67296929657e-10
1.32264529058 2.54909498101e-10
1.34268537074 2.42676727433e-10
1.3627254509 2.30453679211e-10
1.38276553106 2.18607750845e-10
1.40280561122 2.07100243095e-10
1.42284569138 1.95585611095e-10
1.44288577154 1.84378904569e-10
1.4629258517 1.74456760508e-10
1.48296593186 1.64536135366e-10
1.50300601202 1.54618197804e-10
1.52304609218 1.46021914223e-10
1.54308617234 1.37638390684e-10
1.56312625251 1.29241882997e-10
1.58316633267 1.2125866145e-10
1.60320641283 1.13632264523e-10
1.62324649299 1.06006194788e-10
1.64328657315 9.86501262411e-11
1.66332665331 9.2358241675e-11
1.68336673347 8.60699032064e-11
1.70340681363 7.97898645268e-11
1.72344689379 7.4768888752e-11
1.74348697395 6.99274957345e-11
1.76352705411 6.50521349382e-11
1.78356713427 6.06436674616e-11
1.80360721443 5.66276477555e-11
1.82364729459 5.26230294356e-11
1.84368737475 4.88154590509e-11
1.86372745491 4.5705702695e-11
1.88376753507 4.2606270016e-11
1.90380761523 3.95298565939e-11
1.92384769539 3.71076310656e-11
1.94388777555 3.47700909197e-11
1.96392785571 3.23926196894e-11
1.98396793587 3.02647720838e-11
2.00400801603 2.83404711062e-11
2.02404809619 2.64178811304e-11
2.04408817635 2.45989804184e-11
2.06412825651 2.31284767219e-11
2.08416833667 2.16584243223e-11
2.10420841683 2.01896002829e-11
2.12424849699 1.90598608492e-11
2.14428857715 1.79693680775e-11
2.16432865731 1.68760114969e-11
2.18436873747 1.59259107856e-11
2.20440881764 1.50860106225e-11
2.2244488978 1.42373030673e-11
2.24448897796 1.34259298046e-11
2.26452905812 1.27493478931e-11
2.28456913828 1.20714683122e-11
2.30460921844 1.13914763167e-11
2.3246492986 1.0863540217e-11
2.34468937876 1.03419366419e-11
2.36472945892 9.83678268431e-12
2.38476953908 9.40670826761e-12
2.40480961924 9.03113721034e-12
2.4248496994 8.65393164094e-12
2.44488977956 8.29881399805e-12
2.46492985972 8.01134426249e-12
2.48496993988 7.71562562521e-12
2.50501002004 7.40391301142e-12
2.5250501002 7.15452252569e-12
2.54509018036 6.91139077875e-12
2.56513026052 6.70239246116e-12
2.58517034068 6.51930509188e-12
2.60521042084 6.35394302068e-12
2.625250501 6.17007021828e-12
2.64529058116 5.99010813871e-12
2.66533066132 5.84328185173e-12
2.68537074148 5.69712707939e-12
2.70541082164 5.55215057284e-12
2.7254509018 5.43459907792e-12
2.74549098196 5.31675045598e-12
2.76553106212 5.21259225643e-12
2.78557114228 5.11992522333e-12
2.80561122244 5.03523027835e-12
2.82565130261 4.92736411569e-12
2.84569138277 4.81327733097e-12
2.86573146293 4.71044217699e-12
2.88577154309 4.62027271831e-12
2.90581162325 4.55217263611e-12
2.92585170341 4.49298944284e-12
2.94589178357 4.43416931879e-12
2.96593186373 4.35979988921e-12
2.98597194389 4.29366539185e-12
3.00601202405 4.23298032649e-12
3.02605210421 4.17137573652e-12
3.04609218437 4.11427211364e-12
3.06613226453 4.05718007849e-12
3.08617234469 4.00323294278e-12
3.10621242485 3.95323853408e-12
3.12625250501 3.90445239863e-12
3.14629258517 3.85696121514e-12
3.16633266533 3.81619744953e-12
3.18637274549 3.77620422702e-12
3.20641282565 3.73687539716e-12
3.22645290581 3.68655016974e-12
3.24649298597 3.63204313692e-12
3.26653306613 3.57796461324e-12
3.28657314629 3.52154241443e-12
3.30661322645 3.46105431464e-12
3.32665330661 3.40084556323e-12
3.34669338677 3.34183177054e-12
3.36673346693 3.30026687817e-12
3.38677354709 3.25888645655e-12
3.40681362725 3.21766719988e-12
3.42685370741 3.17352583985e-12
3.44689378758 3.1283313838e-12
3.46693386774 3.08324558811e-12
3.4869739479 3.03929368661e-12
3.50701402806 2.99703268281e-12
3.52705410822 2.95484628529e-12
3.54709418838 2.91228115398e-12
3.56713426854 2.8631222685e-12
3.5871743487 2.81401564964e-12
3.60721442886 2.76495567146e-12
3.62725450902 2.71899133456e-12
3.64729458918 2.67417801923e-12
3.66733466934 2.62939833767e-12
3.6873747495 2.58659313436e-12
3.70741482966 2.54669656809e-12
3.72745490982 2.5068248031e-12
3.74749498998 2.46713407631e-12
3.76753507014 2.42947645889e-12
3.7875751503 2.39183753544e-12
3.80761523046 2.35421570508e-12
3.82765531062 2.30990400359e-12
3.84769539078 2.26328879393e-12
3.86773547094 2.21668682654e-12
3.8877755511 2.17339954981e-12
3.90781563126 2.13481281612e-12
3.92785571142 2.09623653311e-12
3.94789579158 2.05801739361e-12
3.96793587174 2.02362844762e-12
3.9879759519 1.98924788572e-12
4.00801603206 1.95487513977e-12
4.02805611222 1.91630247736e-12
4.04809619238 1.87635999578e-12
4.06813627255 1.83642390176e-12
4.08817635271 1.79977834058e-12
4.10821643287 1.76760824699e-12
4.12825651303 1.73544343403e-12
4.14829659319 1.70313244378e-12
4.16833667335 1.66936393229e-12
4.18837675351 1.63559982877e-12
4.20841683367 1.60183988342e-12
4.22845691383 1.57098395339e-12
4.24849699399 1.54102858655e-12
4.26853707415 1.51107672734e-12
4.28857715431 1.48022868447e-12
4.30861723447 1.44821025922e-12
4.32865731463 1.41619481177e-12
4.34869739479 1.38460902249e-12
4.36873747495 1.35670248911e-12
4.38877755511 1.32879849726e-12
4.40881763527 1.30089691868e-12
4.42885771543 1.27536679517e-12
4.44889779559 1.25053010209e-12
4.46893787575 1.22569548075e-12
4.48897795591 1.20060695679e-12
4.50901803607 1.17520020564e-12
4.52905811623 1.14979523939e-12
4.54909819639 1.12454349697e-12
4.56913827655 1.10046688248e-12
4.58917835671 1.07639181047e-12
4.60921843687 1.05231820856e-12
4.62925851703 1.02856386139e-12
4.64929859719 1.00489818119e-12
4.66933867735 9.81233775746e-13
4.68937875752 9.59042348262e-13
4.70941883768 9.38617958565e-13
4.72945891784 9.18194676583e-13
4.749498998 8.97525941438e-13
4.76953907816 8.75127747261e-13
4.78957915832 8.52730517434e-13
4.80961923848 8.30334208755e-13
4.82965931864 8.10350039857e-13
4.8496993988 7.90989237322e-13
4.86973947896 7.71629238396e-13
4.88977955912 7.52764407939e-13
4.90981963928 7.34469334127e-13
4.92985971944 7.16174962324e-13
4.9498997996 6.98163473608e-13
4.96993987976 6.81960469423e-13
4.98997995992 6.65758079211e-13
5.01002004008 6.49905773618e-13
5.03006012024 6.34378346268e-13
5.0501002004 6.18851456451e-13
5.07014028056 6.04272718192e-13
5.09018036072 5.89714008543e-13
5.11022044088 5.75155769928e-13
5.13026052104 5.60597982145e-13
5.1503006012 5.46040625895e-13
5.17034068136 5.32671963699e-13
5.19038076152 5.19380350082e-13
5.21042084168 5.06089115099e-13
5.23046092184 4.92798242651e-13
5.250501002 4.79507717351e-13
5.27054108216 4.67598627862e-13
5.29058116232 4.55845015359e-13
5.31062124248 4.44091707765e-13
5.33066132265 4.32338692213e-13
5.35070140281 4.20585956391e-13
5.37074148297 4.0921932437e-13
5.39078156313 3.97916489235e-13
5.41082164329 3.86613900007e-13
5.43086172345 3.75311546368e-13
5.45090180361 3.64009418446e-13
5.47094188377 3.53955524294e-13
5.49098196393 3.44179132302e-13
5.51102204409 3.34402938872e-13
5.53106212425 3.24626935715e-13
5.55110220441 3.14851114896e-13
5.57114228457 3.05538390855e-13
5.59118236473 2.96358114688e-13
5.61122244489 2.87177999017e-13
5.63126252505 2.77998037169e-13
5.65130260521 2.68818222754e-13
5.67134268537 2.60495905514e-13
5.69138276553 2.5247911037e-13
5.71142284569 2.44462445061e-13
5.73146292585 2.36445904209e-13
5.75150300601 2.28429482661e-13
5.77154308617 2.20729105161e-13
5.79158316633 2.13166205898e-13
5.81162324649 2.05603411741e-13
5.83166332665 1.98040718349e-13
5.85170340681 1.90478121561e-13
5.87174348697 1.83308445752e-13
5.89178356713 1.76344344622e-13
5.91182364729 1.69380328629e-13
5.93186372745 1.62416394267e-13
5.95190380762 1.55452538172e-13
5.97194388778 1.49226465816e-13
5.99198396794 1.43460025572e-13
6.0120240481 1.37693654325e-13
6.03206412826 1.31927349239e-13
6.05210420842 1.26161107595e-13
6.07214428858 1.20706039342e-13
6.09218436874 1.15480267419e-13
6.1122244489 1.10254551437e-13
6.13226452906 1.05028889102e-13
6.15230460922 9.9803278213e-14
6.17234468938 9.47612418231e-14
6.19238476954 8.98785335734e-14
6.2124248497 8.49958706978e-14
6.23246492986 8.01132513373e-14
6.25250501002 7.52306737096e-14
6.27254509018 7.07408929507e-14
6.29258517034 6.6651901858e-14
6.3126252505 6.256294758e-14
6.33266533066 5.84740286109e-14
6.35270541082 5.43851435064e-14
6.37274549098 5.05713567647e-14
6.39278557114 4.70876560782e-14
6.4128256513 4.3603985271e-14
6.43286573146 4.01203431222e-14
6.45290581162 3.66367284613e-14
6.47294589178 3.35674394505e-14
6.49298597194 3.10842016402e-14
6.5130260521 2.86009880867e-14
6.53306613226 2.61177978001e-14
6.55310621242 2.36346298313e-14
6.57314629259 2.14445305273e-14
6.59318637275 1.9745549393e-14
6.61322645291 1.80465879559e-14
6.63326653307 1.63476454133e-14
6.65330661323 1.46487209951e-14
6.67334669339 1.30088938343e-14
6.69338677355 1.14872519391e-14
6.71342685371 9.96562604242e-15
6.73346693387 8.44401549282e-15
6.75350701403 6.92241966555e-15
6.77354709419 5.56307588462e-15
6.79358717435 4.59537635216e-15
6.81362725451 3.62768981687e-15
6.83366733467 2.66001575005e-15
6.85370741483 1.69235364461e-15
6.87374749499 9.26611281838e-16
6.89378757515 7.58549147287e-16
6.91382765531 5.90497573787e-16
6.93386773547 4.22456132151e-16
6.95390781563 2.5442441071e-16
6.97394789579 1.18294671013e-16
6.99398797595 1.00633387805e-16
7.01402805611 8.29806878526e-17
7.03406813627 6.53362226615e-17
7.05410821643 4.76996579484e-17
7.07414829659 3.20903838213e-17
7.09418837675 2.62302745375e-17
7.11422845691 2.03771424348e-17
7.13426853707 1.45307044808e-17
7.15430861723 8.69068917189e-18
7.17434869739 3.60085830176e-18
7.19438877756 3.43856336376e-18
7.21442885772 3.28194111224e-18
7.23446893788 3.13076163174e-18
7.25450901804 2.98480436314e-18
7.2745490982 2.84583834413e-18
7.29458917836 2.7314829415e-18
7.31462925852 2.62174046518e-18
7.33466933868 2.51642411112e-18
7.35470941884 2.41535467023e-18
7.374749499 2.31836021833e-18
7.39478957916 2.22527581873e-18
7.41482965932 2.13594323708e-18
7.43486973948 2.05021066788e-18
7.45490981964 1.96793247217e-18
7.4749498998 1.88896892605e-18
7.49498997996 1.81318597941e-18
7.51503006012 1.74045502464e-18
7.53507014028 1.67065267474e-18
7.55511022044 1.60366055052e-18
7.5751503006 1.53936507657e-18
7.59519038076 1.47765728553e-18
7.61523046092 1.41843263035e-18
7.63527054108 1.3615908043e-18
7.65531062124 1.30703556828e-18
7.6753507014 1.25467458522e-18
7.69539078156 1.20441926126e-18
7.71543086172 1.15618459337e-18
7.73547094188 1.10988902328e-18
7.75551102204 1.06545429728e-18
7.7755511022 1.02280533187e-18
7.79559118236 9.81870084749e-19
7.81563126253 9.42579431211e-19
7.83567134269 9.04867045498e-19
7.85571142285 8.68669287033e-19
7.87575150301 8.3392509129e-19
7.89579158317 8.00575865111e-19
7.91583166333 7.68565386303e-19
7.93587174349 7.37839707324e-19
7.95591182365 7.08347062899e-19
7.97595190381 6.80037781405e-19
7.99599198397 6.52864199861e-19
8.01603206413 6.26780582395e-19
8.03607214429 6.01743042023e-19
8.05611222445 5.77709465624e-19
8.07615230461 5.54639441961e-19
8.09619238477 5.32494192646e-19
8.11623246493 5.11236505906e-19
8.13627254509 4.90830673054e-19
8.15631262525 4.7124242754e-19
8.17635270541 4.52438886485e-19
8.19639278557 4.343884946e-19
8.21643286573 4.17060970375e-19
8.23647294589 4.00427254469e-19
8.25651302605 3.84459460195e-19
8.27655310621 3.69130826013e-19
8.29659318637 3.54415669967e-19
8.31663326653 3.40289345962e-19
8.33667334669 3.26728201827e-19
8.35671342685 3.13709539078e-19
8.37675350701 3.01211574317e-19
8.39679358717 2.89213402203e-19
8.41683366733 2.77694959918e-19
8.43687374749 2.66636993088e-19
8.45691382766 2.56021023079e-19
8.47695390782 2.45829315625e-19
8.49699398798 2.36044850728e-19
8.51703406814 2.26651293783e-19
8.5370741483 2.17632967867e-19
8.55711422846 2.08974827164e-19
8.57715430862 2.00662431456e-19
8.59719438878 1.92681921658e-19
8.61723446894 1.85019996343e-19
8.6372745491 1.77663889213e-19
8.65731462926 1.70601347493e-19
8.67735470942 1.63820611193e-19
8.69739478958 1.57310393214e-19
8.71743486974 1.51059860262e-19
8.7374749499 1.45058614528e-19
8.75751503006 1.39296676123e-19
8.77755511022 1.33764466208e-19
8.79759519038 1.28452790823e-19
8.81763527054 1.23352825359e-19
8.8376753507 1.18456099666e-19
8.85771543086 1.13754483762e-19
8.87775551102 1.09240174115e-19
8.89779559118 1.0490568049e-19
8.91783567134 1.00743813321e-19
8.9378757515 9.67476715933e-20
8.95791583166 9.2910631223e-20
8.97795591182 8.92263338979e-20
8.99799599198 8.56886763753e-20
9.01803607214 8.22918002106e-20
9.0380761523 7.90300819008e-20
9.05811623246 7.58981234268e-20
9.07815631263 7.28907431781e-20
9.09819639279 7.00029672435e-20
9.11823647295 6.72300210544e-20
9.13827655311 6.45673213646e-20
9.15831663327 6.20104685552e-20
9.17835671343 5.95552392494e-20
9.19839679359 5.71975792252e-20
9.21843687375 5.49335966154e-20
9.23847695391 5.27595553804e-20
9.25851703407 5.0671869046e-20
9.27855711423 4.86670946923e-20
9.29859719439 4.67419271863e-20
9.31863727455 4.48931936467e-20
9.33867735471 4.31178481314e-20
9.35871743487 4.141296654e-20
9.37875751503 3.97757417216e-20
9.39879759519 3.8203478779e-20
9.41883767535 3.66935905633e-20
9.43887775551 3.52435933494e-20
9.45891783567 3.38511026856e-20
9.47895791583 3.25138294109e-20
9.49899799599 3.12295758322e-20
9.51903807615 2.99962320556e-20
9.53907815631 2.88117724655e-20
9.55911823647 2.76742523457e-20
9.57915831663 2.65818046355e-20
9.59919839679 2.55326368176e-20
9.61923847695 2.45250279303e-20
9.63927855711 2.35573257004e-20
9.65931863727 2.26279437912e-20
9.67935871743 2.17353591612e-20
9.6993987976 2.0878109529e-20
9.71943887776 2.00547909403e-20
9.73947895792 1.92640554325e-20
9.75951903808 1.8504608793e-20
9.77955911824 1.77752084081e-20
9.7995991984 1.70746611979e-20
9.81963927856 1.64018216342e-20
9.83967935872 1.57555898384e-20
9.85971943888 1.5134909755e-20
9.87975951904 1.45387673994e-20
9.8997995992 1.39661891754e-20
9.91983967936 1.34162402601e-20
9.93987975952 1.28880230545e-20
9.95991983968 1.23806756952e-20
9.97995991984 1.18933706265e-20
10.0 1.14253132298e-20
