0.0 0.0
0.0200400801603 0.0
0.0400801603206 0.0
0.060120240481 0.0
0.0801603206413 0.0
0.100200400802 0.0
0.120240480962 0.0
0.140280561122 0.0
0.160320641283 0.0
0.180360721443 0.0
0.200400801603 0.0
0.220440881764 0.0
0.240480961924 0.0
0.260521042084 0.0
0.280561122244 0.0
0.300601202405 0.0
0.320641282565 0.0
0.340681362725 0.0
0.360721442886 3.82204685693e-12
0.380761523046 4.24093846363e-12
0.400801603206 4.65983007033e-12
0.420841683367 5.08222779014e-12
0.440881763527 5.50729842869e-12
0.460921843687 5.93236906725e-12
0.480961923848 6.35321165809e-12
0.501002004008 6.76048245973e-12
0.521042084168 7.16775326138e-12
0.541082164329 7.57502406302e-12
0.561122244489 7.97937773444e-12
0.581162324649 8.38343458027e-12
0.60120240481 8.7874914261e-12
0.62124248497 9.18561131073e-12
0.64128256513 9.57939227051e-12
0.661322645291 9.9731732303e-12
0.681362725451 1.03526174203e-11
0.701402805611 1.06885581456e-11
0.721442885772 1.10244988709e-11
0.741482965932 1.13604395963e-11
0.761523046092 1.16803128771e-11
0.781563126253 1.1998750564e-11
0.801603206413 1.23171882508e-11
0.821643286573 1.25849913764e-11
0.841683366733 1.2817329355e-11
0.861723446894 1.30496673335e-11
0.881763527054 1.32531451725e-11
0.901803607214 1.33737105117e-11
0.921843687375 1.34942758508e-11
0.941883767535 1.361484119e-11
0.961923847695 1.36875292572e-11
0.981963927856 1.37565202599e-11
1.00200400802 1.38255112625e-11
1.02204408818 1.39173564311e-11
1.04208416834 1.40245377915e-11
1.0621242485 1.41317191519e-11
1.08216432866 1.42330161058e-11
1.10220440882 1.43182848356e-11
1.12224448898 1.44035535655e-11
1.14228456914 1.44888222953e-11
1.1623246493 1.45104450612e-11
1.18236472946 1.45279080336e-11
1.20240480962 1.4545371006e-11
1.22244488978 1.45578484982e-11
1.24248496994 1.45671219472e-11
1.2625250501 1.45763953962e-11
1.28256513026 1.4589138384e-11
1.30260521042 1.46108530298e-11
1.32264529058 1.46325676756e-11
1.34268537074 1.46542823214e-11
1.3627254509 1.47008867437e-11
1.38276553106 1.47488291257e-11
1.40280561122 1.47967715077e-11
1.42284569138 1.48254322821e-11
1.44288577154 1.48422300205e-11
1.4629258517 1.48590277588e-11
1.48296593186 1.48785949141e-11
1.50300601202 1.49049684347e-11
1.52304609218 1.49313419552e-11
1.54308617234 1.49577154758e-11
1.56312625251 1.49496628674e-11
1.58316633267 1.49401505055e-11
1.60320641283 1.49306381436e-11
1.62324649299 1.49218016933e-11
1.64328657315 1.49133631715e-11
1.66332665331 1.49049246497e-11
1.68336673347 1.49050249878e-11
1.70340681363 1.49250924694e-11
1.72344689379 1.4945159951e-11
1.74348697395 1.49652274326e-11
1.76352705411 1.48955850644e-11
1.78356713427 1.4823135532e-11
1.80360721443 1.47506859997e-11
1.82364729459 1.47079786737e-11
1.84368737475 1.46820180676e-11
1.86372745491 1.46560574614e-11
1.88376753507 1.46565528746e-11
1.90380761523 1.47159668912e-11
1.92384769539 1.47753809078e-11
1.94388777555 1.48347949244e-11
1.96392785571 1.47889339401e-11
1.98396793587 1.474092376e-11
2.00400801603 1.469291358e-11
2.02404809619 1.46492480016e-11
2.04408817635 1.46079207425e-11
2.06412825651 1.45665934834e-11
2.08416833667 1.45260428652e-11
2.10420841683 1.44871409637e-11
2.12424849699 1.44482390622e-11
2.14428857715 1.44093371607e-11
2.16432865731 1.43627835759e-11
2.18436873747 1.43161552681e-11
2.20440881764 1.42695269604e-11
2.2244488978 1.41996187364e-11
2.24448897796 1.41177413663e-11
2.26452905812 1.40358639962e-11
2.28456913828 1.39503425184e-11
2.30460921844 1.38574408568e-11
2.3246492986 1.37645391952e-11
2.34468937876 1.36716660521e-11
2.36472945892 1.3621688069e-11
2.38476953908 1.3571710086e-11
2.40480961924 1.35217321029e-11
2.4248496994 1.34671033354e-11
2.44488977956 1.3410191916e-11
2.46492985972 1.33532804965e-11
2.48496993988 1.32743527142e-11
2.50501002004 1.31528559824e-11
2.5250501002 1.30313592505e-11
2.54509018036 1.29108587938e-11
2.56513026052 1.28799332452e-11
2.58517034068 1.28490076966e-11
2.60521042084 1.28180821481e-11
2.625250501 1.27382125611e-11
2.64529058116 1.26354279698e-11
2.66533066132 1.25326433785e-11
2.68537074148 1.24314264207e-11
2.70541082164 1.23331051788e-11
2.7254509018 1.22347839368e-11
2.74549098196 1.21370547906e-11
2.76553106212 1.20664853129e-11
2.78557114228 1.19959158352e-11
2.80561122244 1.19253463575e-11
2.82565130261 1.17926172424e-11
2.84569138277 1.16321498929e-11
2.86573146293 1.14716825434e-11
2.88577154309 1.13436261768e-11
2.90581162325 1.12728011094e-11
2.92585170341 1.1201976042e-11
2.94589178357 1.11297906165e-11
2.96593186373 1.1016012665e-11
2.98597194389 1.09022347134e-11
3.00601202405 1.07884567619e-11
3.02605210421 1.06717310372e-11
3.04609218437 1.05537526787e-11
3.06613226453 1.04357743203e-11
3.08617234469 1.03217646254e-11
3.10621242485 1.02144577404e-11
3.12625250501 1.01071508555e-11
3.14629258517 1.00005171003e-11
3.16633266533 9.90923465374e-12
3.18637274549 9.8179522072e-12
3.20641282565 9.72666976066e-12
3.22645290581 9.60493759132e-12
3.24649298597 9.47089578403e-12
3.26653306613 9.33685397673e-12
3.28657314629 9.19566742915e-12
3.30661322645 9.0429333739e-12
3.32665330661 8.89019931866e-12
3.34669338677 8.73997095031e-12
3.36673346693 8.63510836776e-12
3.38677354709 8.53024578521e-12
3.40681362725 8.42538320266e-12
3.42685370741 8.31245893163e-12
3.44689378758 8.19643758922e-12
3.46693386774 8.0804162468e-12
3.4869739479 7.96712736191e-12
3.50701402806 7.85806653069e-12
3.52705410822 7.74900569946e-12
3.54709418838 7.63877412441e-12
3.56713426854 7.51103443296e-12
3.5871743487 7.38329474152e-12
3.60721442886 7.25555505007e-12
3.62725450902 7.13585273553e-12
3.64729458918 7.01908124021e-12
3.66733466934 6.90230974488e-12
3.6873747495 6.79065495475e-12
3.70741482966 6.68658311335e-12
3.72745490982 6.58251127196e-12
3.74749498998 6.47885663066e-12
3.76753507014 6.38049884221e-12
3.7875751503 6.28214105377e-12
3.80761523046 6.18378326532e-12
3.82765531062 6.06777769031e-12
3.84769539078 5.94567182358e-12
3.86773547094 5.82356595685e-12
3.8877755511 5.71015162707e-12
3.90781563126 5.60907859137e-12
3.92785571142 5.50800555568e-12
3.94789579158 5.40784694573e-12
3.96793587174 5.31774502203e-12
3.9879759519 5.22764309833e-12
4.00801603206 5.13754117463e-12
4.02805611222 5.03636660721e-12
4.04809619238 4.93156896147e-12
4.06813627255 4.82677131573e-12
4.08817635271 4.73061801256e-12
4.10821643287 4.64622855939e-12
4.12825651303 4.56183910622e-12
4.14829659319 4.47705186763e-12
4.16833667335 4.38841638145e-12
4.18837675351 4.29978089526e-12
4.20841683367 4.21114540907e-12
4.22845691383 4.13014244642e-12
4.24849699399 4.05149984446e-12
4.26853707415 3.9728572425e-12
4.28857715431 3.89184730796e-12
4.30861723447 3.80774886221e-12
4.32865731463 3.72365041646e-12
4.34869739479 3.64067532533e-12
4.36873747495 3.56737633852e-12
4.38877755511 3.4940773517e-12
4.40881763527 3.42077836488e-12
4.42885771543 3.35371459546e-12
4.44889779559 3.28847007803e-12
4.46893787575 3.22322556061e-12
4.48897795591 3.15730763005e-12
4.50901803607 3.09054724669e-12
4.52905811623 3.02378686334e-12
4.54909819639 2.95742526502e-12
4.56913827655 2.89415213537e-12
4.58917835671 2.83087900572e-12
4.60921843687 2.76760587607e-12
4.62925851703 2.70516928003e-12
4.64929859719 2.64296252251e-12
4.66933867735 2.58075576499e-12
4.68937875752 2.5224224247e-12
4.70941883768 2.46873656157e-12
4.72945891784 2.41505069844e-12
4.749498998 2.36071606276e-12
4.76953907816 2.3018271387e-12
4.78957915832 2.24293821465e-12
4.80961923848 2.1840492906e-12
4.82965931864 2.13150637656e-12
4.8496993988 2.08060183968e-12
4.86973947896 2.0296973028e-12
4.88977955912 1.98009394042e-12
4.90981963928 1.93198814451e-12
4.92985971944 1.8838823486e-12
4.9498997996 1.8365192844e-12
4.96993987976 1.79391414277e-12
4.98997995992 1.75130900114e-12
5.01002004008 1.70962367478e-12
5.03006012024 1.66879189196e-12
5.0501002004 1.62796010915e-12
5.07014028056 1.58962234022e-12
5.09018036072 1.55133598772e-12
5.11022044088 1.51304963522e-12
5.13026052104 1.47476328272e-12
5.1503006012 1.43647693021e-12
5.17034068136 1.40131792344e-12
5.19038076152 1.36636065411e-12
5.21042084168 1.33140338478e-12
5.23046092184 1.29644611546e-12
5.250501002 1.26148884613e-12
5.27054108216 1.23016639709e-12
5.29058116232 1.19925229816e-12
5.31062124248 1.16833819922e-12
5.33066132265 1.13742410028e-12
5.35070140281 1.10651000135e-12
5.37074148297 1.07661135425e-12
5.39078156313 1.04687993374e-12
5.41082164329 1.01714851323e-12
5.43086172345 9.8741709272e-13
5.45090180361 9.57685672211e-13
5.47094188377 9.31238813469e-13
5.49098196393 9.05521746055e-13
5.51102204409 8.79804678641e-13
5.53106212425 8.54087611228e-13
5.55110220441 8.28370543814e-13
5.57114228457 8.03871805491e-13
5.59118236473 7.7972120586e-13
5.61122244489 7.5557060623e-13
5.63126252505 7.31420006599e-13
5.65130260521 7.07269406969e-13
5.67134268537 6.85375216623e-13
5.69138276553 6.64284750021e-13
5.71142284569 6.43194283418e-13
5.73146292585 6.22103816815e-13
5.75150300601 6.01013350213e-13
5.77154308617 5.80754354763e-13
5.79158316633 5.60856889216e-13
5.81162324649 5.40959423669e-13
5.83166332665 5.21061958123e-13
5.85170340681 5.01164492576e-13
5.87174348697 4.8230088193e-13
5.89178356713 4.63978073849e-13
5.91182364729 4.45655265767e-13
5.93186372745 4.27332457685e-13
5.95190380762 4.09009649604e-13
5.97194388778 3.92628360581e-13
5.99198396794 3.77456552757e-13
6.0120240481 3.62284744933e-13
6.03206412826 3.47112937109e-13
6.05210420842 3.31941129285e-13
6.07214428858 3.17588114789e-13
6.09218436874 3.03838414221e-13
6.1122244489 2.90088713654e-13
6.13226452906 2.76339013087e-13
6.15230460922 2.6258931252e-13
6.17234468938 2.49322617787e-13
6.19238476954 2.36475122073e-13
6.2124248497 2.2362762636e-13
6.23246492986 2.10780130647e-13
6.25250501002 1.97932634934e-13
6.27254509018 1.86118805905e-13
6.29258517034 1.75359683504e-13
6.3126252505 1.64600561103e-13
6.33266533066 1.53841438702e-13
6.35270541082 1.43082316301e-13
6.37274549098 1.33047118747e-13
6.39278557114 1.23880567436e-13
6.4128256513 1.14714016125e-13
6.43286573146 1.05547464814e-13
6.45290581162 9.63809135027e-14
6.47294589178 8.83047247752e-14
6.49298597194 8.17708527991e-14
6.5130260521 7.52369808229e-14
6.53306613226 6.87031088468e-14
6.55310621242 6.21692368707e-14
6.57314629259 5.64066135463e-14
6.59318637275 5.19364725073e-14
6.61322645291 4.74663314683e-14
6.63326653307 4.29961904292e-14
6.65330661323 3.85260493902e-14
6.67334669339 3.42113961441e-14
6.69338677355 3.02077417614e-14
6.71342685371 2.62040873786e-14
6.73346693387 2.22004329959e-14
6.75350701403 1.81967786132e-14
6.77354709419 1.46201058056e-14
6.79358717435 1.20741358684e-14
6.81362725451 9.52816593112e-15
6.83366733467 6.9821959939e-15
6.85370741483 4.43622605667e-15
6.87374749499 2.42164303825e-15
6.89378757515 1.98001990311e-15
6.91382765531 1.53839676796e-15
6.93386773547 1.09677363282e-15
6.95390781563 6.55150497678e-16
6.97394789579 2.9746320441e-16
6.99398797595 2.5154043031e-16
7.01402805611 2.0561765621e-16
7.03406813627 1.5969488211e-16
7.05410821643 1.1377210801e-16
7.07414829659 7.31648561142e-17
7.09418837675 5.81965458868e-17
7.11422845691 4.32282356593e-17
7.13426853707 2.82599254319e-17
7.15430861723 1.32916152044e-17
7.17434869739 2.81440174898e-19
7.19438877756 2.24109609967e-19
7.21442885772 1.66779045036e-19
7.23446893788 1.09448480105e-19
7.25450901804 5.21179151747e-20
7.2745490982 0.0
7.29458917836 0.0
7.31462925852 0.0
7.33466933868 0.0
7.35470941884 0.0
7.374749499 0.0
7.39478957916 0.0
7.41482965932 0.0
7.43486973948 0.0
7.45490981964 0.0
7.4749498998 0.0
7.49498997996 0.0
7.51503006012 0.0
7.53507014028 0.0
7.55511022044 0.0
7.5751503006 0.0
7.59519038076 0.0
7.61523046092 0.0
7.63527054108 0.0
7.65531062124 0.0
7.6753507014 0.0
7.69539078156 0.0
7.71543086172 0.0
7.73547094188 0.0
7.75551102204 0.0
7.7755511022 0.0
7.79559118236 0.0
7.81563126253 0.0
7.83567134269 0.0
7.85571142285 0.0
7.87575150301 0.0
7.89579158317 0.0
7.91583166333 0.0
7.93587174349 0.0
7.95591182365 0.0
7.97595190381 0.0
7.99599198397 0.0
8.01603206413 0.0
8.03607214429 0.0
8.05611222445 0.0
8.07615230461 0.0
8.09619238477 0.0
8.11623246493 0.0
8.13627254509 0.0
8.15631262525 0.0
8.17635270541 0.0
8.19639278557 0.0
8.21643286573 0.0
8.23647294589 0.0
8.25651302605 0.0
8.27655310621 0.0
8.29659318637 0.0
8.31663326653 0.0
8.33667334669 0.0
8.35671342685 0.0
8.37675350701 0.0
8.39679358717 0.0
8.41683366733 0.0
8.43687374749 0.0
8.45691382766 0.0
8.47695390782 0.0
8.49699398798 0.0
8.51703406814 0.0
8.5370741483 0.0
8.55711422846 0.0
8.57715430862 0.0
8.59719438878 0.0
8.61723446894 0.0
8.6372745491 0.0
8.65731462926 0.0
8.67735470942 0.0
8.69739478958 0.0
8.71743486974 0.0
8.7374749499 0.0
8.75751503006 0.0
8.77755511022 0.0
8.79759519038 0.0
8.81763527054 0.0
8.8376753507 0.0
8.85771543086 0.0
8.87775551102 0.0
8.89779559118 0.0
8.91783567134 0.0
8.9378757515 0.0
8.95791583166 0.0
8.97795591182 0.0
8.99799599198 0.0
9.01803607214 0.0
9.0380761523 0.0
9.05811623246 0.0
9.07815631263 0.0
9.09819639279 0.0
9.11823647295 0.0
9.13827655311 0.0
9.15831663327 0.0
9.17835671343 0.0
9.19839679359 0.0
9.21843687375 0.0
9.23847695391 0.0
9.25851703407 0.0
9.27855711423 0.0
9.29859719439 0.0
9.31863727455 0.0
9.33867735471 0.0
9.35871743487 0.0
9.37875751503 0.0
9.39879759519 0.0
9.41883767535 0.0
9.43887775551 0.0
9.45891783567 0.0
9.47895791583 0.0
9.49899799599 0.0
9.51903807615 0.0
9.53907815631 0.0
9.55911823647 0.0
9.57915831663 0.0
9.59919839679 0.0
9.61923847695 0.0
9.63927855711 0.0
9.65931863727 0.0
9.67935871743 0.0
9.6993987976 0.0
9.71943887776 0.0
9.73947895792 0.0
9.75951903808 0.0
9.77955911824 0.0
9.7995991984 0.0
9.81963927856 0.0
9.83967935872 0.0
9.85971943888 0.0
9.87975951904 0.0
9.8997995992 0.0
9.91983967936 0.0
9.93987975952 0.0
9.95991983968 0.0
9.97995991984 0.0
10.0 0.0
