0.0 0.0
0.0200400801603 0.0
0.0400801603206 0.0
0.060120240481 1.22381394036e-12
0.0801603206413 1.69541143887e-12
0.100200400802 2.2709843461e-12
0.120240480962 3.1088305864e-12
0.140280561122 3.05100800441e-12
0.160320641283 2.5724851743e-12
0.180360721443 2.51619618192e-12
0.200400801603 2.5449360525e-12
0.220440881764 2.49885333934e-11
0.240480961924 2.72202549945e-11
0.260521042084 3.00937809868e-12
0.280561122244 3.18791372394e-12
0.300601202405 3.36424713707e-12
0.320641282565 3.55358366332e-12
0.340681362725 3.76622435144e-12
0.360721442886 3.94491195946e-12
0.380761523046 4.11871404543e-12
0.400801603206 4.2854232076e-12
0.420841683367 4.45387790577e-12
0.440881763527 4.62366332995e-12
0.460921843687 4.79001659082e-12
0.480961923848 4.95337660933e-12
0.501002004008 5.10997984453e-12
0.521042084168 5.26658812568e-12
0.541082164329 5.42320220651e-12
0.561122244489 5.57836397943e-12
0.581162324649 5.73395285346e-12
0.60120240481 5.89319062462e-12
0.62124248497 6.04947264987e-12
0.64128256513 6.20359451963e-12
0.661322645291 6.36117637811e-12
0.681362725451 6.5124483089e-12
0.701402805611 6.64206182164e-12
0.721442885772 6.77221683141e-12
0.741482965932 6.90296363155e-12
0.761523046092 7.02571117388e-12
0.781563126253 7.14809392218e-12
0.801603206413 7.27248053951e-12
0.821643286573 7.37165848655e-12
0.841683366733 7.45317993228e-12
0.861723446894 7.5375102816e-12
0.881763527054 7.60809107474e-12
0.901803607214 7.63739346399e-12
0.921843687375 7.66823201538e-12
0.941883767535 7.70066706702e-12
0.961923847695 7.70926617869e-12
0.981963927856 7.71618911541e-12
1.00200400802 7.72396750289e-12
1.02204408818 7.74312395152e-12
1.04208416834 7.76991560013e-12
1.0621242485 7.79878509807e-12
1.08216432866 7.82514435447e-12
1.10220440882 7.84352387915e-12
1.12224448898 7.86251629826e-12
1.14228456914 7.88211447497e-12
1.1623246493 7.87002618933e-12
1.18236472946 7.85643426702e-12
1.20240480962 7.84553967498e-12
1.22244488978 7.83216303664e-12
1.24248496994 7.81719124931e-12
1.2625250501 7.80319155673e-12
1.28256513026 7.79109800325e-12
1.30260521042 7.78347103475e-12
1.32264529058 7.7766879496e-12
1.34268537074 7.77069804208e-12
1.3627254509 7.77709963455e-12
1.38276553106 7.78452242238e-12
1.40280561122 7.79349570563e-12
1.42284569138 7.79286954384e-12
1.44288577154 7.78633731004e-12
1.4629258517 7.78174070013e-12
1.48296593186 7.77884533128e-12
1.50300601202 7.77933854555e-12
1.52304609218 7.77980723465e-12
1.54308617234 7.78025400372e-12
1.56312625251 7.76356155179e-12
1.58316633267 7.74648269768e-12
1.60320641283 7.73077464244e-12
1.62324649299 7.7154030932e-12
1.64328657315 7.70022965461e-12
1.66332665331 7.68607448405e-12
1.68336673347 7.6763229175e-12
1.70340681363 7.67651209346e-12
1.72344689379 7.67738895811e-12
1.74348697395 7.67885020851e-12
1.76352705411 7.63564896023e-12
1.78356713427 7.59108661909e-12
1.80360721443 7.54666026991e-12
1.82364729459 7.5170412273e-12
1.84368737475 7.49575962317e-12
1.86372745491 7.47588472749e-12
1.88376753507 7.46936873262e-12
1.90380761523 7.49218565999e-12
1.92384769539 7.51535129667e-12
1.94388777555 7.53879861592e-12
1.96392785571 7.50983424795e-12
1.98396793587 7.47989379883e-12
2.00400801603 7.45027864004e-12
2.02404809619 7.42282646302e-12
2.04408817635 7.39653842994e-12
2.06412825651 7.37114366793e-12
2.08416833667 7.34624050427e-12
2.10420841683 7.32215816251e-12
2.12424849699 7.29832851258e-12
2.14428857715 7.27469284268e-12
2.16432865731 7.24724774387e-12
2.18436873747 7.21985746232e-12
2.20440881764 7.19276412449e-12
2.2244488978 7.15408076359e-12
2.24448897796 7.1094385033e-12
2.26452905812 7.06532521741e-12
2.28456913828 7.01945165845e-12
2.30460921844 6.97011256322e-12
2.3246492986 6.92082775451e-12
2.34468937876 6.87168651831e-12
2.36472945892 6.844024709e-12
2.38476953908 6.8164814733e-12
2.40480961924 6.78905175379e-12
2.4248496994 6.75941529245e-12
2.44488977956 6.72874644065e-12
2.46492985972 6.69817719066e-12
2.48496993988 6.65674233763e-12
2.50501002004 6.59420560612e-12
2.5250501002 6.53175626762e-12
2.54509018036 6.46988659518e-12
2.56513026052 6.45269233699e-12
2.58517034068 6.43557475951e-12
2.60521042084 6.41853059212e-12
2.625250501 6.37718966878e-12
2.64529058116 6.32450767706e-12
2.66533066132 6.27189009712e-12
2.68537074148 6.22011463588e-12
2.70541082164 6.16983985564e-12
2.7254509018 6.11962159182e-12
2.74549098196 6.06975221169e-12
2.76553106212 6.03345620692e-12
2.78557114228 5.997209791e-12
2.80561122244 5.96101084886e-12
2.82565130261 5.89391086842e-12
2.84569138277 5.8130447793e-12
2.86573146293 5.73222034482e-12
2.88577154309 5.66757175869e-12
2.90581162325 5.631454239e-12
2.92585170341 5.59537326807e-12
2.94589178357 5.55865002589e-12
2.96593186373 5.50125323355e-12
2.98597194389 5.44388850995e-12
3.00601202405 5.38655448731e-12
3.02605210421 5.32778229249e-12
3.04609218437 5.26841460559e-12
3.06613226453 5.20907385644e-12
3.08617234469 5.15173471512e-12
3.10621242485 5.09775729019e-12
3.12625250501 5.04380350108e-12
3.14629258517 4.99020746072e-12
3.16633266533 4.94427580894e-12
3.18637274549 4.89836489579e-12
3.20641282565 4.85247383673e-12
3.22645290581 4.79144223773e-12
3.24649298597 4.7243004203e-12
3.26653306613 4.65717602332e-12
3.28657314629 4.58651125898e-12
3.30661322645 4.51011347613e-12
3.32665330661 4.43373097841e-12
3.34669338677 4.35861058264e-12
3.36673346693 4.30608977989e-12
3.38677354709 4.25358238867e-12
3.40681362725 4.20108783693e-12
3.42685370741 4.14459202502e-12
3.44689378758 4.08656608818e-12
3.46693386774 4.02855141701e-12
3.4869739479 3.9719078987e-12
3.50701402806 3.91737966327e-12
3.52705410822 3.86286131262e-12
3.54709418838 3.80776956444e-12
3.56713426854 3.74397037226e-12
3.5871743487 3.68017985321e-12
3.60721442886 3.61639763736e-12
3.62725450902 3.55662481898e-12
3.64729458918 3.49831873366e-12
3.66733466934 3.44001993377e-12
3.6873747495 3.38427548591e-12
3.70741482966 3.33231292433e-12
3.72745490982 3.28035675515e-12
3.74749498998 3.22861441089e-12
3.76753507014 3.17951499014e-12
3.7875751503 3.13042117824e-12
3.80761523046 3.08133273596e-12
3.82765531062 3.02346339523e-12
3.84769539078 2.96256191502e-12
3.86773547094 2.90166514624e-12
3.8877755511 2.84510001321e-12
3.90781563126 2.79468337343e-12
3.92785571142 2.74427086758e-12
3.94789579158 2.69431757078e-12
3.96793587174 2.64937483448e-12
3.9879759519 2.60443572537e-12
4.00801603206 2.55950008877e-12
4.02805611222 2.50905520534e-12
4.04809619238 2.4568097368e-12
4.06813627255 2.40456731511e-12
4.08817635271 2.35663143962e-12
4.10821643287 2.31455504833e-12
4.12825651303 2.27248133043e-12
4.14829659319 2.23021213242e-12
4.16833667335 2.18602951523e-12
4.18837675351 2.14184924373e-12
4.20841683367 2.09767121787e-12
4.22845691383 2.05729523198e-12
4.24849699399 2.01809642167e-12
4.26853707415 1.97889958173e-12
4.28857715431 1.93852603974e-12
4.30861723447 1.89661667283e-12
4.32865731463 1.85470903477e-12
4.34869739479 1.81336231956e-12
4.36873747495 1.77683448593e-12
4.38877755511 1.74030816925e-12
4.40881763527 1.7037833048e-12
4.42885771543 1.6703640649e-12
4.44889779559 1.63785187973e-12
4.46893787575 1.60534096879e-12
4.48897795591 1.57249601562e-12
4.50901803607 1.53923281095e-12
4.52905811623 1.50597072432e-12
4.54909819639 1.47290824517e-12
4.56913827655 1.44138440034e-12
4.58917835671 1.4098615365e-12
4.60921843687 1.37833961182e-12
4.62925851703 1.34723505868e-12
4.64929859719 1.31624579255e-12
4.66933867735 1.28525735045e-12
4.68937875752 1.25619809744e-12
4.70941883768 1.22945336948e-12
4.72945891784 1.20270936454e-12
4.749498998 1.17564305713e-12
4.76953907816 1.14631003707e-12
4.78957915832 1.11697765142e-12
4.80961923848 1.08764587311e-12
4.82965931864 1.06147406915e-12
4.8496993988 1.03611849611e-12
4.86973947896 1.01076345597e-12
4.88977955912 9.86056722252e-13
4.90981963928 9.62096047919e-13
4.92985971944 9.38135841162e-13
4.9498997996 9.14545854745e-13
4.96993987976 8.93325052482e-13
4.98997995992 8.72104660482e-13
5.01002004008 8.51342595891e-13
5.03006012024 8.31005848248e-13
5.0501002004 8.10669460579e-13
5.07014028056 7.91575074856e-13
5.09018036072 7.72506616977e-13
5.11022044088 7.53438474948e-13
5.13026052104 7.34370635297e-13
5.1503006012 7.15303085128e-13
5.17034068136 6.97792776848e-13
5.19038076152 6.80383169882e-13
5.21042084168 6.62973816914e-13
5.23046092184 6.4556470711e-13
5.250501002 6.28155830099e-13
5.27054108216 6.12556789463e-13
5.29058116232 5.97161261331e-13
5.31062124248 5.81765937457e-13
5.33066132265 5.66370809129e-13
5.35070140281 5.50975868007e-13
5.37074148297 5.36086653894e-13
5.39078156313 5.21280865955e-13
5.41082164329 5.06475242275e-13
5.43086172345 4.91669775847e-13
5.45090180361 4.76864459964e-13
5.47094188377 4.63694523755e-13
5.49098196393 4.50888055796e-13
5.51102204409 4.38081719929e-13
5.53106212425 4.2527551052e-13
5.55110220441 4.12469422175e-13
5.57114228457 4.0027000098e-13
5.59118236473 3.88244013335e-13
5.61122244489 3.76218131916e-13
5.63126252505 3.64192352191e-13
5.65130260521 3.52166669822e-13
5.67134268537 3.41264445337e-13
5.69138276553 3.30762447977e-13
5.71142284569 3.2026053604e-13
5.73146292585 3.09758705882e-13
5.75150300601 2.99256954016e-13
5.77154308617 2.89169229186e-13
5.79158316633 2.79261565586e-13
5.81162324649 2.69353970681e-13
5.83166332665 2.59446441541e-13
5.85170340681 2.49538975361e-13
5.87174348697 2.40146279303e-13
5.89178356713 2.31022882217e-13
5.91182364729 2.21899540374e-13
5.93186372745 2.12776251417e-13
5.95190380762 2.03653013091e-13
5.97194388778 1.95496418236e-13
5.99198396794 1.87942016066e-13
6.0120240481 1.8038765832e-13
6.03206412826 1.72833343104e-13
6.05210420842 1.65279068603e-13
6.07214428858 1.58132473447e-13
6.09218436874 1.51286278472e-13
6.1122244489 1.44440119222e-13
6.13226452906 1.37593994173e-13
6.15230460922 1.30747901867e-13
6.17234468938 1.24142307783e-13
6.19238476954 1.17745444043e-13
6.2124248497 1.11348609031e-13
6.23246492986 1.04951801524e-13
6.25250501002 9.85550203467e-14
6.27254509018 9.26728805201e-14
6.29258517034 8.731585581e-14
6.3126252505 8.1958854203e-14
6.33266533066 7.66018747136e-14
6.35270541082 7.12449163985e-14
6.37274549098 6.62483879708e-14
6.39278557114 6.16843388377e-14
6.4128256513 5.71203082834e-14
6.43286573146 5.25562955155e-14
6.45290581162 4.79922997753e-14
6.47294589178 4.39711628175e-14
6.49298597194 4.07178915956e-14
6.5130260521 3.74646353143e-14
6.53306613226 3.42113933364e-14
6.55310621242 3.09581650517e-14
6.57314629259 2.80889198855e-14
6.59318637275 2.58631560573e-14
6.61322645291 2.36374042439e-14
6.63326653307 2.14116639328e-14
6.65330661323 1.91859346334e-14
6.67334669339 1.70376262536e-14
6.69338677355 1.50441603102e-14
6.71342685371 1.30507040287e-14
6.73346693387 1.1057256997e-14
6.75350701403 9.06381882068e-15
6.77354709419 7.28296404058e-15
6.79358717435 6.01525796981e-15
6.81362725451 4.74755966891e-15
6.83366733467 3.47986880649e-15
6.85370741483 2.21218506527e-15
6.87374749499 1.20906178412e-15
6.89378757515 9.89050996379e-16
6.91382765531 7.69046456959e-16
6.93386773547 5.49047899353e-16
6.95390781563 3.29055068424e-16
6.97394789579 1.50855599756e-16
6.99398797595 1.27874909128e-16
7.01402805611 1.04899243222e-16
7.03406813627 8.19283877248e-17
7.05410821643 5.89621374608e-17
7.07414829659 3.86466553961e-17
7.09418837675 3.10998697935e-17
7.11422845691 2.35571249326e-17
7.13426853707 1.60182484673e-17
7.15430861723 8.4830754025e-18
7.17434869739 1.92631520947e-18
7.19438877756 1.82158781765e-18
7.21442885772 1.72010987756e-18
7.23446893788 1.62174279334e-18
7.25450901804 1.52635388055e-18
7.2745490982 1.43641125781e-18
7.29458917836 1.37514533947e-18
7.31462925852 1.31649253958e-18
7.33466933868 1.26034140321e-18
7.35470941884 1.20658522922e-18
7.374749499 1.15512186751e-18
7.39478957916 1.10585352488e-18
7.41482965932 1.05868657922e-18
7.43486973948 1.01353140158e-18
7.45490981964 9.70302185888e-19
7.4749498998 9.28916785877e-19
7.49498997996 8.89296558983e-19
7.51503006012 8.51366216913e-19
7.53507014028 8.15053682575e-19
7.55511022044 7.80289953116e-19
7.5751503006 7.47008968796e-19
7.59519038076 7.1514748746e-19
7.61523046092 6.84644964364e-19
7.63527054108 6.5544343712e-19
7.65531062124 6.27487415558e-19
7.6753507014 6.00723776279e-19
7.69539078156 5.75101661706e-19
7.71543086172 5.50572383443e-19
7.73547094188 5.27089329756e-19
7.75551102204 5.04607876997e-19
7.7755511022 4.83085304811e-19
7.79559118236 4.62480714952e-19
7.81563126253 4.42754953572e-19
7.83567134269 4.23870536813e-19
7.85571142285 4.05791579583e-19
7.87575150301 3.88483727363e-19
7.89579158317 3.71914090925e-19
7.91583166333 3.56051183837e-19
7.93587174349 3.40864862625e-19
7.95591182365 3.26326269499e-19
7.97595190381 3.12407777514e-19
7.99599198397 2.9908293807e-19
8.01603206413 2.86326430656e-19
8.03607214429 2.74114014731e-19
8.05611222445 2.62422483667e-19
8.07615230461 2.51229620643e-19
8.09619238477 2.40514156434e-19
8.11623246493 2.3025572899e-19
8.13627254509 2.20434844746e-19
8.15631262525 2.11032841577e-19
8.17635270541 2.02031853338e-19
8.19639278557 1.93414775909e-19
8.21643286573 1.85165234698e-19
8.23647294589 1.77267553525e-19
8.25651302605 1.69706724828e-19
8.27655310621 1.62468381151e-19
8.29659318637 1.5553876784e-19
8.31663326653 1.48904716904e-19
8.33667334669 1.42553621996e-19
8.35671342685 1.36473414453e-19
8.37675350701 1.30652540369e-19
8.39679358717 1.25079938632e-19
8.41683366733 1.19745019914e-19
8.43687374749 1.14637646541e-19
8.45691382766 1.09748113231e-19
8.47695390782 1.05067128655e-19
8.49699398798 1.00585797776e-19
8.51703406814 9.62956049505e-20
8.5370741483 9.21883977441e-20
8.55711422846 8.82563714409e-20
8.57715430862 8.44920542119e-20
8.59719438878 8.08882929176e-20
8.61723446894 7.74382395143e-20
8.6372745491 7.41353380419e-20
8.65731462926 7.09733121654e-20
8.67735470942 6.79461532485e-20
8.69739478958 6.50481089358e-20
8.71743486974 6.22736722217e-20
8.7374749499 5.96175709859e-20
8.75751503006 5.70747579748e-20
8.77755511022 5.46404012108e-20
8.79759519038 5.23098748101e-20
8.81763527054 5.00787501924e-20
8.8376753507 4.79427876656e-20
8.85771543086 4.58979283691e-20
8.87775551102 4.39402865614e-20
8.89779559118 4.20661422356e-20
8.91783567134 4.02719340511e-20
8.9378757515 3.85542525657e-20
8.95791583166 3.69098337571e-20
8.97795591182 3.53355528201e-20
8.99799599198 3.38284182291e-20
9.01803607214 3.23855660532e-20
9.0380761523 3.10042545142e-20
9.05811623246 2.96818587763e-20
9.07815631263 2.84158659584e-20
9.09819639279 2.7203870359e-20
9.11823647295 2.60435688848e-20
9.13827655311 2.49327566743e-20
9.15831663327 2.38693229076e-20
9.17835671343 2.2851246796e-20
9.19839679359 2.18765937413e-20
9.21843687375 2.09435116603e-20
9.23847695391 2.00502274646e-20
9.25851703407 1.91950436919e-20
9.27855711423 1.83763352803e-20
9.29859719439 1.75925464799e-20
9.31863727455 1.68421878969e-20
9.33867735471 1.61238336632e-20
9.35871743487 1.5436118727e-20
9.37875751503 1.47777362587e-20
9.39879759519 1.41474351677e-20
9.41883767535 1.35440177251e-20
9.43887775551 1.29663372876e-20
9.45891783567 1.24132961184e-20
9.47895791583 1.18838433018e-20
9.49899799599 1.13769727455e-20
9.51903807615 1.08917212694e-20
9.53907815631 1.04271667748e-20
9.55911823647 9.98242649262e-21
9.57915831663 9.55665530557e-21
9.59919839679 9.14904414243e-21
9.61923847695 8.75881844052e-21
9.63927855711 8.38523667387e-21
9.65931863727 8.02758894414e-21
9.67935871743 7.68519563161e-21
9.6993987976 7.35740610377e-21
9.71943887776 7.04359747891e-21
9.73947895792 6.74317344254e-21
9.75951903808 6.45556311421e-21
9.77955911824 6.1802199627e-21
9.7995991984 5.91662076749e-21
9.81963927856 5.66426462449e-21
9.83967935872 5.42267199421e-21
9.85971943888 5.19138379052e-21
9.87975951904 4.96996050826e-21
9.8997995992 4.75798138808e-21
9.91983967936 4.55504361688e-21
9.93987975952 4.36076156239e-21
9.95991983968 4.17476604034e-21
9.97995991984 3.99670361294e-21
10.0 3.82623591725e-21
