0.0 0.0
0.0200400801603 0.0
0.0400801603206 0.0
0.060120240481 0.0
0.0801603206413 0.0
0.100200400802 0.0
0.120240480962 0.0
0.140280561122 0.0
0.160320641283 0.0
0.180360721443 0.0
0.200400801603 0.0
0.220440881764 0.0
0.240480961924 0.0
0.260521042084 0.0
0.280561122244 0.0
0.300601202405 0.0
0.320641282565 0.0
0.340681362725 0.0
0.360721442886 0.0
0.380761523046 0.0
0.400801603206 1.73926900799e-12
0.420841683367 1.89692781787e-12
0.440881763527 2.05558428746e-12
0.460921843687 2.21424075705e-12
0.480961923848 2.37131911923e-12
0.501002004008 2.52333184769e-12
0.521042084168 2.67534457615e-12
0.541082164329 2.82735730462e-12
0.561122244489 2.97828122209e-12
0.581162324649 3.12909435021e-12
0.60120240481 3.27990747833e-12
0.62124248497 3.42850465169e-12
0.64128256513 3.57548233306e-12
0.661322645291 3.72246001442e-12
0.681362725451 3.86408653511e-12
0.701402805611 3.98947550494e-12
0.721442885772 4.11486447477e-12
0.741482965932 4.24025344459e-12
0.761523046092 4.35964528411e-12
0.781563126253 4.47850129202e-12
0.801603206413 4.59735729994e-12
0.821643286573 4.6973140944e-12
0.841683366733 4.78403361836e-12
0.861723446894 4.87075314233e-12
0.881763527054 4.94670069704e-12
0.901803607214 4.99170138477e-12
0.921843687375 5.03670207249e-12
0.941883767535 5.08170276021e-12
0.961923847695 5.10883338528e-12
0.981963927856 5.13458409099e-12
1.00200400802 5.16033479669e-12
1.02204408818 5.1946157582e-12
1.04208416834 5.23462091195e-12
1.0621242485 5.27462606569e-12
1.08216432866 5.31243488056e-12
1.10220440882 5.34426120403e-12
1.12224448898 5.3760875275e-12
1.14228456914 5.40791385097e-12
1.1623246493 5.41598449004e-12
1.18236472946 5.4225024974e-12
1.20240480962 5.42902050475e-12
1.22244488978 5.43367769509e-12
1.24248496994 5.43713898491e-12
1.2625250501 5.44060027474e-12
1.28256513026 5.44535656055e-12
1.30260521042 5.45346149355e-12
1.32264529058 5.46156642655e-12
1.34268537074 5.46967135956e-12
1.3627254509 5.48706633447e-12
1.38276553106 5.50496069928e-12
1.40280561122 5.52285506408e-12
1.42284569138 5.53355262086e-12
1.44288577154 5.5398223314e-12
1.4629258517 5.54609204194e-12
1.48296593186 5.55339542987e-12
1.50300601202 5.56323927531e-12
1.52304609218 5.57308312075e-12
1.54308617234 5.58292696619e-12
1.56312625251 5.57992135179e-12
1.58316633267 5.57637088837e-12
1.60320641283 5.57282042495e-12
1.62324649299 5.56952224372e-12
1.64328657315 5.5663725882e-12
1.66332665331 5.56322293268e-12
1.68336673347 5.56326038362e-12
1.70340681363 5.57075051701e-12
1.72344689379 5.57824065041e-12
1.74348697395 5.5857307838e-12
1.76352705411 5.55973695764e-12
1.78356713427 5.53269536507e-12
1.80360721443 5.5056537725e-12
1.82364729459 5.48971337824e-12
1.84368737475 5.480023652e-12
1.86372745491 5.47033392576e-12
1.88376753507 5.47051883738e-12
1.90380761523 5.49269495887e-12
1.92384769539 5.51487108035e-12
1.94388777555 5.53704720184e-12
1.96392785571 5.5199297131e-12
1.98396793587 5.50201004286e-12
2.00400801603 5.48409037263e-12
2.02404809619 5.46779231327e-12
2.04408817635 5.45236702524e-12
2.06412825651 5.43694173722e-12
2.08416833667 5.4218063283e-12
2.10420841683 5.40728629847e-12
2.12424849699 5.39276626865e-12
2.14428857715 5.37824623882e-12
2.16432865731 5.36087023883e-12
2.18436873747 5.3434663487e-12
2.20440881764 5.32606245858e-12
2.2244488978 5.29996940248e-12
2.24448897796 5.26940889489e-12
2.26452905812 5.23884838731e-12
2.28456913828 5.20692772631e-12
2.30460921844 5.17225243164e-12
2.3246492986 5.13757713697e-12
2.34468937876 5.10291248675e-12
2.36472945892 5.08425833934e-12
2.38476953908 5.06560419194e-12
2.40480961924 5.04695004453e-12
2.4248496994 5.02656000439e-12
2.44488977956 5.00531797054e-12
2.46492985972 4.98407593668e-12
2.48496993988 4.95461635478e-12
2.50501002004 4.90926802726e-12
2.5250501002 4.86391969973e-12
2.54509018036 4.81894322921e-12
2.56513026052 4.80740035159e-12
2.58517034068 4.79585747397e-12
2.60521042084 4.78431459636e-12
2.625250501 4.7545034884e-12
2.64529058116 4.71613941686e-12
2.66533066132 4.67777534532e-12
2.68537074148 4.63999638879e-12
2.70541082164 4.60329825037e-12
2.7254509018 4.56660011195e-12
2.74549098196 4.53012297165e-12
2.76553106212 4.5037831044e-12
2.78557114228 4.47744323715e-12
2.80561122244 4.4511033699e-12
2.82565130261 4.40156258561e-12
2.84569138277 4.34166858013e-12
2.86573146293 4.28177457465e-12
2.88577154309 4.23397788113e-12
2.90581162325 4.20754261571e-12
2.92585170341 4.18110735029e-12
2.94589178357 4.15416433487e-12
2.96593186373 4.11169702128e-12
2.98597194389 4.06922970768e-12
3.00601202405 4.02676239409e-12
3.02605210421 3.98319483209e-12
3.04609218437 3.93915972796e-12
3.06613226453 3.89512462382e-12
3.08617234469 3.85257081263e-12
3.10621242485 3.81251880718e-12
3.12625250501 3.77246680173e-12
3.14629258517 3.73266604015e-12
3.16633266533 3.69859511314e-12
3.18637274549 3.66452418612e-12
3.20641282565 3.6304532591e-12
3.22645290581 3.58501705516e-12
3.24649298597 3.53498631205e-12
3.26653306613 3.48495556894e-12
3.28657314629 3.43225807077e-12
3.30661322645 3.37525049652e-12
3.32665330661 3.31824292226e-12
3.34669338677 3.26217058889e-12
3.36673346693 3.22303091272e-12
3.38677354709 3.18389123656e-12
3.40681362725 3.1447515604e-12
3.42685370741 3.10260288075e-12
3.44689378758 3.05929822756e-12
3.46693386774 3.01599357437e-12
3.4869739479 2.97370880358e-12
3.50701402806 2.93300214242e-12
3.52705410822 2.89229548126e-12
3.54709418838 2.85115184312e-12
3.56713426854 2.80347334775e-12
3.5871743487 2.75579485238e-12
3.60721442886 2.70811635702e-12
3.62725450902 2.66343779091e-12
3.64729458918 2.61985314516e-12
3.66733466934 2.57626849942e-12
3.6873747495 2.53459365009e-12
3.70741482966 2.49574911593e-12
3.72745490982 2.45690458178e-12
3.74749498998 2.41821576642e-12
3.76753507014 2.38150398712e-12
3.7875751503 2.34479220782e-12
3.80761523046 2.30808042851e-12
3.82765531062 2.26478166046e-12
3.84769539078 2.21920597498e-12
3.86773547094 2.17363028949e-12
3.8877755511 2.13129869674e-12
3.90781563126 2.09357345872e-12
3.92785571142 2.0558482207e-12
3.94789579158 2.01846428962e-12
3.96793587174 1.98483398957e-12
3.9879759519 1.95120368952e-12
4.00801603206 1.91757338947e-12
4.02805611222 1.87981025501e-12
4.04809619238 1.84069481634e-12
4.06813627255 1.80157937766e-12
4.08817635271 1.76569041654e-12
4.10821643287 1.73419228071e-12
4.12825651303 1.70269414488e-12
4.14829659319 1.67104753672e-12
4.16833667335 1.63796458051e-12
4.18837675351 1.60488162431e-12
4.20841683367 1.57179866811e-12
4.22845691383 1.54156453073e-12
4.24849699399 1.51221139162e-12
4.26853707415 1.48285825251e-12
4.28857715431 1.45262151289e-12
4.30861723447 1.4212319948e-12
4.32865731463 1.3898424767e-12
4.34869739479 1.35887224769e-12
4.36873747495 1.33151359852e-12
4.38877755511 1.30415494935e-12
4.40881763527 1.27679630018e-12
4.42885771543 1.25176492908e-12
4.44889779559 1.2274125889e-12
4.46893787575 1.20306024871e-12
4.48897795591 1.17845655888e-12
4.50901803607 1.15353842582e-12
4.52905811623 1.12862029276e-12
4.54909819639 1.10385100514e-12
4.56913827655 1.08023448012e-12
4.58917835671 1.0566179551e-12
4.60921843687 1.03300143008e-12
4.62925851703 1.00969713898e-12
4.64929859719 9.8647863448e-13
4.66933867735 9.63260129982e-13
4.68937875752 9.41487368021e-13
4.70941883768 9.21449264378e-13
4.72945891784 9.01411160735e-13
4.749498998 8.81130904488e-13
4.76953907816 8.59150772385e-13
4.78957915832 8.37170640282e-13
4.80961923848 8.15190508179e-13
4.82965931864 7.95579007203e-13
4.8496993988 7.76579026082e-13
4.86973947896 7.57579044961e-13
4.88977955912 7.39064723714e-13
4.90981963928 7.21109365114e-13
4.92985971944 7.03154006513e-13
4.9498997996 6.85475870521e-13
4.96993987976 6.69573616296e-13
4.98997995992 6.53671362072e-13
5.01002004008 6.38112426417e-13
5.03006012024 6.22872073589e-13
5.0501002004 6.0763172076e-13
5.07014028056 5.93322251892e-13
5.09018036072 5.79031974064e-13
5.11022044088 5.64741696236e-13
5.13026052104 5.50451418408e-13
5.1503006012 5.3616114058e-13
5.17034068136 5.23038136112e-13
5.19038076152 5.09990429601e-13
5.21042084168 4.96942723091e-13
5.23046092184 4.83895016581e-13
5.250501002 4.7084731007e-13
5.27054108216 4.59156290432e-13
5.29058116232 4.47617686367e-13
5.31062124248 4.36079082303e-13
5.33066132265 4.24540478239e-13
5.35070140281 4.13001874174e-13
5.37074148297 4.01842284769e-13
5.39078156313 3.90745112238e-13
5.41082164329 3.79647939707e-13
5.43086172345 3.68550767176e-13
5.45090180361 3.57453594645e-13
5.47094188377 3.47582375937e-13
5.49098196393 3.37983549874e-13
5.51102204409 3.2838472381e-13
5.53106212425 3.18785897747e-13
5.55110220441 3.09187071684e-13
5.57114228457 3.00042983668e-13
5.59118236473 2.91028837481e-13
5.61122244489 2.82014691294e-13
5.63126252505 2.73000545107e-13
5.65130260521 2.63986398919e-13
5.67134268537 2.55814451413e-13
5.69138276553 2.47942491626e-13
5.71142284569 2.4007053184e-13
5.73146292585 2.32198572053e-13
5.75150300601 2.24326612267e-13
5.77154308617 2.16764996846e-13
5.79158316633 2.09338321486e-13
5.81162324649 2.01911646127e-13
5.83166332665 1.94484970767e-13
5.85170340681 1.87058295407e-13
5.87174348697 1.80017503602e-13
5.89178356713 1.73178564895e-13
5.91182364729 1.66339626188e-13
5.93186372745 1.59500687481e-13
5.95190380762 1.52661748774e-13
5.97194388778 1.4654747682e-13
5.99198396794 1.40884640462e-13
6.0120240481 1.35221804105e-13
6.03206412826 1.29558967747e-13
6.05210420842 1.23896131389e-13
6.07214428858 1.18538907433e-13
6.09218436874 1.13406868774e-13
6.1122244489 1.08274830115e-13
6.13226452906 1.03142791455e-13
6.15230460922 9.80107527963e-14
6.17234468938 9.30589947623e-14
6.19238476954 8.82637016321e-14
6.2124248497 8.34684085018e-14
6.23246492986 7.86731153716e-14
6.25250501002 7.38778222414e-14
6.27254509018 6.94683424137e-14
6.29258517034 6.54525289906e-14
6.3126252505 6.14367155676e-14
6.33266533066 5.74209021446e-14
6.35270541082 5.34050887216e-14
6.37274549098 4.96594782959e-14
6.39278557114 4.62380877377e-14
6.4128256513 4.28166971794e-14
6.43286573146 3.93953066211e-14
6.45290581162 3.59739160629e-14
6.47294589178 3.29595003987e-14
6.49298597194 3.05207503029e-14
6.5130260521 2.80820002072e-14
6.53306613226 2.56432501114e-14
6.55310621242 2.32045000156e-14
6.57314629259 2.10536163994e-14
6.59318637275 1.93851483108e-14
6.61322645291 1.77166802222e-14
6.63326653307 1.60482121336e-14
6.65330661323 1.43797440451e-14
6.67334669339 1.27693113559e-14
6.69338677355 1.12749581538e-14
6.71342685371 9.7806049518e-15
6.73346693387 8.28625174976e-15
6.75350701403 6.79189854771e-15
6.77354709419 5.45691506717e-15
6.79358717435 4.50663865359e-15
6.81362725451 3.55636224002e-15
6.83366733467 2.60608582644e-15
6.85370741483 1.65580941287e-15
6.87374749499 9.03871733793e-16
6.89378757515 7.39037089487e-16
6.91382765531 5.74202445182e-16
6.93386773547 4.09367800877e-16
6.95390781563 2.44533156571e-16
6.97394789579 1.11027338903e-16
6.99398797595 9.38867873059e-17
7.01402805611 7.67462357091e-17
7.03406813627 5.96056841122e-17
7.05410821643 4.24651325154e-17
7.07414829659 2.73085852474e-17
7.09418837675 2.17217038187e-17
7.11422845691 1.613482239e-17
7.13426853707 1.05479409614e-17
7.15430861723 4.96105953271e-18
7.17434869739 1.05046786345e-19
7.19438877756 8.36483075833e-20
7.21442885772 6.22498288213e-20
7.23446893788 4.08513500592e-20
7.25450901804 1.94528712971e-20
7.2745490982 0.0
7.29458917836 0.0
7.31462925852 0.0
7.33466933868 0.0
7.35470941884 0.0
7.374749499 0.0
7.39478957916 0.0
7.41482965932 0.0
7.43486973948 0.0
7.45490981964 0.0
7.4749498998 0.0
7.49498997996 0.0
7.51503006012 0.0
7.53507014028 0.0
7.55511022044 0.0
7.5751503006 0.0
7.59519038076 0.0
7.61523046092 0.0
7.63527054108 0.0
7.65531062124 0.0
7.6753507014 0.0
7.69539078156 0.0
7.71543086172 0.0
7.73547094188 0.0
7.75551102204 0.0
7.7755511022 0.0
7.79559118236 0.0
7.81563126253 0.0
7.83567134269 0.0
7.85571142285 0.0
7.87575150301 0.0
7.89579158317 0.0
7.91583166333 0.0
7.93587174349 0.0
7.95591182365 0.0
7.97595190381 0.0
7.99599198397 0.0
8.01603206413 0.0
8.03607214429 0.0
8.05611222445 0.0
8.07615230461 0.0
8.09619238477 0.0
8.11623246493 0.0
8.13627254509 0.0
8.15631262525 0.0
8.17635270541 0.0
8.19639278557 0.0
8.21643286573 0.0
8.23647294589 0.0
8.25651302605 0.0
8.27655310621 0.0
8.29659318637 0.0
8.31663326653 0.0
8.33667334669 0.0
8.35671342685 0.0
8.37675350701 0.0
8.39679358717 0.0
8.41683366733 0.0
8.43687374749 0.0
8.45691382766 0.0
8.47695390782 0.0
8.49699398798 0.0
8.51703406814 0.0
8.5370741483 0.0
8.55711422846 0.0
8.57715430862 0.0
8.59719438878 0.0
8.61723446894 0.0
8.6372745491 0.0
8.65731462926 0.0
8.67735470942 0.0
8.69739478958 0.0
8.71743486974 0.0
8.7374749499 0.0
8.75751503006 0.0
8.77755511022 0.0
8.79759519038 0.0
8.81763527054 0.0
8.8376753507 0.0
8.85771543086 0.0
8.87775551102 0.0
8.89779559118 0.0
8.91783567134 0.0
8.9378757515 0.0
8.95791583166 0.0
8.97795591182 0.0
8.99799599198 0.0
9.01803607214 0.0
9.0380761523 0.0
9.05811623246 0.0
9.07815631263 0.0
9.09819639279 0.0
9.11823647295 0.0
9.13827655311 0.0
9.15831663327 0.0
9.17835671343 0.0
9.19839679359 0.0
9.21843687375 0.0
9.23847695391 0.0
9.25851703407 0.0
9.27855711423 0.0
9.29859719439 0.0
9.31863727455 0.0
9.33867735471 0.0
9.35871743487 0.0
9.37875751503 0.0
9.39879759519 0.0
9.41883767535 0.0
9.43887775551 0.0
9.45891783567 0.0
9.47895791583 0.0
9.49899799599 0.0
9.51903807615 0.0
9.53907815631 0.0
9.55911823647 0.0
9.57915831663 0.0
9.59919839679 0.0
9.61923847695 0.0
9.63927855711 0.0
9.65931863727 0.0
9.67935871743 0.0
9.6993987976 0.0
9.71943887776 0.0
9.73947895792 0.0
9.75951903808 0.0
9.77955911824 0.0
9.7995991984 0.0
9.81963927856 0.0
9.83967935872 0.0
9.85971943888 0.0
9.87975951904 0.0
9.8997995992 0.0
9.91983967936 0.0
9.93987975952 0.0
9.95991983968 0.0
9.97995991984 0.0
10.0 0.0
