0.0 0.0
0.0200400801603 0.0
0.0400801603206 0.0
0.060120240481 0.0
0.0801603206413 0.0
0.100200400802 0.0
0.120240480962 0.0
0.140280561122 0.0
0.160320641283 0.0
0.180360721443 1.12423951702e-12
0.200400801603 1.11387086401e-12
0.220440881764 5.56143905355e-11
0.240480961924 6.09614724595e-11
0.260521042084 2.08546026551e-12
0.280561122244 2.54540398238e-12
0.300601202405 2.99999212026e-12
0.320641282565 3.51169123535e-12
0.340681362725 4.11087964982e-12
0.360721442886 4.62749727127e-12
0.380761523046 5.13466524684e-12
0.400801603206 5.6418332224e-12
0.420841683367 6.15324618226e-12
0.440881763527 6.66789534634e-12
0.460921843687 7.18254451043e-12
0.480961923848 7.69207461659e-12
0.501002004008 8.18517284218e-12
0.521042084168 8.67827106777e-12
0.541082164329 9.17136929336e-12
0.561122244489 9.66093563861e-12
0.581162324649 1.01501426058e-11
0.60120240481 1.06393495731e-11
0.62124248497 1.11213684359e-11
0.64128256513 1.15981339977e-11
0.661322645291 1.20748995595e-11
0.681362725451 1.25343070496e-11
0.701402805611 1.29410432431e-11
0.721442885772 1.33477794365e-11
0.741482965932 1.375451563e-11
0.761523046092 1.41417983582e-11
0.781563126253 1.45273429583e-11
0.801603206413 1.49128875584e-11
0.821643286573 1.52371269724e-11
0.841683366733 1.5518427386e-11
0.861723446894 1.57997277996e-11
0.881763527054 1.60460861463e-11
0.901803607214 1.61920591809e-11
0.921843687375 1.63380322155e-11
0.941883767535 1.648400525e-11
0.961923847695 1.65720114533e-11
0.981963927856 1.66555414802e-11
1.00200400802 1.6739071507e-11
1.02204408818 1.68502719405e-11
1.04208416834 1.69800404837e-11
1.0621242485 1.71098090269e-11
1.08216432866 1.72324530957e-11
1.10220440882 1.73356911849e-11
1.12224448898 1.74389292742e-11
1.14228456914 1.75421673635e-11
1.1623246493 1.75683468673e-11
1.18236472946 1.75894899511e-11
1.20240480962 1.7610633035e-11
1.22244488978 1.76257400087e-11
1.24248496994 1.76369677255e-11
1.2625250501 1.76481954424e-11
1.28256513026 1.76636238615e-11
1.30260521042 1.76899146078e-11
1.32264529058 1.77162053542e-11
1.34268537074 1.77424961005e-11
1.3627254509 1.77989218442e-11
1.38276553106 1.78569675068e-11
1.40280561122 1.79150131693e-11
1.42284569138 1.79497138573e-11
1.44288577154 1.7970051517e-11
1.4629258517 1.79903891767e-11
1.48296593186 1.80140798746e-11
1.50300601202 1.80460112975e-11
1.52304609218 1.80779427204e-11
1.54308617234 1.81098741433e-11
1.56312625251 1.81001245444e-11
1.58316633267 1.80886075667e-11
1.60320641283 1.80770905889e-11
1.62324649299 1.8066391963e-11
1.64328657315 1.80561751242e-11
1.66332665331 1.80459582853e-11
1.68336673347 1.80460797686e-11
1.70340681363 1.80703762306e-11
1.72344689379 1.80946726926e-11
1.74348697395 1.81189691547e-11
1.76352705411 1.80346504947e-11
1.78356713427 1.79469330947e-11
1.80360721443 1.78592156947e-11
1.82364729459 1.78075083133e-11
1.84368737475 1.77760768215e-11
1.86372745491 1.77446453298e-11
1.88376753507 1.77452451453e-11
1.90380761523 1.78171799515e-11
1.92384769539 1.78891147577e-11
1.94388777555 1.79610495638e-11
1.96392785571 1.79055239285e-11
1.98396793587 1.78473961803e-11
2.00400801603 1.77892684322e-11
2.02404809619 1.77364008583e-11
2.04408817635 1.76863643763e-11
2.06412825651 1.76363278943e-11
2.08416833667 1.75872317209e-11
2.10420841683 1.75401317114e-11
2.12424849699 1.7493031702e-11
2.14428857715 1.74459316926e-11
2.16432865731 1.73895674996e-11
2.18436873747 1.73331128367e-11
2.20440881764 1.72766581738e-11
2.2244488978 1.71920176323e-11
2.24448897796 1.7092885591e-11
2.26452905812 1.69937535498e-11
2.28456913828 1.68902094489e-11
2.30460921844 1.67777298793e-11
2.3246492986 1.66652503097e-11
2.34468937876 1.65528052685e-11
2.36472945892 1.64922950265e-11
2.38476953908 1.64317847845e-11
2.40480961924 1.63712745425e-11
2.4248496994 1.63051334192e-11
2.44488977956 1.62362286024e-11
2.46492985972 1.61673237857e-11
2.48496993988 1.60717629224e-11
2.50501002004 1.59246622153e-11
2.5250501002 1.57775615083e-11
2.54509018036 1.56316670294e-11
2.56513026052 1.55942242933e-11
2.58517034068 1.55567815572e-11
2.60521042084 1.55193388211e-11
2.625250501 1.54226376792e-11
2.64529058116 1.52981924713e-11
2.66533066132 1.51737472633e-11
2.68537074148 1.50512000489e-11
2.70541082164 1.49321587875e-11
2.7254509018 1.48131175262e-11
2.74549098196 1.46947931376e-11
2.76553106212 1.46093519911e-11
2.78557114228 1.45239108446e-11
2.80561122244 1.44384696981e-11
2.82565130261 1.4277769518e-11
2.84569138277 1.40834856043e-11
2.86573146293 1.38892016905e-11
2.88577154309 1.37341589846e-11
2.90581162325 1.36484083859e-11
2.92585170341 1.35626577872e-11
2.94589178357 1.34752601513e-11
2.96593186373 1.33375048647e-11
2.98597194389 1.31997495781e-11
3.00601202405 1.30619942915e-11
3.02605210421 1.29206700239e-11
3.04609218437 1.27778291451e-11
3.06613226453 1.26349882664e-11
3.08617234469 1.24969523992e-11
3.10621242485 1.23670318786e-11
3.12625250501 1.22371113581e-11
3.14629258517 1.21080058212e-11
3.16633266533 1.19974866968e-11
3.18637274549 1.18869675723e-11
3.20641282565 1.17764484479e-11
3.22645290581 1.16290626877e-11
3.24649298597 1.14667731814e-11
3.26653306613 1.13044836751e-11
3.28657314629 1.11335437604e-11
3.30661322645 1.09486228397e-11
3.32665330661 1.07637019189e-11
3.34669338677 1.05818147285e-11
3.36673346693 1.04548536176e-11
3.38677354709 1.03278925068e-11
3.40681362725 1.0200931396e-11
3.42685370741 1.00642096927e-11
3.44689378758 9.9237382476e-12
3.46693386774 9.78326680245e-12
3.4869739479 9.64610364738e-12
3.50701402806 9.51405955745e-12
3.52705410822 9.38201546752e-12
3.54709418838 9.24855391358e-12
3.56713426854 9.09389461825e-12
3.5871743487 8.93923532293e-12
3.60721442886 8.7845760276e-12
3.62725450902 8.63964788971e-12
3.64729458918 8.49826820594e-12
3.66733466934 8.35688852217e-12
3.6873747495 8.22170382769e-12
3.70741482966 8.0957000972e-12
3.72745490982 7.96969636672e-12
3.74749498998 7.84419775622e-12
3.76753507014 7.72511224663e-12
3.7875751503 7.60602673704e-12
3.80761523046 7.48694122745e-12
3.82765531062 7.34648887249e-12
3.84769539078 7.19865066269e-12
3.86773547094 7.0508124529e-12
3.8877755511 6.91349741694e-12
3.90781563126 6.79112445439e-12
3.92785571142 6.66875149184e-12
3.94789579158 6.54748565927e-12
3.96793587174 6.43839583864e-12
3.9879759519 6.32930601801e-12
4.00801603206 6.22021619738e-12
4.02805611222 6.09772030652e-12
4.04809619238 5.97083781715e-12
4.06813627255 5.84395532778e-12
4.08817635271 5.72753887223e-12
4.10821643287 5.6253653566e-12
4.12825651303 5.52319184097e-12
4.14829659319 5.42053671143e-12
4.16833667335 5.31322236239e-12
4.18837675351 5.20590801334e-12
4.20841683367 5.0985936643e-12
4.22845691383 5.00052030134e-12
4.24849699399 4.90530471671e-12
4.26853707415 4.81008913208e-12
4.28857715431 4.71200732799e-12
4.30861723447 4.6101861461e-12
4.32865731463 4.50836496421e-12
4.34869739479 4.40790387041e-12
4.36873747495 4.31915800356e-12
4.38877755511 4.2304121367e-12
4.40881763527 4.14166626984e-12
4.42885771543 4.06046961746e-12
4.44889779559 3.98147560257e-12
4.46893787575 3.90248158768e-12
4.48897795591 3.82267224593e-12
4.50901803607 3.74184291458e-12
4.52905811623 3.66101358324e-12
4.54909819639 3.58066707608e-12
4.56913827655 3.50405989523e-12
4.58917835671 3.42745271438e-12
4.60921843687 3.35084553352e-12
4.62925851703 3.27525117568e-12
4.64929859719 3.19993509206e-12
4.66933867735 3.12461900843e-12
4.68937875752 3.05399261814e-12
4.70941883768 2.98899310494e-12
4.72945891784 2.92399359174e-12
4.749498998 2.85820858498e-12
4.76953907816 2.78690952833e-12
4.78957915832 2.71561047168e-12
4.80961923848 2.64431141503e-12
4.82965931864 2.58069571369e-12
4.8496993988 2.5190636578e-12
4.86973947896 2.45743160191e-12
4.88977955912 2.3973749274e-12
4.90981963928 2.33913141348e-12
4.92985971944 2.28088789956e-12
4.9498997996 2.22354363913e-12
4.96993987976 2.17195997624e-12
4.98997995992 2.12037631334e-12
5.01002004008 2.06990630572e-12
5.03006012024 2.02046971569e-12
5.0501002004 1.97103312565e-12
5.07014028056 1.92461613295e-12
5.09018036072 1.87826139206e-12
5.11022044088 1.83190665116e-12
5.13026052104 1.78555191027e-12
5.1503006012 1.73919716938e-12
5.17034068136 1.69662882472e-12
5.19038076152 1.65430473125e-12
5.21042084168 1.61198063778e-12
5.23046092184 1.5696565443e-12
5.250501002 1.52733245083e-12
5.27054108216 1.48940917232e-12
5.29058116232 1.45198029878e-12
5.31062124248 1.41455142524e-12
5.33066132265 1.3771225517e-12
5.35070140281 1.33969367816e-12
5.37074148297 1.30349425072e-12
5.39078156313 1.26749729087e-12
5.41082164329 1.23150033101e-12
5.43086172345 1.19550337115e-12
5.45090180361 1.1595064113e-12
5.47094188377 1.1274861951e-12
5.49098196393 1.09634956498e-12
5.51102204409 1.06521293487e-12
5.53106212425 1.03407630475e-12
5.55110220441 1.00293967463e-12
5.57114228457 9.73278121804e-13
5.59118236473 9.44038073716e-13
5.61122244489 9.14798025628e-13
5.63126252505 8.85557977541e-13
5.65130260521 8.56317929453e-13
5.67134268537 8.29809801774e-13
5.69138276553 8.04274772951e-13
5.71142284569 7.78739744128e-13
5.73146292585 7.53204715306e-13
5.75150300601 7.27669686483e-13
5.77154308617 7.0314135136e-13
5.79158316633 6.7905073422e-13
5.81162324649 6.54960117079e-13
5.83166332665 6.30869499939e-13
5.85170340681 6.06778882799e-13
5.87174348697 5.83939993047e-13
5.89178356713 5.61755873497e-13
5.91182364729 5.39571753948e-13
5.93186372745 5.17387634398e-13
5.95190380762 4.95203514848e-13
5.97194388778 4.75370066151e-13
5.99198396794 4.57000982272e-13
6.0120240481 4.38631898392e-13
6.03206412826 4.20262814513e-13
6.05210420842 4.01893730634e-13
6.07214428858 3.8451599093e-13
6.09218436874 3.6786870631e-13
6.1122244489 3.51221421691e-13
6.13226452906 3.34574137072e-13
6.15230460922 3.17926852452e-13
6.17234468938 3.01864361339e-13
6.19238476954 2.86309410397e-13
6.2124248497 2.70754459456e-13
6.23246492986 2.55199508514e-13
6.25250501002 2.39644557573e-13
6.27254509018 2.25341106139e-13
6.29258517034 2.12314628072e-13
6.3126252505 1.99288150006e-13
6.33266533066 1.86261671939e-13
6.35270541082 1.73235193872e-13
6.37274549098 1.61085199109e-13
6.39278557114 1.49986907339e-13
6.4128256513 1.38888615568e-13
6.43286573146 1.27790323797e-13
6.45290581162 1.16692032027e-13
6.47294589178 1.06913883642e-13
6.49298597194 9.90030767182e-14
6.5130260521 9.1092269794e-14
6.53306613226 8.31814628698e-14
6.55310621242 7.52706559456e-14
6.57314629259 6.82936290521e-14
6.59318637275 6.28814595433e-14
6.61322645291 5.74692900346e-14
6.63326653307 5.20571205258e-14
6.65330661323 4.6644951017e-14
6.67334669339 4.14210364836e-14
6.69338677355 3.65736600844e-14
6.71342685371 3.17262836851e-14
6.73346693387 2.68789072859e-14
6.75350701403 2.20315308866e-14
6.77354709419 1.77011172949e-14
6.79358717435 1.46186148091e-14
6.81362725451 1.15361123233e-14
6.83366733467 8.45360983752e-15
6.85370741483 5.37110735174e-15
6.87374749499 2.93197518789e-15
6.89378757515 2.39728528761e-15
6.91382765531 1.86259538733e-15
6.93386773547 1.32790548705e-15
6.95390781563 7.93215586768e-16
6.97394789579 3.60149997694e-16
6.99398797595 3.04549551181e-16
7.01402805611 2.48949104669e-16
7.03406813627 1.93348658157e-16
7.05410821643 1.37748211644e-16
7.07414829659 8.85834697206e-17
7.09418837675 7.04607681091e-17
7.11422845691 5.23380664977e-17
7.13426853707 3.42153648863e-17
7.15430861723 1.60926632748e-17
7.17434869739 3.40750307392e-19
7.19438877756 2.71338015312e-19
7.21442885772 2.01925723231e-19
7.23446893788 1.32513431151e-19
7.25450901804 6.31011390711e-20
7.2745490982 0.0
7.29458917836 0.0
7.31462925852 0.0
7.33466933868 0.0
7.35470941884 0.0
7.374749499 0.0
7.39478957916 0.0
7.41482965932 0.0
7.43486973948 0.0
7.45490981964 0.0
7.4749498998 0.0
7.49498997996 0.0
7.51503006012 0.0
7.53507014028 0.0
7.55511022044 0.0
7.5751503006 0.0
7.59519038076 0.0
7.61523046092 0.0
7.63527054108 0.0
7.65531062124 0.0
7.6753507014 0.0
7.69539078156 0.0
7.71543086172 0.0
7.73547094188 0.0
7.75551102204 0.0
7.7755511022 0.0
7.79559118236 0.0
7.81563126253 0.0
7.83567134269 0.0
7.85571142285 0.0
7.87575150301 0.0
7.89579158317 0.0
7.91583166333 0.0
7.93587174349 0.0
7.95591182365 0.0
7.97595190381 0.0
7.99599198397 0.0
8.01603206413 0.0
8.03607214429 0.0
8.05611222445 0.0
8.07615230461 0.0
8.09619238477 0.0
8.11623246493 0.0
8.13627254509 0.0
8.15631262525 0.0
8.17635270541 0.0
8.19639278557 0.0
8.21643286573 0.0
8.23647294589 0.0
8.25651302605 0.0
8.27655310621 0.0
8.29659318637 0.0
8.31663326653 0.0
8.33667334669 0.0
8.35671342685 0.0
8.37675350701 0.0
8.39679358717 0.0
8.41683366733 0.0
8.43687374749 0.0
8.45691382766 0.0
8.47695390782 0.0
8.49699398798 0.0
8.51703406814 0.0
8.5370741483 0.0
8.55711422846 0.0
8.57715430862 0.0
8.59719438878 0.0
8.61723446894 0.0
8.6372745491 0.0
8.65731462926 0.0
8.67735470942 0.0
8.69739478958 0.0
8.71743486974 0.0
8.7374749499 0.0
8.75751503006 0.0
8.77755511022 0.0
8.79759519038 0.0
8.81763527054 0.0
8.8376753507 0.0
8.85771543086 0.0
8.87775551102 0.0
8.89779559118 0.0
8.91783567134 0.0
8.9378757515 0.0
8.95791583166 0.0
8.97795591182 0.0
8.99799599198 0.0
9.01803607214 0.0
9.0380761523 0.0
9.05811623246 0.0
9.07815631263 0.0
9.09819639279 0.0
9.11823647295 0.0
9.13827655311 0.0
9.15831663327 0.0
9.17835671343 0.0
9.19839679359 0.0
9.21843687375 0.0
9.23847695391 0.0
9.25851703407 0.0
9.27855711423 0.0
9.29859719439 0.0
9.31863727455 0.0
9.33867735471 0.0
9.35871743487 0.0
9.37875751503 0.0
9.39879759519 0.0
9.41883767535 0.0
9.43887775551 0.0
9.45891783567 0.0
9.47895791583 0.0
9.49899799599 0.0
9.51903807615 0.0
9.53907815631 0.0
9.55911823647 0.0
9.57915831663 0.0
9.59919839679 0.0
9.61923847695 0.0
9.63927855711 0.0
9.65931863727 0.0
9.67935871743 0.0
9.6993987976 0.0
9.71943887776 0.0
9.73947895792 0.0
9.75951903808 0.0
9.77955911824 0.0
9.7995991984 0.0
9.81963927856 0.0
9.83967935872 0.0
9.85971943888 0.0
9.87975951904 0.0
9.8997995992 0.0
9.91983967936 0.0
9.93987975952 0.0
9.95991983968 0.0
9.97995991984 0.0
10.0 0.0
