0.0 0.0
0.0200400801603 0.0
0.0400801603206 0.0
0.060120240481 0.0
0.0801603206413 0.0
0.100200400802 0.0
0.120240480962 0.0
0.140280561122 0.0
0.160320641283 0.0
0.180360721443 0.0
0.200400801603 0.0
0.220440881764 0.0
0.240480961924 0.0
0.260521042084 0.0
0.280561122244 0.0
0.300601202405 3.83586043542e-12
0.320641282565 4.49013095071e-12
0.340681362725 5.25626734051e-12
0.360721442886 5.91682677365e-12
0.380761523046 6.56530366745e-12
0.400801603206 7.21378056126e-12
0.420841683367 7.86768519174e-12
0.440881763527 8.52572770903e-12
0.460921843687 9.18377022631e-12
0.480961923848 9.8352673958e-12
0.501002004008 1.04657543766e-11
0.521042084168 1.10962413574e-11
0.541082164329 1.17267283382e-11
0.561122244489 1.23526993738e-11
0.581162324649 1.29782109002e-11
0.60120240481 1.36037224266e-11
0.62124248497 1.42200430738e-11
0.64128256513 1.48296467268e-11
0.661322645291 1.54392503797e-11
0.681362725451 1.60266595943e-11
0.701402805611 1.6546722051e-11
0.721442885772 1.70667845077e-11
0.741482965932 1.75868469644e-11
0.761523046092 1.80820357633e-11
0.781563126253 1.85750021506e-11
0.801603206413 1.9067968538e-11
0.821643286573 1.94825486734e-11
0.841683366733 1.98422259938e-11
0.861723446894 2.02019033142e-11
0.881763527054 2.05169028866e-11
0.901803607214 2.07035474395e-11
0.921843687375 2.08901919924e-11
0.941883767535 2.10768365453e-11
0.961923847695 2.11893633452e-11
0.981963927856 2.12961668008e-11
1.00200400802 2.14029702564e-11
1.02204408818 2.15451537442e-11
1.04208416834 2.17110788536e-11
1.0621242485 2.1877003963e-11
1.08216432866 2.20338195519e-11
1.10220440882 2.21658221993e-11
1.12224448898 2.22978248467e-11
1.14228456914 2.24298274941e-11
1.1623246493 2.2463301223e-11
1.18236472946 2.24903352669e-11
1.20240480962 2.25173693108e-11
1.22244488978 2.25366854425e-11
1.24248496994 2.25510414651e-11
1.2625250501 2.25653974878e-11
1.28256513026 2.25851246272e-11
1.30260521042 2.26187405933e-11
1.32264529058 2.26523565595e-11
1.34268537074 2.26859725257e-11
1.3627254509 2.27581198078e-11
1.38276553106 2.28323383562e-11
1.40280561122 2.29065569046e-11
1.42284569138 2.29509260198e-11
1.44288577154 2.29769302296e-11
1.4629258517 2.30029344393e-11
1.48296593186 2.30332259224e-11
1.50300601202 2.30740541903e-11
1.52304609218 2.31148824581e-11
1.54308617234 2.31557107259e-11
1.56312625251 2.31432446597e-11
1.58316633267 2.31285187812e-11
1.60320641283 2.31137929027e-11
1.62324649299 2.31001133882e-11
1.64328657315 2.30870498979e-11
1.66332665331 2.30739864077e-11
1.68336673347 2.30741417389e-11
1.70340681363 2.31052077664e-11
1.72344689379 2.31362737938e-11
1.74348697395 2.31673398212e-11
1.76352705411 2.30595280008e-11
1.78356713427 2.29473704715e-11
1.80360721443 2.28352129421e-11
1.82364729459 2.27690986689e-11
1.84368737475 2.27289096249e-11
1.86372745491 2.26887205808e-11
1.88376753507 2.2689487519e-11
1.90380761523 2.27814650529e-11
1.92384769539 2.28734425868e-11
1.94388777555 2.29654201207e-11
1.96392785571 2.28944237383e-11
1.98396793587 2.28201002333e-11
2.00400801603 2.27457767283e-11
2.02404809619 2.26781790058e-11
2.04408817635 2.26142011838e-11
2.06412825651 2.25502233619e-11
2.08416833667 2.24874478406e-11
2.10420841683 2.24272246615e-11
2.12424849699 2.23670014825e-11
2.14428857715 2.23067783034e-11
2.16432865731 2.22347097215e-11
2.18436873747 2.21625254626e-11
2.20440881764 2.20903412038e-11
2.2244488978 2.1982117818e-11
2.24448897796 2.18553652601e-11
2.26452905812 2.17286127023e-11
2.28456913828 2.15962187812e-11
2.30460921844 2.14523997598e-11
2.3246492986 2.13085807384e-11
2.34468937876 2.11648058659e-11
2.36472945892 2.10874360483e-11
2.38476953908 2.10100662306e-11
2.40480961924 2.0932696413e-11
2.4248496994 2.08481268182e-11
2.44488977956 2.07600235e-11
2.46492985972 2.06719201818e-11
2.48496993988 2.0549733816e-11
2.50501002004 2.03616473946e-11
2.5250501002 2.01735609732e-11
2.54509018036 1.99870168634e-11
2.56513026052 1.9939141701e-11
2.58517034068 1.98912665386e-11
2.60521042084 1.98433913762e-11
2.625250501 1.97197470233e-11
2.64529058116 1.95606284555e-11
2.66533066132 1.94015098878e-11
2.68537074148 1.92448181391e-11
2.70541082164 1.90926091844e-11
2.7254509018 1.89404002298e-11
2.74549098196 1.87891078855e-11
2.76553106212 1.86798608274e-11
2.78557114228 1.85706137693e-11
2.80561122244 1.84613667112e-11
2.82565130261 1.8255891684e-11
2.84569138277 1.80074757055e-11
2.86573146293 1.7759059727e-11
2.88577154309 1.75608184791e-11
2.90581162325 1.74511757482e-11
2.92585170341 1.73415330173e-11
2.94589178357 1.72297843459e-11
2.96593186373 1.70536471987e-11
2.98597194389 1.68775100515e-11
3.00601202405 1.67013729042e-11
3.02605210421 1.65206723741e-11
3.04609218437 1.63380326693e-11
3.06613226453 1.61553929644e-11
3.08617234469 1.59788970604e-11
3.10621242485 1.58127776292e-11
3.12625250501 1.56466581979e-11
3.14629258517 1.54815808241e-11
3.16633266533 1.5340268474e-11
3.18637274549 1.51989561239e-11
3.20641282565 1.50576437738e-11
3.22645290581 1.48691928767e-11
3.24649298597 1.46616856996e-11
3.26653306613 1.44541785224e-11
3.28657314629 1.42356107298e-11
3.30661322645 1.39991664942e-11
3.32665330661 1.37627222587e-11
3.34669338677 1.3530157022e-11
3.36673346693 1.33678215616e-11
3.38677354709 1.32054861013e-11
3.40681362725 1.3043150641e-11
3.42685370741 1.28683350578e-11
3.44689378758 1.26887249664e-11
3.46693386774 1.25091148751e-11
3.4869739479 1.23337348412e-11
3.50701402806 1.21649001643e-11
3.52705410822 1.19960654874e-11
3.54709418838 1.18254184077e-11
3.56713426854 1.16276673977e-11
3.5871743487 1.14299163876e-11
3.60721442886 1.12321653776e-11
3.62725450902 1.10468568542e-11
3.64729458918 1.08660854676e-11
3.66733466934 1.0685314081e-11
3.6873747495 1.05124637533e-11
3.70741482966 1.03513524219e-11
3.72745490982 1.01902410906e-11
3.74749498998 1.00297756176e-11
3.76753507014 9.87751008608e-12
3.7875751503 9.72524455459e-12
3.80761523046 9.57297902309e-12
3.82765531062 9.39339334091e-12
3.84769539078 9.20436393114e-12
3.86773547094 9.01533452137e-12
3.8877755511 8.839760289e-12
3.90781563126 8.68329134289e-12
3.92785571142 8.52682239677e-12
3.94789579158 8.37176905308e-12
3.96793587174 8.23228424442e-12
3.9879759519 8.09279943577e-12
4.00801603206 7.95331462711e-12
4.02805611222 7.79668850197e-12
4.04809619238 7.63445356887e-12
4.06813627255 7.47221863578e-12
4.08817635271 7.32336581951e-12
4.10821643287 7.19272436099e-12
4.12825651303 7.06208290247e-12
4.14829659319 6.93082564107e-12
4.16833667335 6.79361099212e-12
4.18837675351 6.65639634316e-12
4.20841683367 6.51918169421e-12
4.22845691383 6.39378278725e-12
4.24849699399 6.27203790284e-12
4.26853707415 6.15029301843e-12
4.28857715431 6.02488331846e-12
4.30861723447 5.89469236213e-12
4.32865731463 5.7645014058e-12
4.34869739479 5.63604949008e-12
4.36873747495 5.52257693888e-12
4.38877755511 5.40910438767e-12
4.40881763527 5.29563183647e-12
4.42885771543 5.19181188833e-12
4.44889779559 5.09080828425e-12
4.46893787575 4.98980468016e-12
4.48897795591 4.88775858e-12
4.50901803607 4.78440829716e-12
4.52905811623 4.68105801433e-12
4.54909819639 4.57832508186e-12
4.56913827655 4.48037333988e-12
4.58917835671 4.3824215979e-12
4.60921843687 4.28446985591e-12
4.62925851703 4.18781313324e-12
4.64929859719 4.09151221853e-12
4.66933867735 3.99521130381e-12
4.68937875752 3.90490674122e-12
4.70941883768 3.82179683592e-12
4.72945891784 3.73868693062e-12
4.749498998 3.65457267479e-12
4.76953907816 3.56340802518e-12
4.78957915832 3.47224337556e-12
4.80961923848 3.38107872595e-12
4.82965931864 3.29973819503e-12
4.8496993988 3.22093399979e-12
4.86973947896 3.14212980456e-12
4.88977955912 3.06533992898e-12
4.90981963928 2.99086840316e-12
4.92985971944 2.91639687734e-12
4.9498997996 2.84307515816e-12
4.96993987976 2.77711907438e-12
4.98997995992 2.7111629906e-12
5.01002004008 2.64663085263e-12
5.03006012024 2.58342006668e-12
5.0501002004 2.52020928073e-12
5.07014028056 2.46085942289e-12
5.09018036072 2.40158916169e-12
5.11022044088 2.34231890048e-12
5.13026052104 2.28304863927e-12
5.1503006012 2.22377837807e-12
5.17034068136 2.16934949208e-12
5.19038076152 2.1152329114e-12
5.21042084168 2.06111633072e-12
5.23046092184 2.00699975004e-12
5.250501002 1.95288316936e-12
5.27054108216 1.90439357412e-12
5.29058116232 1.85653613671e-12
5.31062124248 1.80867869929e-12
5.33066132265 1.76082126187e-12
5.35070140281 1.71296382445e-12
5.37074148297 1.66667838571e-12
5.39078156313 1.62065182678e-12
5.41082164329 1.57462526786e-12
5.43086172345 1.52859870893e-12
5.45090180361 1.48257215e-12
5.47094188377 1.44163034898e-12
5.49098196393 1.40181832189e-12
5.51102204409 1.3620062948e-12
5.53106212425 1.32219426771e-12
5.55110220441 1.28238224062e-12
5.57114228457 1.24445628203e-12
5.59118236473 1.2070692693e-12
5.61122244489 1.16968225657e-12
5.63126252505 1.13229524384e-12
5.65130260521 1.09490823111e-12
5.67134268537 1.06101431602e-12
5.69138276553 1.028364628e-12
5.71142284569 9.95714939989e-13
5.73146292585 9.63065251972e-13
5.75150300601 9.30415563956e-13
5.77154308617 8.99053058165e-13
5.79158316633 8.68250228874e-13
5.81162324649 8.37447399583e-13
5.83166332665 8.06644570293e-13
5.85170340681 7.75841741002e-13
5.87174348697 7.46639399771e-13
5.89178356713 7.18274263109e-13
5.91182364729 6.89909126447e-13
5.93186372745 6.61543989785e-13
5.95190380762 6.33178853123e-13
5.97194388778 6.07819339463e-13
5.99198396794 5.84332197076e-13
6.0120240481 5.6084505469e-13
6.03206412826 5.37357912303e-13
6.05210420842 5.13870769917e-13
6.07214428858 4.91651183492e-13
6.09218436874 4.70365574108e-13
6.1122244489 4.49079964723e-13
6.13226452906 4.27794355339e-13
6.15230460922 4.06508745954e-13
6.17234468938 3.85970867291e-13
6.19238476954 3.6608194142e-13
6.2124248497 3.4619301555e-13
6.23246492986 3.2630408968e-13
6.25250501002 3.0641516381e-13
6.27254509018 2.88126434625e-13
6.29258517034 2.714704736e-13
6.3126252505 2.54814512576e-13
6.33266533066 2.38158551551e-13
6.35270541082 2.21502590526e-13
6.37274549098 2.05967321655e-13
6.39278557114 1.91776784948e-13
6.4128256513 1.7758624824e-13
6.43286573146 1.63395711533e-13
6.45290581162 1.49205174826e-13
6.47294589178 1.36702604481e-13
6.49298597194 1.26587660815e-13
6.5130260521 1.1647271715e-13
6.53306613226 1.06357773485e-13
6.55310621242 9.62428298194e-14
6.57314629259 8.73218392486e-14
6.59318637275 8.04017121094e-14
6.61322645291 7.34815849703e-14
6.63326653307 6.65614578312e-14
6.65330661323 5.96413306921e-14
6.67334669339 5.29619107892e-14
6.69338677355 4.67639413946e-14
6.71342685371 4.0565972e-14
6.73346693387 3.43680026053e-14
6.75350701403 2.81700332107e-14
6.77354709419 2.26330646123e-14
6.79358717435 1.86917044842e-14
6.81362725451 1.47503443561e-14
6.83366733467 1.08089842281e-14
6.85370741483 6.86762410001e-15
6.87374749499 3.74889238706e-15
6.89378757515 3.06522531345e-15
6.91382765531 2.38155823984e-15
6.93386773547 1.69789116623e-15
6.95390781563 1.01422409262e-15
6.97394789579 4.60496251853e-16
6.99398797595 3.89404214135e-16
7.01402805611 3.18312176417e-16
7.03406813627 2.47220138698e-16
7.05410821643 1.7612810098e-16
7.07414829659 1.1326490641e-16
7.09418837675 9.00927941823e-17
7.11422845691 6.69206819541e-17
7.13426853707 4.3748569726e-17
7.15430861723 2.05764574978e-17
7.17434869739 4.35691351872e-19
7.19438877756 3.46939163783e-19
7.21442885772 2.58186975694e-19
7.23446893788 1.69434787606e-19
7.25450901804 8.06825995168e-20
7.2745490982 0.0
7.29458917836 0.0
7.31462925852 0.0
7.33466933868 0.0
7.35470941884 0.0
7.374749499 0.0
7.39478957916 0.0
7.41482965932 0.0
7.43486973948 0.0
7.45490981964 0.0
7.4749498998 0.0
7.49498997996 0.0
7.51503006012 0.0
7.53507014028 0.0
7.55511022044 0.0
7.5751503006 0.0
7.59519038076 0.0
7.61523046092 0.0
7.63527054108 0.0
7.65531062124 0.0
7.6753507014 0.0
7.69539078156 0.0
7.71543086172 0.0
7.73547094188 0.0
7.75551102204 0.0
7.7755511022 0.0
7.79559118236 0.0
7.81563126253 0.0
7.83567134269 0.0
7.85571142285 0.0
7.87575150301 0.0
7.89579158317 0.0
7.91583166333 0.0
7.93587174349 0.0
7.95591182365 0.0
7.97595190381 0.0
7.99599198397 0.0
8.01603206413 0.0
8.03607214429 0.0
8.05611222445 0.0
8.07615230461 0.0
8.09619238477 0.0
8.11623246493 0.0
8.13627254509 0.0
8.15631262525 0.0
8.17635270541 0.0
8.19639278557 0.0
8.21643286573 0.0
8.23647294589 0.0
8.25651302605 0.0
8.27655310621 0.0
8.29659318637 0.0
8.31663326653 0.0
8.33667334669 0.0
8.35671342685 0.0
8.37675350701 0.0
8.39679358717 0.0
8.41683366733 0.0
8.43687374749 0.0
8.45691382766 0.0
8.47695390782 0.0
8.49699398798 0.0
8.51703406814 0.0
8.5370741483 0.0
8.55711422846 0.0
8.57715430862 0.0
8.59719438878 0.0
8.61723446894 0.0
8.6372745491 0.0
8.65731462926 0.0
8.67735470942 0.0
8.69739478958 0.0
8.71743486974 0.0
8.7374749499 0.0
8.75751503006 0.0
8.77755511022 0.0
8.79759519038 0.0
8.81763527054 0.0
8.8376753507 0.0
8.85771543086 0.0
8.87775551102 0.0
8.89779559118 0.0
8.91783567134 0.0
8.9378757515 0.0
8.95791583166 0.0
8.97795591182 0.0
8.99799599198 0.0
9.01803607214 0.0
9.0380761523 0.0
9.05811623246 0.0
9.07815631263 0.0
9.09819639279 0.0
9.11823647295 0.0
9.13827655311 0.0
9.15831663327 0.0
9.17835671343 0.0
9.19839679359 0.0
9.21843687375 0.0
9.23847695391 0.0
9.25851703407 0.0
9.27855711423 0.0
9.29859719439 0.0
9.31863727455 0.0
9.33867735471 0.0
9.35871743487 0.0
9.37875751503 0.0
9.39879759519 0.0
9.41883767535 0.0
9.43887775551 0.0
9.45891783567 0.0
9.47895791583 0.0
9.49899799599 0.0
9.51903807615 0.0
9.53907815631 0.0
9.55911823647 0.0
9.57915831663 0.0
9.59919839679 0.0
9.61923847695 0.0
9.63927855711 0.0
9.65931863727 0.0
9.67935871743 0.0
9.6993987976 0.0
9.71943887776 0.0
9.73947895792 0.0
9.75951903808 0.0
9.77955911824 0.0
9.7995991984 0.0
9.81963927856 0.0
9.83967935872 0.0
9.85971943888 0.0
9.87975951904 0.0
9.8997995992 0.0
9.91983967936 0.0
9.93987975952 0.0
9.95991983968 0.0
9.97995991984 0.0
10.0 0.0
