0.0 0.0
0.0200400801603 7.71556555963e-11
0.0400801603206 2.41635964283e-10
0.060120240481 3.44596945897e-10
0.0801603206413 3.89891182896e-10
0.100200400802 3.96320853282e-10
0.120240480962 3.82919615319e-10
0.140280561122 3.82763323612e-10
0.160320641283 3.9710076517e-10
0.180360721443 4.13716046778e-10
0.200400801603 4.37494818714e-10
0.220440881764 4.78063656301e-10
0.240480961924 5.04108526029e-10
0.260521042084 5.05266220859e-10
0.280561122244 5.179239586e-10
0.300601202405 5.30637458231e-10
0.320641282565 5.41908979621e-10
0.340681362725 5.52638790635e-10
0.360721442886 5.6333936797e-10
0.380761523046 5.73825716256e-10
0.400801603206 5.8413466126e-10
0.420841683367 5.94448105803e-10
0.440881763527 6.04029250508e-10
0.460921843687 6.09412074234e-10
0.480961923848 6.14811547691e-10
0.501002004008 6.20228106583e-10
0.521042084168 6.22067956978e-10
0.541082164329 6.23023062799e-10
0.561122244489 6.23991362065e-10
0.581162324649 6.23423951956e-10
0.60120240481 6.21151589727e-10
0.62124248497 6.18888930546e-10
0.64128256513 6.16582242116e-10
0.661322645291 6.13939952132e-10
0.681362725451 6.11310995715e-10
0.701402805611 6.08668022785e-10
0.721442885772 6.02443179011e-10
0.741482965932 5.95404602994e-10
0.761523046092 5.88366823262e-10
0.781563126253 5.80738090612e-10
0.801603206413 5.72503026167e-10
0.821643286573 5.6425874851e-10
0.841683366733 5.55700843857e-10
0.861723446894 5.45524478631e-10
0.881763527054 5.35331552127e-10
0.901803607214 5.25099619964e-10
0.921843687375 5.14135514808e-10
0.941883767535 5.0303553961e-10
0.961923847695 4.91921408258e-10
0.981963927856 4.80346637088e-10
1.00200400802 4.68303443262e-10
1.02204408818 4.56269376463e-10
1.04208416834 4.43987671074e-10
1.0621242485 4.30476133335e-10
1.08216432866 4.16965330294e-10
1.10220440882 4.03456321478e-10
1.12224448898 3.90231054691e-10
1.14228456914 3.77048114074e-10
1.1623246493 3.63834288445e-10
1.18236472946 3.5066422448e-10
1.20240480962 3.37537605896e-10
1.22244488978 3.24413051463e-10
1.24248496994 3.11226525351e-10
1.2625250501 2.97756317464e-10
1.28256513026 2.84288221789e-10
1.30260521042 2.70828125648e-10
1.32264529058 2.58270003024e-10
1.34268537074 2.45868658982e-10
1.3627254509 2.33476919916e-10
1.38276553106 2.21467498128e-10
1.40280561122 2.09801139509e-10
1.42284569138 1.9812774764e-10
1.44288577154 1.86766630515e-10
1.4629258517 1.76707743615e-10
1.48296593186 1.66650362563e-10
1.50300601202 1.56595636539e-10
1.52304609218 1.47880782118e-10
1.54308617234 1.3938162021e-10
1.56312625251 1.30869636631e-10
1.58316633267 1.22776637737e-10
1.60320641283 1.15045356976e-10
1.62324649299 1.07314400218e-10
1.64328657315 9.98571893962e-11
1.66332665331 9.34788030043e-11
1.68336673347 8.71039224098e-11
1.70340681363 8.07372552453e-11
1.72344689379 7.56470022526e-11
1.74348697395 7.07387987495e-11
1.76352705411 6.57970508619e-11
1.78356713427 6.13286606731e-11
1.80360721443 5.72581267964e-11
1.82364729459 5.31988539347e-11
1.84368737475 4.93391782058e-11
1.86372745491 4.61869189185e-11
1.88376753507 4.30448584464e-11
1.90380761523 3.99255467593e-11
1.92384769539 3.74694384033e-11
1.94388777555 3.50991783851e-11
1.96392785571 3.2689484138e-11
1.98396793587 3.05328750369e-11
2.00400801603 2.85826141617e-11
2.02404809619 2.66340437834e-11
2.04408817635 2.47905684662e-11
2.06412825651 2.33002816104e-11
2.08416833667 2.18104423861e-11
2.10420841683 2.03218313528e-11
2.12424849699 1.91769767995e-11
2.14428857715 1.80719068427e-11
2.16432865731 1.69640091899e-11
2.18436873747 1.60013418204e-11
2.20440881764 1.51503900613e-11
2.2244488978 1.42907407819e-11
2.24448897796 1.34690593363e-11
2.26452905812 1.27840203101e-11
2.28456913828 1.20977008131e-11
2.30460921844 1.14093099793e-11
2.3246492986 1.0875070729e-11
2.34468937876 1.03472488708e-11
2.36472945892 9.83567418238e-12
2.38476953908 9.40021238927e-12
2.40480961924 9.02000364839e-12
2.4248496994 8.63818234521e-12
2.44488977956 8.27877454343e-12
2.46492985972 7.98794583706e-12
2.48496993988 7.68897213732e-12
2.50501002004 7.37420632208e-12
2.5250501002 7.12262058358e-12
2.54509018036 6.87736855722e-12
2.56513026052 6.66582720284e-12
2.58517034068 6.48055281292e-12
2.60521042084 6.31324691138e-12
2.625250501 6.12766127473e-12
2.64529058116 5.9462673678e-12
2.66533066132 5.79846510462e-12
2.68537074148 5.65132695749e-12
2.70541082164 5.50535348271e-12
2.7254509018 5.38718225055e-12
2.74549098196 5.26870297694e-12
2.76553106212 5.16383154349e-12
2.78557114228 5.0706088951e-12
2.80561122244 4.98546746063e-12
2.82565130261 4.87745356883e-12
2.84569138277 4.76340878314e-12
2.86573146293 4.66077007626e-12
2.88577154309 4.57064825128e-12
2.90581162325 4.50232950143e-12
2.92585170341 4.44304997802e-12
2.94589178357 4.38415147839e-12
2.96593186373 4.30990290579e-12
2.98597194389 4.24400227396e-12
3.00601202405 4.18362569356e-12
3.02605210421 4.1223457598e-12
3.04609218437 4.06564085175e-12
3.06613226453 4.00894722627e-12
3.08617234469 3.95540189773e-12
3.10621242485 3.90579662196e-12
3.12625250501 3.85741587235e-12
3.14629258517 3.81034083605e-12
3.16633266533 3.76993272449e-12
3.18637274549 3.73030542168e-12
3.20641282565 3.69135132832e-12
3.22645290581 3.64155212449e-12
3.24649298597 3.58763572665e-12
3.26653306613 3.53415344325e-12
3.28657314629 3.47836603094e-12
3.30661322645 3.418571375e-12
3.32665330661 3.3590596522e-12
3.34669338677 3.30073415535e-12
3.36673346693 3.25964612162e-12
3.38677354709 3.21874486703e-12
3.40681362725 3.17800677419e-12
3.42685370741 3.13438635474e-12
3.44689378758 3.08972895447e-12
3.46693386774 3.04518151432e-12
3.4869739479 3.00175620093e-12
3.50701402806 2.96000281173e-12
3.52705410822 2.91832488269e-12
3.54709418838 2.87627448926e-12
3.56713426854 2.82771362183e-12
3.5871743487 2.77920558775e-12
3.60721442886 2.7307446899e-12
3.62725450902 2.685341934e-12
3.64729458918 2.6410767477e-12
3.66733466934 2.59684552897e-12
3.6873747495 2.5545649331e-12
3.70741482966 2.51515744402e-12
3.72745490982 2.47577498374e-12
3.74749498998 2.43657179344e-12
3.76753507014 2.39937689091e-12
3.7875751503 2.36220083934e-12
3.80761523046 2.32504201992e-12
3.82765531062 2.2812767432e-12
3.84769539078 2.23523685883e-12
3.86773547094 2.18921031424e-12
3.8877755511 2.14645752661e-12
3.90781563126 2.10834711355e-12
3.92785571142 2.07024722034e-12
3.94789579158 2.03250021674e-12
3.96793587174 1.99853599851e-12
3.9879759519 1.96458021397e-12
4.00801603206 1.93063228987e-12
4.02805611222 1.89253674769e-12
4.04809619238 1.85308852173e-12
4.06813627255 1.81364671567e-12
4.08817635271 1.77745467379e-12
4.10821643287 1.74568260516e-12
4.12825651303 1.71391584086e-12
4.14829659319 1.6820047981e-12
4.16833667335 1.64865441564e-12
4.18837675351 1.61530845868e-12
4.20841683367 1.58196667577e-12
4.22845691383 1.55149290013e-12
4.24849699399 1.52190856078e-12
4.26853707415 1.49232774091e-12
4.28857715431 1.46186192097e-12
4.30861723447 1.43024030495e-12
4.32865731463 1.39862167561e-12
4.34869739479 1.36742741073e-12
4.36873747495 1.33986674181e-12
4.38877755511 1.3123086211e-12
4.40881763527 1.28475291977e-12
4.42885771543 1.25953925134e-12
4.44889779559 1.23501043228e-12
4.46893787575 1.21048368957e-12
4.48897795591 1.18570622669e-12
4.50901803607 1.1606145165e-12
4.52905811623 1.13552459472e-12
4.54909819639 1.11058601786e-12
4.56913827655 1.08680799554e-12
4.58917835671 1.06303151837e-12
4.60921843687 1.03925651374e-12
4.62925851703 1.01579681798e-12
4.64929859719 9.92424706496e-13
4.66933867735 9.6905387162e-13
4.68937875752 9.4713773545e-13
4.70941883768 9.26966704413e-13
4.72945891784 9.06796782518e-13
4.749498998 8.86384470709e-13
4.76953907816 8.64264195464e-13
4.78957915832 8.42144885661e-13
4.80961923848 8.20026498007e-13
4.82965931864 8.00290300448e-13
4.8496993988 7.81169737611e-13
4.86973947896 7.62049979151e-13
4.88977955912 7.43419248844e-13
4.90981963928 7.25351207918e-13
4.92985971944 7.0728386959e-13
4.9498997996 6.89495909496e-13
4.96993987976 6.73493978954e-13
4.98997995992 6.57492662838e-13
5.01002004008 6.41837090599e-13
5.03006012024 6.26502368604e-13
5.0501002004 6.11168184488e-13
5.07014028056 5.96770381512e-13
5.09018036072 5.82392364773e-13
5.11022044088 5.68014819336e-13
5.13026052104 5.53637724976e-13
5.1503006012 5.39261062373e-13
5.17034068136 5.26058334222e-13
5.19038076152 5.1293170272e-13
5.21042084168 4.99805450024e-13
5.23046092184 4.86679560022e-13
5.250501002 4.73554017312e-13
5.27054108216 4.61792755664e-13
5.29058116232 4.50185043876e-13
5.31062124248 4.3857763711e-13
5.33066132265 4.26970522487e-13
5.35070140281 4.15363687688e-13
5.37074148297 4.04138164253e-13
5.39078156313 3.92975648543e-13
5.41082164329 3.8181337881e-13
5.43086172345 3.70651344734e-13
5.45090180361 3.59489536434e-13
5.47094188377 3.49560460156e-13
5.49098196393 3.39905441769e-13
5.51102204409 3.30250621991e-13
5.53106212425 3.20595992528e-13
5.55110220441 3.10941545443e-13
5.57114228457 3.0174444515e-13
5.59118236473 2.92678149691e-13
5.61122244489 2.83612014758e-13
5.63126252505 2.74546033676e-13
5.65130260521 2.65480200052e-13
5.67134268537 2.57261214286e-13
5.69138276553 2.49343957387e-13
5.71142284569 2.41426830343e-13
5.73146292585 2.33509827773e-13
5.75150300601 2.25592944523e-13
5.77154308617 2.17988181129e-13
5.79158316633 2.1051918971e-13
5.81162324649 2.0305030341e-13
5.83166332665 1.95581517886e-13
5.85170340681 1.88112828978e-13
5.87174348697 1.81032181681e-13
5.89178356713 1.74154556701e-13
5.91182364729 1.67277016868e-13
5.93186372745 1.60399558672e-13
5.95190380762 1.53522178751e-13
5.97194388778 1.47373419391e-13
5.99198396794 1.41678583884e-13
6.0120240481 1.3598381738e-13
6.03206412826 1.30289117043e-13
6.05210420842 1.24594480151e-13
6.07214428858 1.19207152282e-13
6.09218436874 1.14046273347e-13
6.1122244489 1.08885450358e-13
6.13226452906 1.03724681018e-13
6.15230460922 9.8563963127e-14
6.17234468938 9.35845401456e-14
6.19238476954 8.8762466857e-14
6.2124248497 8.39404389447e-14
6.23246492986 7.91184545495e-14
6.25250501002 7.4296511889e-14
6.27254509018 6.986248761e-14
6.29258517034 6.58242752097e-14
6.3126252505 6.17860996256e-14
6.33266533066 5.77479593516e-14
6.35270541082 5.37098529434e-14
6.37274549098 4.99434282665e-14
6.39278557114 4.65029899866e-14
6.4128256513 4.30625815868e-14
6.43286573146 3.96222018464e-14
6.45290581162 3.61818495946e-14
6.47294589178 3.31506769229e-14
6.49298597194 3.06982763406e-14
6.5130260521 2.82459000156e-14
6.53306613226 2.57935469581e-14
6.55310621242 2.33412162189e-14
6.57314629259 2.11783141631e-14
6.59318637275 1.95004302833e-14
6.61322645291 1.78225661011e-14
6.63326653307 1.61447208138e-14
6.65330661323 1.44668936511e-14
6.67334669339 1.28474299067e-14
6.69338677355 1.13446836392e-14
6.71342685371 9.84195337037e-15
6.73346693387 8.33923844892e-15
6.75350701403 6.83653825e-15
6.77354709419 5.49407491715e-15
6.79358717435 4.53839133194e-15
6.81362725451 3.58272074405e-15
6.83366733467 2.62706262478e-15
6.85370741483 1.67141646703e-15
6.87374749499 9.15182120572e-16
6.89378757515 7.49204267476e-16
6.91382765531 5.83236975539e-16
6.93386773547 4.17279815563e-16
6.95390781563 2.5133237587e-16
6.97394789579 1.1689077475e-16
6.99398797595 9.94462276565e-17
7.01402805611 8.20102638865e-17
7.03406813627 6.45825349408e-17
7.05410821643 4.71627065306e-17
7.07414829659 3.17450816425e-17
7.09418837675 2.59556162027e-17
7.11422845691 2.01731279883e-17
7.13426853707 1.43973339631e-17
7.15430861723 8.62796262026e-18
7.17434869739 3.59953414346e-18
7.19438877756 3.4375094388e-18
7.21442885772 3.28115744925e-18
7.23446893788 3.13024825699e-18
7.25450901804 2.9845613007e-18
7.2745490982 2.84584101446e-18
7.29458917836 2.73148538932e-18
7.31462925852 2.62174270905e-18
7.33466933868 2.51642616801e-18
7.35470941884 2.41535655574e-18
7.374749499 2.31836194673e-18
7.39478957916 2.22527740311e-18
7.41482965932 2.13594468945e-18
7.43486973948 2.05021199923e-18
7.45490981964 1.96793369259e-18
7.4749498998 1.88897004477e-18
7.49498997996 1.81318700492e-18
7.51503006012 1.7404559647e-18
7.53507014028 1.67065353647e-18
7.55511022044 1.60366134045e-18
7.5751503006 1.53936580068e-18
7.59519038076 1.4776579493e-18
7.61523046092 1.41843323881e-18
7.63527054108 1.36159136206e-18
7.65531062124 1.30703607957e-18
7.6753507014 1.25467505391e-18
7.69539078156 1.20441969089e-18
7.71543086172 1.15618498721e-18
7.73547094188 1.10988938429e-18
7.75551102204 1.06545462822e-18
7.7755511022 1.02280563523e-18
7.79559118236 9.81870362834e-19
7.81563126253 9.42579686125e-19
7.83567134269 9.04867279171e-19
7.85571142285 8.68669501236e-19
7.87575150301 8.33925287644e-19
7.89579158317 8.00576045104e-19
7.91583166333 7.68565551298e-19
7.93587174349 7.37839858571e-19
7.95591182365 7.08347201544e-19
7.97595190381 6.80037908497e-19
7.99599198397 6.52864316363e-19
8.01603206413 6.2678068919e-19
8.03607214429 6.0174313992e-19
8.05611222445 5.77709555363e-19
8.07615230461 5.54639524223e-19
8.09619238477 5.32494268054e-19
8.11623246493 5.11236575031e-19
8.13627254509 4.90830736419e-19
8.15631262525 4.71242485625e-19
8.17635270541 4.5243893973e-19
8.19639278557 4.34388543408e-19
8.21643286573 4.17061015116e-19
8.23647294589 4.00427295483e-19
8.25651302605 3.84459497791e-19
8.27655310621 3.69130860477e-19
8.29659318637 3.54415701559e-19
8.31663326653 3.40289374922e-19
8.33667334669 3.26728228373e-19
8.35671342685 3.13709563412e-19
8.37675350701 3.01211596624e-19
8.39679358717 2.89213422651e-19
8.41683366733 2.77694978662e-19
8.43687374749 2.6663701027e-19
8.45691382766 2.5602103883e-19
8.47695390782 2.45829330063e-19
8.49699398798 2.36044863964e-19
8.51703406814 2.26651305916e-19
8.5370741483 2.17632978989e-19
8.55711422846 2.08974837359e-19
8.57715430862 2.00662440801e-19
8.59719438878 1.92681930225e-19
8.61723446894 1.85020004196e-19
8.6372745491 1.77663896412e-19
8.65731462926 1.70601354092e-19
8.67735470942 1.63820617242e-19
8.69739478958 1.57310398759e-19
8.71743486974 1.51059865345e-19
8.7374749499 1.45058619188e-19
8.75751503006 1.39296680394e-19
8.77755511022 1.33764470123e-19
8.79759519038 1.28452794412e-19
8.81763527054 1.23352828649e-19
8.8376753507 1.18456102682e-19
8.85771543086 1.13754486526e-19
8.87775551102 1.09240176649e-19
8.89779559118 1.04905682813e-19
8.91783567134 1.0074381545e-19
8.9378757515 9.67476735453e-20
8.95791583166 9.29106330123e-20
8.97795591182 8.92263355381e-20
8.99799599198 8.56886778789e-20
9.01803607214 8.22918015889e-20
9.0380761523 7.90300831642e-20
9.05811623246 7.5898124585e-20
9.07815631263 7.28907442397e-20
9.09819639279 7.00029682167e-20
9.11823647295 6.72300219465e-20
9.13827655311 6.45673221824e-20
9.15831663327 6.20104693049e-20
9.17835671343 5.95552399366e-20
9.19839679359 5.71975798551e-20
9.21843687375 5.49335971928e-20
9.23847695391 5.27595559098e-20
9.25851703407 5.06718695312e-20
9.27855711423 4.86670951371e-20
9.29859719439 4.6741927594e-20
9.31863727455 4.48931940204e-20
9.33867735471 4.3117848474e-20
9.35871743487 4.14129668541e-20
9.37875751503 3.97757420095e-20
9.39879759519 3.82034790429e-20
9.41883767535 3.66935908052e-20
9.43887775551 3.52435935711e-20
9.45891783567 3.38511028889e-20
9.47895791583 3.25138295973e-20
9.49899799599 3.1229576003e-20
9.51903807615 2.99962322121e-20
9.53907815631 2.88117726091e-20
9.55911823647 2.76742524773e-20
9.57915831663 2.65818047561e-20
9.59919839679 2.55326369281e-20
9.61923847695 2.45250280316e-20
9.63927855711 2.35573257933e-20
9.65931863727 2.26279438763e-20
9.67935871743 2.17353592392e-20
9.6993987976 2.08781096006e-20
9.71943887776 2.00547910059e-20
9.73947895792 1.92640554926e-20
9.75951903808 1.85046088481e-20
9.77955911824 1.77752084586e-20
9.7995991984 1.70746612442e-20
9.81963927856 1.64018216766e-20
9.83967935872 1.57555898773e-20
9.85971943888 1.51349097907e-20
9.87975951904 1.45387674321e-20
9.8997995992 1.39661892054e-20
9.91983967936 1.34162402876e-20
9.93987975952 1.28880230797e-20
9.95991983968 1.23806757183e-20
9.97995991984 1.18933706477e-20
10.0 1.14253132492e-20
