0.0 0.0
0.0200400801603 0.0
0.0400801603206 0.0
0.060120240481 0.0
0.0801603206413 0.0
0.100200400802 0.0
0.120240480962 0.0
0.140280561122 0.0
0.160320641283 0.0
0.180360721443 0.0
0.200400801603 0.0
0.220440881764 0.0
0.240480961924 0.0
0.260521042084 0.0
0.280561122244 0.0
0.300601202405 0.0
0.320641282565 0.0
0.340681362725 4.44683097875e-12
0.360721442886 5.00566787959e-12
0.380761523046 5.55428288593e-12
0.400801603206 6.10289789228e-12
0.420841683367 6.65610479361e-12
0.440881763527 7.21281236984e-12
0.460921843687 7.76951994608e-12
0.480961923848 8.32069012221e-12
0.501002004008 8.85408556355e-12
0.521042084168 9.3874810049e-12
0.541082164329 9.92087644624e-12
0.561122244489 1.04504513732e-11
0.581162324649 1.09796375528e-11
0.60120240481 1.15088237325e-11
0.62124248497 1.2030234378e-11
0.64128256513 1.25459624095e-11
0.661322645291 1.30616904411e-11
0.681362725451 1.35586418561e-11
0.701402805611 1.39986175448e-11
0.721442885772 1.44385932335e-11
0.741482965932 1.48785689223e-11
0.761523046092 1.52975013602e-11
0.781563126253 1.57145536257e-11
0.801603206413 1.61316058913e-11
0.821643286573 1.64823429581e-11
0.841683366733 1.67866319425e-11
0.861723446894 1.70909209269e-11
0.881763527054 1.73574122916e-11
0.901803607214 1.75153146063e-11
0.921843687375 1.7673216921e-11
0.941883767535 1.78311192357e-11
0.961923847695 1.79263175252e-11
0.981963927856 1.8016673834e-11
1.00200400802 1.81070301428e-11
1.02204408818 1.82273181528e-11
1.04208416834 1.83676917047e-11
1.0621242485 1.85080652567e-11
1.08216432866 1.86407321044e-11
1.10220440882 1.87524070676e-11
1.12224448898 1.88640820307e-11
1.14228456914 1.89757569939e-11
1.1623246493 1.9004075952e-11
1.18236472946 1.90269469014e-11
1.20240480962 1.90498178507e-11
1.22244488978 1.90661594039e-11
1.24248496994 1.90783046778e-11
1.2625250501 1.90904499516e-11
1.28256513026 1.91071392196e-11
1.30260521042 1.91355785113e-11
1.32264529058 1.91640178029e-11
1.34268537074 1.91924570945e-11
1.3627254509 1.92534940907e-11
1.38276553106 1.93162833894e-11
1.40280561122 1.93790726881e-11
1.42284569138 1.94166092028e-11
1.44288577154 1.94386089067e-11
1.4629258517 1.94606086106e-11
1.48296593186 1.94862353714e-11
1.50300601202 1.95207763098e-11
1.52304609218 1.95553172481e-11
1.54308617234 1.95898581865e-11
1.56312625251 1.95793118261e-11
1.58316633267 1.95668536522e-11
1.60320641283 1.95543954783e-11
1.62324649299 1.95428225341e-11
1.64328657315 1.95317707497e-11
1.66332665331 1.95207189653e-11
1.68336673347 1.95208503764e-11
1.70340681363 1.95471324059e-11
1.72344689379 1.95734144354e-11
1.74348697395 1.95996964648e-11
1.76352705411 1.95084870739e-11
1.78356713427 1.94136011893e-11
1.80360721443 1.93187153048e-11
1.82364729459 1.92627822673e-11
1.84368737475 1.92287821158e-11
1.86372745491 1.91947819643e-11
1.88376753507 1.91954307982e-11
1.90380761523 1.92732442959e-11
1.92384769539 1.93510577937e-11
1.94388777555 1.94288712915e-11
1.96392785571 1.93688079629e-11
1.98396793587 1.93059298703e-11
2.00400801603 1.92430517777e-11
2.02404809619 1.9185863734e-11
2.04408817635 1.9131738146e-11
2.06412825651 1.9077612558e-11
2.08416833667 1.90245041229e-11
2.10420841683 1.89735549833e-11
2.12424849699 1.89226058437e-11
2.14428857715 1.88716567042e-11
2.16432865731 1.88106862889e-11
2.18436873747 1.87496180103e-11
2.20440881764 1.86885497317e-11
2.2244488978 1.85969921541e-11
2.24448897796 1.84897587955e-11
2.26452905812 1.83825254368e-11
2.28456913828 1.82705194539e-11
2.30460921844 1.81488477736e-11
2.3246492986 1.80271760933e-11
2.34468937876 1.79055417631e-11
2.36472945892 1.78400864733e-11
2.38476953908 1.77746311836e-11
2.40480961924 1.77091758938e-11
2.4248496994 1.76376295531e-11
2.44488977956 1.7563093663e-11
2.46492985972 1.74885577729e-11
2.48496993988 1.73851874378e-11
2.50501002004 1.72260652944e-11
2.5250501002 1.7066943151e-11
2.54509018036 1.69091258117e-11
2.56513026052 1.68686231619e-11
2.58517034068 1.68281205122e-11
2.60521042084 1.67876178624e-11
2.625250501 1.66830140622e-11
2.64529058116 1.65483988817e-11
2.66533066132 1.64137837013e-11
2.68537074148 1.62812216231e-11
2.70541082164 1.61524520132e-11
2.7254509018 1.60236824034e-11
2.74549098196 1.58956882509e-11
2.76553106212 1.5803264641e-11
2.78557114228 1.57108410311e-11
2.80561122244 1.56184174212e-11
2.82565130261 1.5444584422e-11
2.84569138277 1.52344231426e-11
2.86573146293 1.50242618633e-11
2.88577154309 1.48565486811e-11
2.90581162325 1.47637903298e-11
2.92585170341 1.46710319785e-11
2.94589178357 1.457649199e-11
2.96593186373 1.44274789981e-11
2.98597194389 1.42784660062e-11
3.00601202405 1.41294530143e-11
3.02605210421 1.39765793754e-11
3.04609218437 1.38220651841e-11
3.06613226453 1.36675509928e-11
3.08617234469 1.35182344906e-11
3.10621242485 1.33776965413e-11
3.12625250501 1.3237158592e-11
3.14629258517 1.3097502229e-11
3.16633266533 1.29779512063e-11
3.18637274549 1.28584001836e-11
3.20641282565 1.27388491609e-11
3.22645290581 1.25794186691e-11
3.24649298597 1.24038664599e-11
3.26653306613 1.22283142508e-11
3.28657314629 1.20434047003e-11
3.30661322645 1.18433715811e-11
3.32665330661 1.16433384619e-11
3.34669338677 1.1446586997e-11
3.36673346693 1.13092503078e-11
3.38677354709 1.11719136186e-11
3.40681362725 1.10345769294e-11
3.42685370741 1.08866819879e-11
3.44689378758 1.07347308663e-11
3.46693386774 1.05827797446e-11
3.4869739479 1.04344072747e-11
3.50701402806 1.02915722127e-11
3.52705410822 1.01487371507e-11
3.54709418838 1.0004368786e-11
3.56713426854 9.83707034762e-12
3.5871743487 9.66977190928e-12
3.60721442886 9.50247347094e-12
3.62725450902 9.34570144449e-12
3.64729458918 9.19276786065e-12
3.66733466934 9.03983427681e-12
3.6873747495 8.89360195223e-12
3.70741482966 8.7573008829e-12
3.72745490982 8.62099981357e-12
3.74749498998 8.48524514389e-12
3.76753507014 8.35642766971e-12
3.7875751503 8.22761019553e-12
3.80761523046 8.09879272134e-12
3.82765531062 7.94686224994e-12
3.84769539078 7.78694233324e-12
3.86773547094 7.62702241654e-12
3.8877755511 7.47848565366e-12
3.90781563126 7.34611206767e-12
3.92785571142 7.21373848168e-12
3.94789579158 7.08256250309e-12
3.96793587174 6.96455759048e-12
3.9879759519 6.84655267786e-12
4.00801603206 6.72854776525e-12
4.02805611222 6.59604120493e-12
4.04809619238 6.45878956236e-12
4.06813627255 6.32153791978e-12
4.08817635271 6.19560762138e-12
4.10821643287 6.08508423144e-12
4.12825651303 5.97456084151e-12
4.14829659319 5.86351647898e-12
4.16833667335 5.74743213391e-12
4.18837675351 5.63134778885e-12
4.20841683367 5.51526344378e-12
4.22845691383 5.40917528121e-12
4.24849699399 5.30617844173e-12
4.26853707415 5.20318160226e-12
4.28857715431 5.09708430874e-12
4.30861723447 4.98694204613e-12
4.32865731463 4.87679978352e-12
4.34869739479 4.7681287588e-12
4.36873747495 4.67213035856e-12
4.38877755511 4.57613195832e-12
4.40881763527 4.48013355807e-12
4.42885771543 4.39230131293e-12
4.44889779559 4.30685171029e-12
4.46893787575 4.22140210766e-12
4.48897795591 4.13507054762e-12
4.50901803607 4.0476356419e-12
4.52905811623 3.96020073618e-12
4.54909819639 3.87328811224e-12
4.56913827655 3.79042040167e-12
4.58917835671 3.7075526911e-12
4.60921843687 3.62468498053e-12
4.62925851703 3.54291286339e-12
4.64929859719 3.46144176173e-12
4.66933867735 3.37997066007e-12
4.68937875752 3.30357250517e-12
4.70941883768 3.23326106978e-12
4.72945891784 3.16294963438e-12
4.749498998 3.09178851294e-12
4.76953907816 3.01466271971e-12
4.78957915832 2.93753692648e-12
4.80961923848 2.86041113325e-12
4.82965931864 2.79159659828e-12
4.8496993988 2.7249278172e-12
4.86973947896 2.65825903611e-12
4.88977955912 2.5932943805e-12
4.90981963928 2.53029106149e-12
4.92985971944 2.46728774248e-12
4.9498997996 2.40525716619e-12
4.96993987976 2.34945795782e-12
4.98997995992 2.29365874945e-12
5.01002004008 2.23906420704e-12
5.03006012024 2.18558753568e-12
5.0501002004 2.13211086432e-12
5.07014028056 2.0819005593e-12
5.09018036072 2.03175759347e-12
5.11022044088 1.98161462764e-12
5.13026052104 1.93147166181e-12
5.1503006012 1.88132869598e-12
5.17034068136 1.83528156012e-12
5.19038076152 1.78949863626e-12
5.21042084168 1.74371571241e-12
5.23046092184 1.69793278855e-12
5.250501002 1.65214986469e-12
5.27054108216 1.61112740135e-12
5.29058116232 1.570639747e-12
5.31062124248 1.53015209265e-12
5.33066132265 1.48966443829e-12
5.35070140281 1.44917678394e-12
5.37074148297 1.41001904908e-12
5.39078156313 1.37108032797e-12
5.41082164329 1.33214160685e-12
5.43086172345 1.29320288573e-12
5.45090180361 1.25426416461e-12
5.47094188377 1.21962717656e-12
5.49098196393 1.18594598344e-12
5.51102204409 1.15226479032e-12
5.53106212425 1.11858359719e-12
5.55110220441 1.08490240407e-12
5.57114228457 1.05281683524e-12
5.59118236473 1.02118721756e-12
5.61122244489 9.89557599877e-13
5.63126252505 9.57927982196e-13
5.65130260521 9.26298364515e-13
5.67134268537 8.97623926586e-13
5.69138276553 8.70002111577e-13
5.71142284569 8.42380296568e-13
5.73146292585 8.14758481559e-13
5.75150300601 7.8713666655e-13
5.77154308617 7.60603814758e-13
5.79158316633 7.34544452353e-13
5.81162324649 7.08485089949e-13
5.83166332665 6.82425727544e-13
5.85170340681 6.56366365139e-13
5.87174348697 6.31661024405e-13
5.89178356713 6.07663963325e-13
5.91182364729 5.83666902244e-13
5.93186372745 5.59669841164e-13
5.95190380762 5.35672780084e-13
5.97194388778 5.14218492536e-13
5.99198396794 4.94348241348e-13
6.0120240481 4.7447799016e-13
6.03206412826 4.54607738972e-13
6.05210420842 4.34737487784e-13
6.07214428858 4.15939595888e-13
6.09218436874 3.97931853686e-13
6.1122244489 3.79924111484e-13
6.13226452906 3.61916369282e-13
6.15230460922 3.4390862708e-13
6.17234468938 3.26533469166e-13
6.19238476954 3.09707328872e-13
6.2124248497 2.92881188578e-13
6.23246492986 2.76055048284e-13
6.25250501002 2.5922890799e-13
6.27254509018 2.43756542863e-13
6.29258517034 2.29665508547e-13
6.3126252505 2.15574474232e-13
6.33266533066 2.01483439917e-13
6.35270541082 1.87392405602e-13
6.37274549098 1.7424948299e-13
6.39278557114 1.6224421116e-13
6.4128256513 1.5023893933e-13
6.43286573146 1.382336675e-13
6.45290581162 1.2622839567e-13
6.47294589178 1.15651152633e-13
6.49298597194 1.07093854854e-13
6.5130260521 9.85365570753e-14
6.53306613226 8.99792592962e-14
6.55310621242 8.14219615172e-14
6.57314629259 7.38747545999e-14
6.59318637275 6.80202891122e-14
6.61322645291 6.21658236245e-14
6.63326653307 5.63113581368e-14
6.65330661323 5.04568926491e-14
6.67334669339 4.48060668025e-14
6.69338677355 3.95625507247e-14
6.71342685371 3.43190346469e-14
6.73346693387 2.90755185691e-14
6.75350701403 2.38320024912e-14
6.77354709419 1.91476967098e-14
6.79358717435 1.58132844396e-14
6.81362725451 1.24788721693e-14
6.83366733467 9.14445989908e-15
6.85370741483 5.81004762884e-15
6.87374749499 3.17158350647e-15
6.89378757515 2.59319741513e-15
6.91382765531 2.0148113238e-15
6.93386773547 1.43642523247e-15
6.95390781563 8.58039141141e-16
6.97394789579 3.89582352967e-16
6.99398797595 3.29438099414e-16
7.01402805611 2.69293845861e-16
7.03406813627 2.09149592309e-16
7.05410821643 1.49005338756e-16
7.07414829659 9.58227316082e-17
7.09418837675 7.62189976609e-17
7.11422845691 5.66152637136e-17
7.13426853707 3.70115297664e-17
7.15430861723 1.74077958191e-17
7.17434869739 3.68597271631e-19
7.19438877756 2.93512434073e-19
7.21442885772 2.18427596515e-19
7.23446893788 1.43342758956e-19
7.25450901804 6.82579213983e-20
7.2745490982 0.0
7.29458917836 0.0
7.31462925852 0.0
7.33466933868 0.0
7.35470941884 0.0
7.374749499 0.0
7.39478957916 0.0
7.41482965932 0.0
7.43486973948 0.0
7.45490981964 0.0
7.4749498998 0.0
7.49498997996 0.0
7.51503006012 0.0
7.53507014028 0.0
7.55511022044 0.0
7.5751503006 0.0
7.59519038076 0.0
7.61523046092 0.0
7.63527054108 0.0
7.65531062124 0.0
7.6753507014 0.0
7.69539078156 0.0
7.71543086172 0.0
7.73547094188 0.0
7.75551102204 0.0
7.7755511022 0.0
7.79559118236 0.0
7.81563126253 0.0
7.83567134269 0.0
7.85571142285 0.0
7.87575150301 0.0
7.89579158317 0.0
7.91583166333 0.0
7.93587174349 0.0
7.95591182365 0.0
7.97595190381 0.0
7.99599198397 0.0
8.01603206413 0.0
8.03607214429 0.0
8.05611222445 0.0
8.07615230461 0.0
8.09619238477 0.0
8.11623246493 0.0
8.13627254509 0.0
8.15631262525 0.0
8.17635270541 0.0
8.19639278557 0.0
8.21643286573 0.0
8.23647294589 0.0
8.25651302605 0.0
8.27655310621 0.0
8.29659318637 0.0
8.31663326653 0.0
8.33667334669 0.0
8.35671342685 0.0
8.37675350701 0.0
8.39679358717 0.0
8.41683366733 0.0
8.43687374749 0.0
8.45691382766 0.0
8.47695390782 0.0
8.49699398798 0.0
8.51703406814 0.0
8.5370741483 0.0
8.55711422846 0.0
8.57715430862 0.0
8.59719438878 0.0
8.61723446894 0.0
8.6372745491 0.0
8.65731462926 0.0
8.67735470942 0.0
8.69739478958 0.0
8.71743486974 0.0
8.7374749499 0.0
8.75751503006 0.0
8.77755511022 0.0
8.79759519038 0.0
8.81763527054 0.0
8.8376753507 0.0
8.85771543086 0.0
8.87775551102 0.0
8.89779559118 0.0
8.91783567134 0.0
8.9378757515 0.0
8.95791583166 0.0
8.97795591182 0.0
8.99799599198 0.0
9.01803607214 0.0
9.0380761523 0.0
9.05811623246 0.0
9.07815631263 0.0
9.09819639279 0.0
9.11823647295 0.0
9.13827655311 0.0
9.15831663327 0.0
9.17835671343 0.0
9.19839679359 0.0
9.21843687375 0.0
9.23847695391 0.0
9.25851703407 0.0
9.27855711423 0.0
9.29859719439 0.0
9.31863727455 0.0
9.33867735471 0.0
9.35871743487 0.0
9.37875751503 0.0
9.39879759519 0.0
9.41883767535 0.0
9.43887775551 0.0
9.45891783567 0.0
9.47895791583 0.0
9.49899799599 0.0
9.51903807615 0.0
9.53907815631 0.0
9.55911823647 0.0
9.57915831663 0.0
9.59919839679 0.0
9.61923847695 0.0
9.63927855711 0.0
9.65931863727 0.0
9.67935871743 0.0
9.6993987976 0.0
9.71943887776 0.0
9.73947895792 0.0
9.75951903808 0.0
9.77955911824 0.0
9.7995991984 0.0
9.81963927856 0.0
9.83967935872 0.0
9.85971943888 0.0
9.87975951904 0.0
9.8997995992 0.0
9.91983967936 0.0
9.93987975952 0.0
9.95991983968 0.0
9.97995991984 0.0
10.0 0.0
