0.0 0.0
0.0200400801603 0.0
0.0400801603206 0.0
0.060120240481 0.0
0.0801603206413 0.0
0.100200400802 0.0
0.120240480962 0.0
0.140280561122 0.0
0.160320641283 0.0
0.180360721443 0.0
0.200400801603 0.0
0.220440881764 0.0
0.240480961924 7.66301078953e-11
0.260521042084 2.62147613418e-12
0.280561122244 3.19963698279e-12
0.300601202405 3.77106573358e-12
0.320641282565 4.41428442264e-12
0.340681362725 5.1674793669e-12
0.360721442886 5.81688074248e-12
0.380761523046 6.45440367492e-12
0.400801603206 7.09192660737e-12
0.420841683367 7.7347855921e-12
0.440881763527 8.38171256713e-12
0.460921843687 9.02863954217e-12
0.480961923848 9.66913173232e-12
0.501002004008 1.02889686343e-11
0.521042084168 1.09088055363e-11
0.541082164329 1.15286424383e-11
0.561122244489 1.21440396776e-11
0.581162324649 1.27589851698e-11
0.60120240481 1.33739306619e-11
0.62124248497 1.39798405256e-11
0.64128256513 1.45791468574e-11
0.661322645291 1.51784531892e-11
0.681362725451 1.57559399872e-11
0.701402805611 1.62672176374e-11
0.721442885772 1.67784952875e-11
0.741482965932 1.72897729377e-11
0.761523046092 1.77765970916e-11
0.781563126253 1.82612363746e-11
0.801603206413 1.87458756577e-11
0.821643286573 1.91534527759e-11
0.841683366733 1.95070544883e-11
0.861723446894 1.98606562006e-11
0.881763527054 2.01703348538e-11
0.901803607214 2.03538266387e-11
0.921843687375 2.05373184235e-11
0.941883767535 2.07208102084e-11
0.961923847695 2.08314362248e-11
0.981963927856 2.09364355746e-11
1.00200400802 2.10414349243e-11
1.02204408818 2.11812166729e-11
1.04208416834 2.13443390035e-11
1.0621242485 2.15074613342e-11
1.08216432866 2.16616280209e-11
1.10220440882 2.1791400902e-11
1.12224448898 2.19211737831e-11
1.14228456914 2.20509466643e-11
1.1623246493 2.20838549606e-11
1.18236472946 2.21104323501e-11
1.20240480962 2.21370097395e-11
1.22244488978 2.21559995864e-11
1.24248496994 2.21701131095e-11
1.2625250501 2.21842266327e-11
1.28256513026 2.22036205446e-11
1.30260521042 2.22366686756e-11
1.32264529058 2.22697168066e-11
1.34268537074 2.23027649375e-11
1.3627254509 2.23736935201e-11
1.38276553106 2.24466583814e-11
1.40280561122 2.25196232427e-11
1.42284569138 2.25632428824e-11
1.44288577154 2.25888078334e-11
1.4629258517 2.26143727845e-11
1.48296593186 2.2644152589e-11
1.50300601202 2.26842911927e-11
1.52304609218 2.27244297964e-11
1.54308617234 2.27645684001e-11
1.56312625251 2.27523129085e-11
1.58316633267 2.2737835777e-11
1.60320641283 2.27233586456e-11
1.62324649299 2.27099102031e-11
1.64328657315 2.26970673791e-11
1.66332665331 2.26842245551e-11
1.68336673347 2.26843772625e-11
1.70340681363 2.27149185279e-11
1.72344689379 2.27454597932e-11
1.74348697395 2.27760010586e-11
1.76352705411 2.26700103772e-11
1.78356713427 2.25597473937e-11
1.80360721443 2.24494844103e-11
1.82364729459 2.23844869282e-11
1.84368737475 2.23449767506e-11
1.86372745491 2.2305466573e-11
1.88376753507 2.23062205563e-11
1.90380761523 2.23966444213e-11
1.92384769539 2.24870682863e-11
1.94388777555 2.25774921513e-11
1.96392785571 2.25076950278e-11
1.98396793587 2.24346269828e-11
2.00400801603 2.23615589378e-11
2.02404809619 2.22951030645e-11
2.04408817635 2.2232205945e-11
2.06412825651 2.21693088256e-11
2.08416833667 2.21075936977e-11
2.10420841683 2.20483877983e-11
2.12424849699 2.19891818989e-11
2.14428857715 2.19299759996e-11
2.16432865731 2.18591247879e-11
2.18436873747 2.17881598533e-11
2.20440881764 2.17171949186e-11
2.2244488978 2.16107996239e-11
2.24448897796 2.14861881486e-11
2.26452905812 2.13615766734e-11
2.28456913828 2.12314191279e-11
2.30460921844 2.1090029473e-11
2.3246492986 2.0948639818e-11
2.34468937876 2.08072935662e-11
2.36472945892 2.07312306664e-11
2.38476953908 2.06551677665e-11
2.40480961924 2.05791048667e-11
2.4248496994 2.04959638071e-11
2.44488977956 2.04093487152e-11
2.46492985972 2.03227336232e-11
2.48496993988 2.02026112087e-11
2.50501002004 2.00177019111e-11
2.5250501002 1.98327926135e-11
2.54509018036 1.96493995751e-11
2.56513026052 1.96023331118e-11
2.58517034068 1.95552666485e-11
2.60521042084 1.95082001853e-11
2.625250501 1.93866444117e-11
2.64529058116 1.92302136477e-11
2.66533066132 1.90737828837e-11
2.68537074148 1.89197379454e-11
2.70541082164 1.87701000785e-11
2.7254509018 1.86204622116e-11
2.74549098196 1.84717254718e-11
2.76553106212 1.83643237965e-11
2.78557114228 1.82569221211e-11
2.80561122244 1.81495204457e-11
2.82565130261 1.79475162677e-11
2.84569138277 1.77032964897e-11
2.86573146293 1.74590767116e-11
2.88577154309 1.72641841212e-11
2.90581162325 1.71563934566e-11
2.92585170341 1.70486027921e-11
2.94589178357 1.69387417602e-11
2.96593186373 1.67655798917e-11
2.98597194389 1.65924180232e-11
3.00601202405 1.64192561547e-11
3.02605210421 1.62416079872e-11
3.04609218437 1.60620534012e-11
3.06613226453 1.58824988152e-11
3.08617234469 1.57089842499e-11
3.10621242485 1.55456708798e-11
3.12625250501 1.53823575098e-11
3.14629258517 1.52200685949e-11
3.16633266533 1.50811432689e-11
3.18637274549 1.4942217943e-11
3.20641282565 1.4803292617e-11
3.22645290581 1.46180250005e-11
3.24649298597 1.44140229993e-11
3.26653306613 1.42100209981e-11
3.28657314629 1.39951452154e-11
3.30661322645 1.37626949556e-11
3.32665330661 1.35302446959e-11
3.34669338677 1.33016079116e-11
3.36673346693 1.31420145942e-11
3.38677354709 1.29824212769e-11
3.40681362725 1.28228279595e-11
3.42685370741 1.26509653314e-11
3.44689378758 1.24743891832e-11
3.46693386774 1.22978130349e-11
3.4869739479 1.21253954907e-11
3.50701402806 1.19594127405e-11
3.52705410822 1.17934299902e-11
3.54709418838 1.1625665452e-11
3.56713426854 1.14312548183e-11
3.5871743487 1.12368441847e-11
3.60721442886 1.10424335511e-11
3.62725450902 1.08602552277e-11
3.64729458918 1.06825374006e-11
3.66733466934 1.05048195735e-11
3.6873747495 1.03348890042e-11
3.70741482966 1.0176499138e-11
3.72745490982 1.00181092719e-11
3.74749498998 9.86035435431e-12
3.76753507014 9.71066086627e-12
3.7875751503 9.56096737822e-12
3.80761523046 9.41127389018e-12
3.82765531062 9.23472173879e-12
3.84769539078 9.04888538165e-12
3.86773547094 8.86304902451e-12
3.8877755511 8.6904405622e-12
3.90781563126 8.5366146629e-12
3.92785571142 8.3827887636e-12
3.94789579158 8.23035455461e-12
3.96793587174 8.09322589961e-12
3.9879759519 7.95609724461e-12
4.00801603206 7.81896858961e-12
4.02805611222 7.66498816632e-12
4.04809619238 7.50549367812e-12
4.06813627255 7.34599918991e-12
4.08817635271 7.19966077008e-12
4.10821643287 7.07122608485e-12
4.12825651303 6.94279139962e-12
4.14829659319 6.81375131356e-12
4.16833667335 6.67885447111e-12
4.18837675351 6.54395762866e-12
4.20841683367 6.40906078621e-12
4.22845691383 6.28578009625e-12
4.24849699399 6.16609170571e-12
4.26853707415 6.04640331517e-12
4.28857715431 5.92311201452e-12
4.30861723447 5.79512022167e-12
4.32865731463 5.66712842883e-12
4.34869739479 5.54084630102e-12
4.36873747495 5.42929050884e-12
4.38877755511 5.31773471666e-12
4.40881763527 5.20617892449e-12
4.42885771543 5.10411268524e-12
4.44889779559 5.00481521686e-12
4.46893787575 4.90551774847e-12
4.48897795591 4.80519539367e-12
4.50901803607 4.70359088623e-12
4.52905811623 4.60198637879e-12
4.54909819639 4.50098879353e-12
4.56913827655 4.40469163571e-12
4.58917835671 4.30839447789e-12
4.60921843687 4.21209732007e-12
4.62925851703 4.11707330631e-12
4.64929859719 4.02239909026e-12
4.66933867735 3.92772487421e-12
4.68937875752 3.83894572093e-12
4.70941883768 3.75723969401e-12
4.72945891784 3.67553366709e-12
4.749498998 3.59284025496e-12
4.76953907816 3.50321554309e-12
4.78957915832 3.41359083123e-12
4.80961923848 3.32396611937e-12
4.82965931864 3.24399957886e-12
4.8496993988 3.16652653068e-12
4.86973947896 3.0890534825e-12
4.88977955912 3.01356072844e-12
4.90981963928 2.94034716296e-12
4.92985971944 2.86713359748e-12
4.9498997996 2.79505041631e-12
4.96993987976 2.73020845147e-12
4.98997995992 2.66536648664e-12
5.01002004008 2.60192441457e-12
5.03006012024 2.53978137446e-12
5.0501002004 2.47763833435e-12
5.07014028056 2.41929100421e-12
5.09018036072 2.36102192617e-12
5.11022044088 2.30275284814e-12
5.13026052104 2.2444837701e-12
5.1503006012 2.18621469206e-12
5.17034068136 2.13270520955e-12
5.19038076152 2.07950275695e-12
5.21042084168 2.02630030434e-12
5.23046092184 1.97309785174e-12
5.250501002 1.91989539913e-12
5.27054108216 1.87222488188e-12
5.29058116232 1.82517584416e-12
5.31062124248 1.77812680643e-12
5.33066132265 1.7310777687e-12
5.35070140281 1.68402873097e-12
5.37074148297 1.63852513799e-12
5.39078156313 1.59327605186e-12
5.41082164329 1.54802696574e-12
5.43086172345 1.50277787961e-12
5.45090180361 1.45752879349e-12
5.47094188377 1.41727857441e-12
5.49098196393 1.3781390453e-12
5.51102204409 1.3389995162e-12
5.53106212425 1.2998599871e-12
5.55110220441 1.26072045799e-12
5.57114228457 1.22343513824e-12
5.59118236473 1.18667966057e-12
5.61122244489 1.1499241829e-12
5.63126252505 1.11316870523e-12
5.65130260521 1.07641322756e-12
5.67134268537 1.04309184272e-12
5.69138276553 1.01099366767e-12
5.71142284569 9.78895492633e-13
5.73146292585 9.46797317592e-13
5.75150300601 9.14699142551e-13
5.77154308617 8.83866406871e-13
5.79158316633 8.53583893732e-13
5.81162324649 8.23301380593e-13
5.83166332665 7.93018867454e-13
5.85170340681 7.62736354315e-13
5.87174348697 7.34027294064e-13
5.89178356713 7.06141296464e-13
5.91182364729 6.78255298865e-13
5.93186372745 6.50369301265e-13
5.95190380762 6.22483303666e-13
5.97194388778 5.97552158595e-13
5.99198396794 5.74461757022e-13
6.0120240481 5.51371355448e-13
6.03206412826 5.28280953875e-13
6.05210420842 5.05190552301e-13
6.07214428858 4.8334629535e-13
6.09218436874 4.62420238858e-13
6.1122244489 4.41494182366e-13
6.13226452906 4.20568125873e-13
6.15230460922 3.99642069381e-13
6.17234468938 3.7945111307e-13
6.19238476954 3.59898147551e-13
6.2124248497 3.40345182033e-13
6.23246492986 3.20792216514e-13
6.25250501002 3.01239250996e-13
6.27254509018 2.83259451913e-13
6.29258517034 2.66884840548e-13
6.3126252505 2.50510229183e-13
6.33266533066 2.34135617818e-13
6.35270541082 2.17761006454e-13
6.37274549098 2.02488156701e-13
6.39278557114 1.88537324125e-13
6.4128256513 1.7458649155e-13
6.43286573146 1.60635658974e-13
6.45290581162 1.46684826398e-13
6.47294589178 1.34393447344e-13
6.49298597194 1.24449363586e-13
6.5130260521 1.14505279829e-13
6.53306613226 1.04561196071e-13
6.55310621242 9.46171123129e-14
6.57314629259 8.58468135969e-14
6.59318637275 7.90435800681e-14
6.61322645291 7.22403465392e-14
6.63326653307 6.54371130103e-14
6.65330661323 5.86338794814e-14
6.67334669339 5.20672872031e-14
6.69338677355 4.5974012853e-14
6.71342685371 3.98807385028e-14
6.73346693387 3.37874641527e-14
6.75350701403 2.76941898026e-14
6.77354709419 2.22507507356e-14
6.79358717435 1.83759673923e-14
6.81362725451 1.45011840489e-14
6.83366733467 1.06264007055e-14
6.85370741483 6.75161736217e-15
6.87374749499 3.68556673469e-15
6.89378757515 3.01344804897e-15
6.91382765531 2.34132936325e-15
6.93386773547 1.66921067753e-15
6.95390781563 9.97091991809e-16
6.97394789579 4.52717627516e-16
6.99398797595 3.82826464403e-16
7.01402805611 3.1293530129e-16
7.03406813627 2.43044138177e-16
7.05410821643 1.73152975064e-16
7.07414829659 1.11351654882e-16
7.09418837675 8.85709620314e-17
7.11422845691 6.57902691805e-17
7.13426853707 4.30095763296e-17
7.15430861723 2.02288834787e-17
7.17434869739 4.28331727685e-19
7.19438877756 3.41078726457e-19
7.21442885772 2.53825725229e-19
7.23446893788 1.66572724001e-19
7.25450901804 7.93197227731e-20
7.2745490982 0.0
7.29458917836 0.0
7.31462925852 0.0
7.33466933868 0.0
7.35470941884 0.0
7.374749499 0.0
7.39478957916 0.0
7.41482965932 0.0
7.43486973948 0.0
7.45490981964 0.0
7.4749498998 0.0
7.49498997996 0.0
7.51503006012 0.0
7.53507014028 0.0
7.55511022044 0.0
7.5751503006 0.0
7.59519038076 0.0
7.61523046092 0.0
7.63527054108 0.0
7.65531062124 0.0
7.6753507014 0.0
7.69539078156 0.0
7.71543086172 0.0
7.73547094188 0.0
7.75551102204 0.0
7.7755511022 0.0
7.79559118236 0.0
7.81563126253 0.0
7.83567134269 0.0
7.85571142285 0.0
7.87575150301 0.0
7.89579158317 0.0
7.91583166333 0.0
7.93587174349 0.0
7.95591182365 0.0
7.97595190381 0.0
7.99599198397 0.0
8.01603206413 0.0
8.03607214429 0.0
8.05611222445 0.0
8.07615230461 0.0
8.09619238477 0.0
8.11623246493 0.0
8.13627254509 0.0
8.15631262525 0.0
8.17635270541 0.0
8.19639278557 0.0
8.21643286573 0.0
8.23647294589 0.0
8.25651302605 0.0
8.27655310621 0.0
8.29659318637 0.0
8.31663326653 0.0
8.33667334669 0.0
8.35671342685 0.0
8.37675350701 0.0
8.39679358717 0.0
8.41683366733 0.0
8.43687374749 0.0
8.45691382766 0.0
8.47695390782 0.0
8.49699398798 0.0
8.51703406814 0.0
8.5370741483 0.0
8.55711422846 0.0
8.57715430862 0.0
8.59719438878 0.0
8.61723446894 0.0
8.6372745491 0.0
8.65731462926 0.0
8.67735470942 0.0
8.69739478958 0.0
8.71743486974 0.0
8.7374749499 0.0
8.75751503006 0.0
8.77755511022 0.0
8.79759519038 0.0
8.81763527054 0.0
8.8376753507 0.0
8.85771543086 0.0
8.87775551102 0.0
8.89779559118 0.0
8.91783567134 0.0
8.9378757515 0.0
8.95791583166 0.0
8.97795591182 0.0
8.99799599198 0.0
9.01803607214 0.0
9.0380761523 0.0
9.05811623246 0.0
9.07815631263 0.0
9.09819639279 0.0
9.11823647295 0.0
9.13827655311 0.0
9.15831663327 0.0
9.17835671343 0.0
9.19839679359 0.0
9.21843687375 0.0
9.23847695391 0.0
9.25851703407 0.0
9.27855711423 0.0
9.29859719439 0.0
9.31863727455 0.0
9.33867735471 0.0
9.35871743487 0.0
9.37875751503 0.0
9.39879759519 0.0
9.41883767535 0.0
9.43887775551 0.0
9.45891783567 0.0
9.47895791583 0.0
9.49899799599 0.0
9.51903807615 0.0
9.53907815631 0.0
9.55911823647 0.0
9.57915831663 0.0
9.59919839679 0.0
9.61923847695 0.0
9.63927855711 0.0
9.65931863727 0.0
9.67935871743 0.0
9.6993987976 0.0
9.71943887776 0.0
9.73947895792 0.0
9.75951903808 0.0
9.77955911824 0.0
9.7995991984 0.0
9.81963927856 0.0
9.83967935872 0.0
9.85971943888 0.0
9.87975951904 0.0
9.8997995992 0.0
9.91983967936 0.0
9.93987975952 0.0
9.95991983968 0.0
9.97995991984 0.0
10.0 0.0
